%  columns="iteration, evaluation, fitness, void, void, xrecentbest" (startseed=209166, 2026/02/11 10:36:6.69)
1 11  1.319701712499161772e+02 0 0 1.169800e-01 9.693114e-02 1.076978e-01 9.437500e-02 9.614703e-02 1.296577e-01 1.459674e-01 1.790643e-01 1.057140e-01 1.066349e-01 1.006301e-01 1.003108e-01 4.656177e-02 9.436979e-02 2.809304e-02 1.058139e-01 1.098739e-01 3.670066e-02 5.534244e-02 2.925025e-01 1.103870e-01 8.479020e-02 1.452917e-01 2.972298e-01 8.147525e-02 2.837199e-01 2.512407e-01 1.854502e-01 4.041468e-01 5.371823e-01 
2 21  1.539834434635183129e+02 0 0 1.065244e-01 1.081778e-01 1.145469e-01 7.439114e-02 9.377076e-02 1.111390e-01 1.603266e-01 1.421747e-01 8.244762e-02 1.025500e-01 9.466133e-02 1.006251e-01 5.243603e-02 8.864114e-02 3.566773e-02 1.056793e-01 1.136293e-01 4.698459e-02 6.270351e-02 2.628891e-01 1.032643e-01 7.598277e-02 1.320852e-01 3.096054e-01 8.142580e-02 3.597795e-01 2.110871e-01 1.588318e-01 5.124698e-01 5.321454e-01 
3 31  1.390845999632877579e+02 0 0 9.792413e-02 1.052374e-01 1.122684e-01 7.762678e-02 1.128407e-01 1.130017e-01 1.254731e-01 1.556528e-01 1.008062e-01 1.150215e-01 1.197862e-01 8.365003e-02 5.612933e-02 9.739576e-02 3.191369e-02 8.398043e-02 1.199479e-01 4.488690e-02 5.500984e-02 2.641869e-01 8.462898e-02 6.718428e-02 1.767795e-01 3.127137e-01 7.870787e-02 3.045835e-01 2.201056e-01 1.695875e-01 4.409466e-01 4.847455e-01 
4 41  1.385052263150606109e+02 0 0 9.765248e-02 9.248913e-02 1.063297e-01 7.652658e-02 1.060653e-01 1.133949e-01 1.367754e-01 1.689985e-01 1.158534e-01 1.105123e-01 9.406374e-02 8.859440e-02 5.170470e-02 1.021151e-01 2.755246e-02 9.204784e-02 1.291918e-01 5.637794e-02 5.230611e-02 3.010407e-01 9.328644e-02 8.175763e-02 1.581233e-01 2.589094e-01 8.109864e-02 3.316530e-01 2.370377e-01 2.052347e-01 4.197857e-01 5.328706e-01 
5 51  1.249049325826889003e+02 0 0 8.371198e-02 9.502925e-02 1.163789e-01 7.165528e-02 1.132080e-01 9.650808e-02 1.391578e-01 1.629763e-01 1.119724e-01 9.105866e-02 1.036207e-01 9.215874e-02 5.234537e-02 1.039370e-01 2.967921e-02 8.137243e-02 1.228518e-01 4.956566e-02 5.076836e-02 3.014649e-01 6.946792e-02 7.945505e-02 1.529757e-01 3.058037e-01 8.516366e-02 3.371019e-01 2.364403e-01 1.723432e-01 4.435795e-01 6.025888e-01 
6 61  1.096589433538127309e+02 0 0 9.168060e-02 9.675688e-02 1.070690e-01 8.246347e-02 1.228817e-01 9.454254e-02 1.261491e-01 1.538852e-01 9.684441e-02 1.146078e-01 1.086532e-01 8.998448e-02 5.423689e-02 1.045381e-01 3.016603e-02 8.141231e-02 1.321179e-01 5.169070e-02 5.625815e-02 3.168934e-01 6.971983e-02 8.835447e-02 1.373484e-01 3.239220e-01 9.662039e-02 3.014935e-01 2.260977e-01 1.812554e-01 4.319702e-01 4.612698e-01 
7 71  1.256326621776676262e+02 0 0 9.807028e-02 8.472597e-02 1.174153e-01 8.499784e-02 1.131096e-01 9.972593e-02 1.104572e-01 1.546401e-01 1.095106e-01 9.554512e-02 1.235830e-01 1.033758e-01 5.749382e-02 1.000509e-01 2.741371e-02 8.286121e-02 1.150322e-01 4.448672e-02 4.851528e-02 3.106373e-01 8.390695e-02 9.053631e-02 1.506971e-01 2.978709e-01 9.282737e-02 3.268702e-01 2.285915e-01 2.025220e-01 4.945691e-01 4.867896e-01 
8 81  1.228095380657952234e+02 0 0 8.815844e-02 9.049406e-02 1.175469e-01 7.630036e-02 1.259777e-01 9.820821e-02 1.397695e-01 1.700816e-01 1.018670e-01 8.615731e-02 1.224411e-01 1.038937e-01 5.324816e-02 9.910733e-02 2.544604e-02 8.319076e-02 1.286531e-01 4.751500e-02 5.867458e-02 3.241236e-01 7.282445e-02 8.261896e-02 1.426138e-01 3.185891e-01 1.060451e-01 3.202487e-01 2.269012e-01 1.807032e-01 5.486150e-01 6.010317e-01 
9 91  1.048098805764412305e+02 0 0 8.296491e-02 9.193797e-02 1.001974e-01 8.283895e-02 1.070410e-01 9.349307e-02 1.121104e-01 1.517399e-01 1.077376e-01 8.999213e-02 1.143262e-01 9.538212e-02 4.795153e-02 9.115730e-02 2.823189e-02 9.622506e-02 1.262961e-01 4.594457e-02 5.718824e-02 3.184252e-01 6.880103e-02 8.628592e-02 1.486327e-01 3.234999e-01 8.629277e-02 3.122242e-01 2.191281e-01 1.977279e-01 5.197111e-01 6.325186e-01 
10 101  1.133191448576746865e+02 0 0 7.682413e-02 9.867350e-02 9.926971e-02 7.947379e-02 1.145452e-01 9.992739e-02 1.414689e-01 1.519275e-01 9.467608e-02 9.784170e-02 1.189974e-01 9.139291e-02 5.539948e-02 9.195245e-02 2.815624e-02 7.340546e-02 1.255853e-01 5.050011e-02 6.219612e-02 3.181426e-01 8.404154e-02 8.474778e-02 1.428113e-01 3.642416e-01 9.610079e-02 3.349912e-01 2.084103e-01 1.887389e-01 5.045702e-01 6.548371e-01 
11 111  1.289577565084682647e+02 0 0 7.898637e-02 9.583908e-02 1.009552e-01 8.288134e-02 1.105233e-01 9.671013e-02 1.203601e-01 1.456747e-01 9.540857e-02 8.151878e-02 1.257567e-01 8.709303e-02 4.917787e-02 9.608712e-02 2.896975e-02 7.924798e-02 1.199532e-01 4.909404e-02 6.576136e-02 3.291066e-01 8.140344e-02 8.029188e-02 1.554407e-01 2.910572e-01 9.326308e-02 3.259977e-01 2.447495e-01 1.938959e-01 5.939155e-01 5.665183e-01 
12 121  1.207450288183394065e+02 0 0 7.864567e-02 1.117690e-01 1.141086e-01 8.141022e-02 1.039029e-01 9.859338e-02 1.303224e-01 1.463871e-01 1.038577e-01 9.406576e-02 1.134369e-01 8.856346e-02 5.315737e-02 9.945674e-02 2.847925e-02 8.747059e-02 1.110126e-01 5.282712e-02 6.469808e-02 3.079310e-01 8.698266e-02 8.677022e-02 1.443293e-01 3.069827e-01 9.005176e-02 3.481488e-01 2.314837e-01 1.818256e-01 5.256227e-01 6.217648e-01 
13 131  1.061798226716723974e+02 0 0 8.416959e-02 9.971853e-02 1.225574e-01 8.500859e-02 1.067871e-01 1.032217e-01 1.212659e-01 1.297294e-01 1.016448e-01 9.981023e-02 1.024420e-01 7.794298e-02 5.581637e-02 9.231426e-02 2.685593e-02 8.646745e-02 1.048893e-01 4.956168e-02 7.468561e-02 3.079717e-01 8.038266e-02 7.500024e-02 1.489591e-01 2.828704e-01 9.955315e-02 3.664133e-01 2.159031e-01 2.135944e-01 5.121843e-01 6.543987e-01 
14 141  1.114726342716227094e+02 0 0 7.287717e-02 9.352123e-02 1.205288e-01 9.617017e-02 1.009224e-01 1.025176e-01 1.283014e-01 1.275358e-01 1.052146e-01 1.055794e-01 1.130831e-01 8.313121e-02 4.996138e-02 1.003592e-01 2.779318e-02 7.726712e-02 1.221723e-01 4.926062e-02 7.126584e-02 2.957960e-01 6.011238e-02 7.483829e-02 1.358965e-01 2.987760e-01 8.857131e-02 3.130461e-01 2.383659e-01 2.003115e-01 5.695727e-01 6.149736e-01 
15 151  1.188505820133520388e+02 0 0 6.892152e-02 8.513495e-02 1.205255e-01 8.181916e-02 1.027224e-01 1.108550e-01 1.100125e-01 1.533108e-01 9.708340e-02 9.651990e-02 1.037684e-01 7.326512e-02 5.148567e-02 8.908007e-02 2.910049e-02 8.951523e-02 1.235575e-01 4.655918e-02 8.037540e-02 3.060266e-01 7.760438e-02 7.664141e-02 1.402571e-01 3.521541e-01 8.764690e-02 3.573529e-01 2.141523e-01 1.921716e-01 5.249516e-01 6.231896e-01 
16 161  1.070311744586055340e+02 0 0 8.088766e-02 8.922290e-02 9.001907e-02 8.165610e-02 9.211886e-02 1.266959e-01 1.326067e-01 1.489003e-01 1.029356e-01 9.259276e-02 1.176043e-01 7.794602e-02 4.895120e-02 8.672642e-02 2.389527e-02 8.303437e-02 1.085440e-01 4.433278e-02 6.906148e-02 3.245115e-01 7.258691e-02 7.338422e-02 1.661523e-01 3.035388e-01 8.310580e-02 3.618439e-01 2.279363e-01 2.213566e-01 5.286805e-01 6.810336e-01 
17 171  1.086997114249118255e+02 0 0 8.429162e-02 9.136691e-02 9.626061e-02 7.963272e-02 9.572889e-02 1.283866e-01 1.150828e-01 1.452342e-01 1.036565e-01 8.505076e-02 1.252704e-01 7.164304e-02 4.280717e-02 9.395084e-02 2.603281e-02 7.746312e-02 1.249080e-01 4.366969e-02 7.307445e-02 3.286685e-01 7.579427e-02 8.199241e-02 1.580548e-01 3.284428e-01 8.792129e-02 3.446270e-01 2.369187e-01 2.339122e-01 5.122572e-01 6.540727e-01 
18 181  1.160809546154317786e+02 0 0 8.825738e-02 8.448887e-02 9.016540e-02 8.498831e-02 1.023182e-01 1.272358e-01 1.242630e-01 1.600013e-01 9.494475e-02 7.243398e-02 1.144105e-01 7.815127e-02 4.461774e-02 9.049523e-02 2.693726e-02 7.034166e-02 1.169453e-01 4.466067e-02 7.047123e-02 3.222993e-01 7.272667e-02 8.813479e-02 1.433456e-01 3.155405e-01 9.540914e-02 3.207170e-01 2.451280e-01 2.120087e-01 5.275174e-01 5.903334e-01 
19 191  1.095854472066674816e+02 0 0 9.698964e-02 8.310521e-02 1.160449e-01 8.446876e-02 8.857956e-02 1.178173e-01 1.293065e-01 1.485599e-01 1.035135e-01 8.489111e-02 1.230215e-01 7.773615e-02 4.389134e-02 8.815377e-02 2.322655e-02 8.382537e-02 1.320782e-01 4.893692e-02 6.533822e-02 3.282898e-01 7.448989e-02 7.183807e-02 1.538638e-01 3.133678e-01 8.093127e-02 3.220083e-01 2.472470e-01 2.186812e-01 5.241759e-01 5.668525e-01 
20 201  1.144055298500127833e+02 0 0 9.466055e-02 8.927045e-02 1.203564e-01 8.556872e-02 8.685842e-02 1.195571e-01 1.255660e-01 1.344697e-01 9.759338e-02 9.668047e-02 1.300525e-01 7.391691e-02 4.687075e-02 8.968730e-02 2.450361e-02 8.400633e-02 1.306795e-01 4.469560e-02 7.179231e-02 3.055535e-01 7.535943e-02 7.223835e-02 1.485365e-01 3.088608e-01 8.723442e-02 3.358961e-01 2.478071e-01 2.118771e-01 5.370038e-01 6.298309e-01 
21 211  1.008911543263593984e+02 0 0 9.520271e-02 7.719102e-02 1.240656e-01 7.839195e-02 8.954753e-02 1.248871e-01 1.246179e-01 1.229612e-01 1.005220e-01 8.683731e-02 1.243884e-01 7.723768e-02 3.995214e-02 7.337028e-02 2.930849e-02 8.047496e-02 1.513014e-01 5.145537e-02 7.619065e-02 3.256328e-01 7.162315e-02 7.048908e-02 1.379710e-01 3.135824e-01 8.665252e-02 3.606384e-01 2.373410e-01 2.098332e-01 5.412531e-01 6.028439e-01 
22 221  1.103101886546363630e+02 0 0 9.145121e-02 9.389348e-02 1.145142e-01 7.405566e-02 9.330650e-02 1.119412e-01 1.443621e-01 1.328110e-01 9.729099e-02 8.229489e-02 1.243265e-01 7.163732e-02 4.421020e-02 8.651840e-02 2.762769e-02 7.530958e-02 1.464197e-01 5.137984e-02 7.880074e-02 3.246265e-01 7.716845e-02 6.920273e-02 1.461697e-01 3.163686e-01 9.400085e-02 3.574065e-01 2.450047e-01 2.078802e-01 5.340039e-01 5.860986e-01 
23 231  1.060448358455383300e+02 0 0 8.895301e-02 8.534229e-02 1.193698e-01 7.330152e-02 9.654585e-02 1.056184e-01 1.310727e-01 1.231213e-01 1.061849e-01 8.336561e-02 1.340560e-01 6.852492e-02 4.653281e-02 7.493518e-02 2.900617e-02 7.198190e-02 1.449312e-01 5.053061e-02 7.472866e-02 3.416619e-01 8.289250e-02 7.474460e-02 1.478134e-01 3.258460e-01 9.966624e-02 3.463167e-01 2.227237e-01 1.940014e-01 5.495371e-01 5.753908e-01 
24 241  1.004236161083501742e+02 0 0 8.442101e-02 9.155158e-02 1.295441e-01 7.335320e-02 8.410607e-02 1.278589e-01 1.184804e-01 1.360270e-01 9.736338e-02 8.213441e-02 1.223674e-01 6.940599e-02 4.372952e-02 7.906334e-02 2.813823e-02 8.094933e-02 1.443558e-01 5.117745e-02 7.649728e-02 3.356023e-01 7.832178e-02 7.430816e-02 1.308662e-01 3.230223e-01 1.000163e-01 3.455420e-01 2.375326e-01 1.961358e-01 4.915750e-01 5.246642e-01 
25 251  9.409338316847558303e+01 0 0 9.396426e-02 9.557052e-02 1.299630e-01 7.855416e-02 9.206073e-02 1.128075e-01 1.092894e-01 1.212731e-01 8.968593e-02 7.735455e-02 1.378015e-01 7.809690e-02 4.606674e-02 8.064777e-02 2.863390e-02 8.237443e-02 1.358789e-01 5.825267e-02 8.014582e-02 3.390752e-01 8.655876e-02 7.120621e-02 1.381795e-01 3.320534e-01 9.514513e-02 3.655316e-01 2.322673e-01 2.141590e-01 5.279912e-01 5.269125e-01 
26 261  8.792862931157827688e+01 0 0 8.241006e-02 9.397425e-02 1.467821e-01 8.164280e-02 9.649621e-02 1.183731e-01 1.050121e-01 1.248931e-01 9.212757e-02 7.904791e-02 1.348435e-01 6.873330e-02 4.440456e-02 8.875421e-02 3.167814e-02 9.674495e-02 1.396638e-01 5.539942e-02 8.289597e-02 3.185809e-01 8.080432e-02 6.812549e-02 1.371772e-01 3.191165e-01 9.416510e-02 3.357071e-01 2.246857e-01 1.818314e-01 5.460298e-01 5.346776e-01 
27 271  1.087270462054579809e+02 0 0 7.366623e-02 1.031609e-01 1.357713e-01 8.775464e-02 9.612024e-02 1.135281e-01 1.031499e-01 1.035926e-01 9.013870e-02 7.439754e-02 1.353074e-01 7.335861e-02 4.721255e-02 9.280292e-02 2.759398e-02 9.172702e-02 1.468395e-01 5.364786e-02 8.530558e-02 3.144690e-01 8.423921e-02 6.439134e-02 1.413238e-01 3.421073e-01 1.110407e-01 3.496717e-01 2.357253e-01 1.976057e-01 5.537858e-01 5.594941e-01 
28 281  1.090618553229436856e+02 0 0 9.009669e-02 1.009291e-01 1.341145e-01 8.277978e-02 9.529166e-02 1.130220e-01 1.081284e-01 1.295567e-01 8.997839e-02 8.771348e-02 1.257884e-01 6.186541e-02 4.321622e-02 9.018862e-02 2.870049e-02 9.390027e-02 1.455946e-01 4.987984e-02 8.123643e-02 3.091435e-01 7.954050e-02 7.016035e-02 1.270726e-01 3.648380e-01 9.700987e-02 3.377308e-01 2.289825e-01 1.975204e-01 5.290744e-01 5.007895e-01 
29 291  1.154629907785302692e+02 0 0 8.921178e-02 9.285994e-02 1.380160e-01 8.215457e-02 1.078185e-01 1.108204e-01 1.087359e-01 1.296198e-01 9.563627e-02 7.934728e-02 1.344577e-01 5.364614e-02 4.502413e-02 8.368439e-02 3.223686e-02 9.018543e-02 1.525642e-01 5.352271e-02 8.911922e-02 2.998125e-01 8.927266e-02 6.645616e-02 1.404546e-01 3.535352e-01 9.250665e-02 3.330525e-01 2.316784e-01 1.825506e-01 5.963334e-01 5.033005e-01 
30 301  1.029857491647798469e+02 0 0 8.375859e-02 1.007784e-01 1.111187e-01 7.706432e-02 9.219005e-02 1.151429e-01 1.156944e-01 1.168695e-01 9.470139e-02 8.907837e-02 1.315558e-01 6.296560e-02 4.551480e-02 9.067305e-02 3.006831e-02 8.002489e-02 1.550748e-01 5.518287e-02 8.585416e-02 2.967028e-01 7.525278e-02 6.570857e-02 1.390359e-01 3.472490e-01 1.028947e-01 3.353874e-01 2.373856e-01 1.838966e-01 6.086251e-01 4.769870e-01 
31 311  1.020382042783480330e+02 0 0 8.502322e-02 8.986872e-02 1.294074e-01 8.283663e-02 9.090987e-02 1.081601e-01 1.407442e-01 9.342449e-02 8.850533e-02 8.801882e-02 1.299735e-01 5.984501e-02 5.178355e-02 9.133808e-02 3.209753e-02 8.664550e-02 1.519745e-01 5.018115e-02 8.264527e-02 3.198633e-01 8.201794e-02 6.619588e-02 1.315587e-01 3.412947e-01 1.076839e-01 3.630042e-01 2.283670e-01 2.013267e-01 6.303145e-01 4.971403e-01 
32 321  1.008933731833123773e+02 0 0 8.410305e-02 9.990560e-02 1.266136e-01 7.520997e-02 8.847485e-02 1.038584e-01 1.269645e-01 1.138391e-01 9.249961e-02 8.847207e-02 1.327682e-01 6.429312e-02 4.863840e-02 8.668775e-02 3.162093e-02 8.779353e-02 1.482216e-01 4.870237e-02 9.302579e-02 3.099928e-01 7.764702e-02 7.279372e-02 1.227434e-01 3.336255e-01 1.090162e-01 3.332429e-01 2.346031e-01 2.012237e-01 5.369563e-01 5.189732e-01 
33 331  1.087578588619523146e+02 0 0 7.984406e-02 8.394363e-02 1.190654e-01 7.853294e-02 9.403679e-02 1.133686e-01 1.163613e-01 1.211965e-01 9.389901e-02 9.492027e-02 1.274643e-01 6.691050e-02 4.897877e-02 8.802177e-02 2.904207e-02 8.650678e-02 1.429250e-01 4.843254e-02 7.854303e-02 2.995763e-01 6.935725e-02 7.231887e-02 1.320874e-01 2.976838e-01 1.041841e-01 3.402785e-01 2.410424e-01 2.056219e-01 6.055793e-01 5.135125e-01 
34 341  9.484715168478804515e+01 0 0 8.304002e-02 8.422043e-02 1.267590e-01 7.724690e-02 8.568708e-02 1.101460e-01 1.447438e-01 1.080052e-01 8.729256e-02 8.928669e-02 1.374229e-01 6.070049e-02 4.400700e-02 8.685729e-02 2.986155e-02 8.042652e-02 1.237798e-01 5.410007e-02 8.453338e-02 3.130157e-01 7.525663e-02 7.441951e-02 1.404402e-01 3.363491e-01 1.002479e-01 3.534485e-01 2.275682e-01 1.976237e-01 5.821695e-01 4.666725e-01 
35 351  9.066143633569238602e+01 0 0 7.608630e-02 8.471155e-02 1.234656e-01 8.126357e-02 9.058555e-02 1.038486e-01 1.337016e-01 1.225181e-01 9.397993e-02 8.350445e-02 1.210149e-01 6.646340e-02 4.481806e-02 8.634251e-02 2.791187e-02 9.149876e-02 1.384604e-01 5.266558e-02 7.776125e-02 3.280367e-01 7.762697e-02 7.264992e-02 1.464582e-01 3.034810e-01 1.012171e-01 3.399336e-01 2.305098e-01 2.117114e-01 5.366851e-01 5.437145e-01 
36 361  9.754801241200858897e+01 0 0 7.777989e-02 8.199565e-02 1.174784e-01 8.759784e-02 8.627778e-02 1.105850e-01 1.307629e-01 1.213373e-01 9.964729e-02 9.075553e-02 1.258676e-01 6.220081e-02 5.002447e-02 7.729305e-02 2.911167e-02 9.352943e-02 1.346755e-01 5.300282e-02 7.690188e-02 2.892275e-01 6.448641e-02 7.295584e-02 1.405517e-01 2.911830e-01 1.025514e-01 3.270762e-01 2.297957e-01 2.232571e-01 5.529140e-01 5.486777e-01 
37 371  9.041382305013918597e+01 0 0 7.905271e-02 8.536781e-02 1.132975e-01 8.208161e-02 8.744957e-02 1.131193e-01 1.453310e-01 1.132342e-01 9.410056e-02 8.466560e-02 1.301321e-01 6.569973e-02 4.651716e-02 7.603638e-02 2.892579e-02 9.109715e-02 1.303385e-01 4.796695e-02 8.360580e-02 3.145458e-01 7.124196e-02 6.785903e-02 1.275713e-01 3.179059e-01 1.063042e-01 3.199941e-01 2.275621e-01 2.236455e-01 5.537151e-01 5.632048e-01 
38 381  9.207500765149180211e+01 0 0 8.054101e-02 9.306393e-02 1.275078e-01 8.359715e-02 7.914074e-02 1.167406e-01 1.516940e-01 1.279484e-01 9.703155e-02 8.210632e-02 1.239165e-01 6.922047e-02 4.742212e-02 8.130077e-02 3.241338e-02 9.132971e-02 1.280907e-01 5.123929e-02 7.955382e-02 3.068611e-01 7.396530e-02 7.060241e-02 1.346116e-01 3.095642e-01 9.757801e-02 3.396754e-01 2.229915e-01 2.167703e-01 5.106948e-01 5.719463e-01 
39 391  8.925962059928168912e+01 0 0 7.651376e-02 9.082585e-02 1.232040e-01 8.726326e-02 8.566749e-02 1.183300e-01 1.387620e-01 1.127562e-01 9.548933e-02 8.794178e-02 1.330512e-01 6.703498e-02 4.622223e-02 7.765385e-02 2.935297e-02 9.692567e-02 1.396313e-01 4.896439e-02 8.180569e-02 2.975331e-01 6.920397e-02 6.520437e-02 1.272617e-01 3.006519e-01 1.026224e-01 3.618066e-01 2.232733e-01 2.220886e-01 5.656914e-01 5.823641e-01 
40 401  8.995930060661031291e+01 0 0 8.528106e-02 8.995878e-02 1.185458e-01 8.975281e-02 8.340964e-02 1.126985e-01 1.444889e-01 1.088287e-01 8.337821e-02 8.080549e-02 1.279145e-01 7.239068e-02 4.963453e-02 7.541234e-02 3.029385e-02 9.593855e-02 1.350915e-01 5.070020e-02 8.474730e-02 2.962128e-01 7.288662e-02 6.937179e-02 1.349333e-01 3.234939e-01 1.054711e-01 3.331739e-01 2.384391e-01 2.334098e-01 5.713023e-01 6.161754e-01 
41 411  9.521112133253379284e+01 0 0 7.701240e-02 9.055825e-02 1.198918e-01 8.507528e-02 8.962907e-02 1.169414e-01 1.409843e-01 1.191085e-01 9.076353e-02 7.326605e-02 1.247486e-01 7.023675e-02 4.934694e-02 7.475702e-02 2.969775e-02 9.129200e-02 1.422197e-01 5.053413e-02 8.415697e-02 3.161711e-01 7.595339e-02 7.193615e-02 1.477416e-01 3.102680e-01 9.665834e-02 3.445146e-01 2.338390e-01 2.281317e-01 5.697444e-01 5.842144e-01 
42 421  1.020672241585792364e+02 0 0 7.945768e-02 9.290127e-02 1.170926e-01 9.083706e-02 8.510934e-02 1.157343e-01 1.462253e-01 1.149115e-01 8.768701e-02 8.120097e-02 1.192043e-01 6.597422e-02 5.187919e-02 7.985891e-02 3.245716e-02 9.391525e-02 1.253033e-01 4.833781e-02 7.981563e-02 3.077335e-01 6.921997e-02 6.991384e-02 1.351658e-01 2.995306e-01 1.127900e-01 3.563713e-01 2.294339e-01 2.442771e-01 5.140560e-01 6.022851e-01 
43 431  9.238791159446559220e+01 0 0 8.970664e-02 8.437256e-02 1.240041e-01 8.274628e-02 7.958927e-02 1.170074e-01 1.494304e-01 1.198050e-01 8.690504e-02 8.322979e-02 1.252238e-01 6.759885e-02 4.875335e-02 7.859675e-02 2.944698e-02 8.969100e-02 1.242437e-01 4.959432e-02 8.024500e-02 3.104132e-01 7.128498e-02 7.081478e-02 1.303709e-01 3.116943e-01 1.069958e-01 3.690407e-01 2.333797e-01 2.372877e-01 5.319585e-01 5.668180e-01 
44 441  9.903175507140640832e+01 0 0 8.907647e-02 9.351397e-02 1.238920e-01 8.811092e-02 8.746121e-02 1.196573e-01 1.503797e-01 1.265385e-01 9.115337e-02 7.905736e-02 1.181977e-01 6.876091e-02 4.855277e-02 7.573079e-02 2.897917e-02 9.059870e-02 1.326827e-01 5.036018e-02 8.038169e-02 3.321139e-01 7.496325e-02 6.864740e-02 1.382555e-01 3.221538e-01 1.095821e-01 3.538741e-01 2.380908e-01 2.352894e-01 5.731032e-01 5.850003e-01 
45 451  1.033007631568238054e+02 0 0 8.507839e-02 9.619958e-02 1.276154e-01 8.841830e-02 8.611429e-02 1.082675e-01 1.423488e-01 1.131139e-01 9.732916e-02 7.858393e-02 1.173698e-01 7.154297e-02 5.001852e-02 7.614524e-02 2.941046e-02 8.444669e-02 1.201816e-01 4.945574e-02 7.994507e-02 3.379266e-01 7.705326e-02 7.369658e-02 1.382480e-01 3.127169e-01 1.187715e-01 3.513884e-01 2.376704e-01 2.453923e-01 5.916772e-01 5.749386e-01 
46 461  1.004214311814015161e+02 0 0 8.197867e-02 8.783816e-02 1.291243e-01 9.114210e-02 9.075750e-02 1.195966e-01 1.470328e-01 1.202725e-01 9.355655e-02 8.442948e-02 1.158211e-01 7.040333e-02 5.060644e-02 7.325696e-02 2.966776e-02 8.950409e-02 1.203545e-01 5.114293e-02 7.857119e-02 3.402261e-01 7.775838e-02 7.162885e-02 1.471784e-01 3.118804e-01 1.201462e-01 3.424033e-01 2.340142e-01 2.261412e-01 5.839336e-01 6.503819e-01 
47 471  9.626067489797664223e+01 0 0 7.717714e-02 8.303806e-02 1.290948e-01 9.030045e-02 9.248464e-02 1.157338e-01 1.561397e-01 1.243256e-01 9.645758e-02 7.933937e-02 1.105081e-01 6.680165e-02 4.793349e-02 7.429081e-02 2.869042e-02 9.000245e-02 1.258192e-01 5.138188e-02 8.042813e-02 3.413299e-01 7.665318e-02 7.290269e-02 1.479916e-01 3.054022e-01 1.161636e-01 3.598835e-01 2.385746e-01 2.428992e-01 5.916050e-01 6.012322e-01 
48 481  9.037314718928529089e+01 0 0 8.061349e-02 8.073090e-02 1.362523e-01 9.076874e-02 9.605716e-02 1.053778e-01 1.515728e-01 1.210431e-01 9.991073e-02 7.969466e-02 1.010016e-01 6.390551e-02 4.873874e-02 7.105674e-02 2.928782e-02 8.835818e-02 1.296171e-01 5.038480e-02 8.279956e-02 3.281920e-01 7.949644e-02 7.197042e-02 1.404156e-01 3.099946e-01 1.171809e-01 3.465262e-01 2.339379e-01 2.257322e-01 5.640317e-01 5.997518e-01 
49 491  9.389025677823515537e+01 0 0 7.393466e-02 8.846335e-02 1.369977e-01 8.899578e-02 9.446567e-02 1.101222e-01 1.498655e-01 1.232211e-01 9.755705e-02 8.007976e-02 1.089232e-01 6.726766e-02 4.817198e-02 7.117465e-02 2.912224e-02 9.126810e-02 1.262617e-01 4.914865e-02 8.179809e-02 3.326352e-01 7.460358e-02 6.785466e-02 1.482262e-01 3.067880e-01 1.232394e-01 3.513084e-01 2.230500e-01 2.384192e-01 5.540327e-01 6.179130e-01 
50 501  9.942830253012040487e+01 0 0 8.312152e-02 8.991448e-02 1.296876e-01 8.855261e-02 9.637995e-02 1.068437e-01 1.448547e-01 1.216501e-01 1.025412e-01 8.433055e-02 1.096127e-01 5.943099e-02 4.834327e-02 7.374738e-02 3.086610e-02 8.974106e-02 1.237697e-01 5.127854e-02 7.789418e-02 3.423459e-01 8.094098e-02 7.020219e-02 1.383850e-01 3.087787e-01 1.138999e-01 3.724354e-01 2.302716e-01 2.435032e-01 5.900932e-01 6.268532e-01 
51 511  1.013773383379593156e+02 0 0 8.375294e-02 8.573313e-02 1.304637e-01 8.850600e-02 9.598290e-02 1.163583e-01 1.391642e-01 1.275687e-01 1.049661e-01 8.225420e-02 1.097281e-01 6.498733e-02 5.239546e-02 7.039046e-02 3.094259e-02 8.596734e-02 1.239676e-01 4.996108e-02 7.596699e-02 3.482146e-01 7.967923e-02 7.013294e-02 1.411020e-01 3.074437e-01 1.191219e-01 3.724902e-01 2.172852e-01 2.349860e-01 5.959230e-01 5.990760e-01 
52 521  9.951579390368701183e+01 0 0 7.894389e-02 8.904205e-02 1.328153e-01 8.101958e-02 9.776931e-02 1.126139e-01 1.300858e-01 1.265121e-01 1.025479e-01 8.616899e-02 1.093508e-01 6.821560e-02 4.955595e-02 7.811839e-02 3.010190e-02 8.951921e-02 1.216612e-01 5.061926e-02 7.180843e-02 3.310194e-01 7.618541e-02 6.730372e-02 1.431972e-01 3.029477e-01 1.196467e-01 3.743410e-01 2.304744e-01 2.391578e-01 6.118471e-01 6.093657e-01 
53 531  9.862873375304637591e+01 0 0 8.625302e-02 8.924898e-02 1.334180e-01 8.652962e-02 1.005980e-01 1.079056e-01 1.371286e-01 1.328792e-01 1.048404e-01 8.842820e-02 1.040150e-01 6.800118e-02 5.277257e-02 7.379163e-02 2.780786e-02 8.496185e-02 1.204973e-01 4.797520e-02 7.294220e-02 3.408848e-01 7.588748e-02 7.062181e-02 1.388851e-01 3.130472e-01 1.114215e-01 3.712008e-01 2.335792e-01 2.435269e-01 5.892736e-01 6.271455e-01 
54 541  9.833270753134870290e+01 0 0 8.829055e-02 8.735225e-02 1.273690e-01 8.718681e-02 9.586751e-02 1.127522e-01 1.394104e-01 1.430010e-01 1.043180e-01 9.369671e-02 1.035345e-01 6.818566e-02 5.246030e-02 7.392541e-02 3.023803e-02 8.741734e-02 1.221322e-01 4.710043e-02 7.231922e-02 3.530672e-01 7.292028e-02 6.923792e-02 1.311211e-01 2.969933e-01 1.098833e-01 3.679426e-01 2.302930e-01 2.420160e-01 5.730294e-01 6.216406e-01 
55 551  1.062604384344654420e+02 0 0 9.301058e-02 8.286235e-02 1.244939e-01 9.038374e-02 1.016750e-01 1.186335e-01 1.421546e-01 1.334611e-01 1.039819e-01 9.602969e-02 1.011276e-01 6.674249e-02 5.226734e-02 7.878250e-02 2.842367e-02 9.525251e-02 1.192739e-01 4.886685e-02 7.440219e-02 3.440936e-01 7.452419e-02 7.192367e-02 1.241315e-01 2.984311e-01 1.158702e-01 3.726861e-01 2.234507e-01 2.465930e-01 5.412236e-01 6.155507e-01 
56 561  9.487080246245834303e+01 0 0 8.493294e-02 8.327729e-02 1.198712e-01 9.095622e-02 1.012932e-01 1.122174e-01 1.449255e-01 1.465138e-01 1.047621e-01 9.434117e-02 1.001584e-01 6.477371e-02 5.236315e-02 7.293612e-02 2.800989e-02 8.694554e-02 1.173378e-01 4.840178e-02 7.205661e-02 3.283685e-01 7.324773e-02 6.605009e-02 1.277957e-01 3.017261e-01 1.145926e-01 3.668425e-01 2.191581e-01 2.371825e-01 5.780612e-01 6.288588e-01 
57 571  1.034124150715573620e+02 0 0 8.949693e-02 7.585936e-02 1.218863e-01 9.042903e-02 9.466787e-02 1.128114e-01 1.420509e-01 1.406045e-01 1.046935e-01 9.166052e-02 1.031902e-01 6.404597e-02 5.335320e-02 7.866764e-02 2.860767e-02 8.529284e-02 1.087295e-01 4.911303e-02 7.767884e-02 3.353010e-01 6.977721e-02 7.149234e-02 1.287493e-01 3.028067e-01 1.100130e-01 3.609163e-01 2.165915e-01 2.385792e-01 5.665827e-01 6.260479e-01 
58 581  8.620866589350900711e+01 0 0 9.188049e-02 7.561538e-02 1.199628e-01 8.193992e-02 8.798579e-02 1.093660e-01 1.459194e-01 1.379678e-01 9.737665e-02 9.732771e-02 9.927666e-02 6.273538e-02 5.403009e-02 8.728848e-02 2.813504e-02 8.376358e-02 1.220892e-01 4.946863e-02 7.418058e-02 3.367028e-01 6.977178e-02 7.074856e-02 1.247104e-01 3.049328e-01 1.114827e-01 3.570356e-01 2.236676e-01 2.262083e-01 5.768795e-01 6.390599e-01 
59 591  9.398234834024749773e+01 0 0 8.926023e-02 6.929172e-02 1.210153e-01 8.208374e-02 9.648572e-02 1.099763e-01 1.464019e-01 1.333243e-01 9.785126e-02 8.960020e-02 9.570509e-02 6.767914e-02 5.618527e-02 8.647138e-02 2.983344e-02 8.502558e-02 1.192323e-01 5.119880e-02 7.639025e-02 3.485854e-01 6.924206e-02 6.697808e-02 1.216073e-01 2.956942e-01 1.153939e-01 3.638041e-01 2.144255e-01 2.243226e-01 5.718039e-01 6.323670e-01 
60 601  8.629102932340022392e+01 0 0 9.262816e-02 7.819992e-02 1.245486e-01 8.440346e-02 9.849448e-02 1.113972e-01 1.500105e-01 1.421598e-01 1.036296e-01 9.886163e-02 9.305341e-02 6.880893e-02 5.244106e-02 8.204250e-02 3.080739e-02 9.205064e-02 1.204175e-01 5.064973e-02 8.008762e-02 3.356803e-01 6.954091e-02 6.026734e-02 1.239786e-01 2.955604e-01 1.115234e-01 3.347199e-01 2.244224e-01 2.332320e-01 6.039614e-01 6.526379e-01 
61 611  8.729683085290747613e+01 0 0 9.086356e-02 7.524170e-02 1.201190e-01 8.406727e-02 9.341763e-02 1.040563e-01 1.564565e-01 1.363314e-01 9.887135e-02 8.985704e-02 9.763767e-02 6.742002e-02 5.542063e-02 8.669832e-02 2.967954e-02 8.496890e-02 1.124162e-01 4.729377e-02 7.463983e-02 3.243437e-01 6.631170e-02 6.304556e-02 1.252904e-01 3.034677e-01 1.149604e-01 3.376006e-01 2.284371e-01 2.274959e-01 5.726717e-01 6.140128e-01 
62 621  8.764937525040632238e+01 0 0 8.859186e-02 7.971966e-02 1.172966e-01 8.741939e-02 9.592271e-02 1.050512e-01 1.438838e-01 1.306357e-01 9.811941e-02 9.505568e-02 1.021486e-01 6.829258e-02 5.326472e-02 8.324504e-02 3.132048e-02 8.664436e-02 1.187127e-01 5.141439e-02 7.310510e-02 3.257213e-01 6.675062e-02 6.283508e-02 1.312990e-01 2.995173e-01 1.113962e-01 3.427322e-01 2.125653e-01 2.110929e-01 5.700288e-01 6.127996e-01 
63 631  8.396440542153055731e+01 0 0 8.645957e-02 8.239859e-02 1.161208e-01 7.946700e-02 9.564375e-02 1.082709e-01 1.415351e-01 1.293774e-01 9.561527e-02 9.404164e-02 1.042333e-01 6.302675e-02 5.288802e-02 8.008567e-02 2.929290e-02 8.267209e-02 1.180233e-01 5.449826e-02 7.898872e-02 3.403611e-01 6.934599e-02 5.906146e-02 1.225903e-01 3.093862e-01 1.134383e-01 3.423469e-01 2.229801e-01 2.052155e-01 5.721434e-01 6.351350e-01 
64 641  8.541615431690254923e+01 0 0 9.043799e-02 7.944593e-02 1.145956e-01 7.593024e-02 9.483472e-02 1.019592e-01 1.421033e-01 1.263817e-01 9.228142e-02 9.282450e-02 9.305487e-02 6.495260e-02 5.555623e-02 7.947143e-02 2.935937e-02 8.602362e-02 1.234541e-01 5.471196e-02 7.866437e-02 3.309064e-01 6.734393e-02 6.174440e-02 1.232982e-01 3.195660e-01 1.219981e-01 3.369121e-01 2.191050e-01 2.098792e-01 5.351572e-01 6.176625e-01 
65 651  8.747957393217879485e+01 0 0 8.151532e-02 7.834855e-02 1.147412e-01 8.219719e-02 9.358016e-02 1.056008e-01 1.393723e-01 1.241943e-01 9.449662e-02 9.344158e-02 9.603285e-02 6.381415e-02 5.194117e-02 7.871532e-02 2.879034e-02 8.435930e-02 1.278257e-01 5.275634e-02 7.988156e-02 3.273435e-01 6.339242e-02 6.163177e-02 1.224114e-01 3.289649e-01 1.127375e-01 3.491736e-01 2.234475e-01 2.112012e-01 5.749049e-01 6.203296e-01 
66 661  8.247338373400447153e+01 0 0 7.592649e-02 7.636575e-02 1.121818e-01 7.965578e-02 8.772230e-02 1.064267e-01 1.528599e-01 1.290691e-01 9.459723e-02 9.640807e-02 8.859754e-02 6.104692e-02 5.312666e-02 7.673452e-02 2.993635e-02 8.783678e-02 1.217775e-01 5.156767e-02 8.033638e-02 3.238917e-01 6.694362e-02 6.291320e-02 1.196035e-01 3.022246e-01 1.157503e-01 3.304202e-01 2.185458e-01 2.237947e-01 5.407797e-01 6.204737e-01 
67 671  7.389744853029085903e+01 0 0 8.655643e-02 8.651153e-02 1.171355e-01 7.858865e-02 9.157863e-02 9.892633e-02 1.366851e-01 1.265537e-01 9.605137e-02 9.790210e-02 9.758861e-02 6.394648e-02 5.360597e-02 8.257024e-02 3.071166e-02 8.699249e-02 1.229800e-01 5.013161e-02 7.750872e-02 3.368320e-01 6.790378e-02 5.847799e-02 1.211409e-01 3.058897e-01 1.180489e-01 3.450169e-01 2.160116e-01 2.158022e-01 5.401598e-01 6.189870e-01 
68 681  8.014830736516815080e+01 0 0 8.073320e-02 8.527851e-02 1.160534e-01 7.737577e-02 9.599973e-02 9.548647e-02 1.355664e-01 1.229826e-01 9.757878e-02 9.880419e-02 9.628573e-02 6.339661e-02 5.446564e-02 8.006300e-02 3.063120e-02 9.231353e-02 1.201375e-01 5.130036e-02 7.958512e-02 3.245704e-01 7.178194e-02 6.321328e-02 1.207838e-01 2.935255e-01 1.183949e-01 3.407673e-01 2.230835e-01 2.189619e-01 5.284184e-01 6.367546e-01 
69 691  7.970864186044082089e+01 0 0 8.276029e-02 8.869088e-02 1.129181e-01 8.098548e-02 9.128644e-02 1.025006e-01 1.438464e-01 1.264303e-01 9.776081e-02 9.293942e-02 9.768554e-02 6.568314e-02 5.705698e-02 8.105479e-02 3.204930e-02 9.001030e-02 1.240047e-01 5.200679e-02 8.131613e-02 3.307438e-01 6.880190e-02 6.292894e-02 1.167089e-01 3.063760e-01 1.136918e-01 3.450139e-01 2.283474e-01 2.244624e-01 5.340041e-01 6.303982e-01 
70 701  7.689563839545974133e+01 0 0 9.005660e-02 8.527694e-02 1.118313e-01 8.262584e-02 9.290625e-02 1.035793e-01 1.350153e-01 1.249116e-01 9.955217e-02 1.008935e-01 9.650517e-02 6.587687e-02 5.534301e-02 8.255728e-02 3.093035e-02 9.012220e-02 1.247168e-01 5.311400e-02 8.055130e-02 3.337974e-01 7.156496e-02 6.518344e-02 1.207299e-01 3.135602e-01 1.143913e-01 3.462849e-01 2.232723e-01 2.066664e-01 5.548116e-01 6.423754e-01 
71 711  7.767547533801820236e+01 0 0 8.376132e-02 9.179323e-02 1.144910e-01 8.157470e-02 9.280372e-02 1.053723e-01 1.441001e-01 1.217919e-01 9.736464e-02 9.740679e-02 9.353703e-02 6.907083e-02 5.740977e-02 7.945701e-02 3.190756e-02 9.170376e-02 1.224094e-01 5.363962e-02 7.855880e-02 3.396711e-01 6.721874e-02 6.163053e-02 1.155971e-01 3.073139e-01 1.133942e-01 3.318157e-01 2.205516e-01 2.160373e-01 5.410342e-01 6.058374e-01 
72 721  7.919915303493273484e+01 0 0 8.980845e-02 8.933029e-02 1.112289e-01 8.287017e-02 9.330557e-02 1.002095e-01 1.357530e-01 1.277227e-01 1.007478e-01 9.445947e-02 8.758560e-02 6.976546e-02 5.688984e-02 8.463104e-02 3.001005e-02 9.745984e-02 1.131448e-01 5.267868e-02 7.523374e-02 3.326758e-01 6.694936e-02 6.625755e-02 1.186762e-01 3.074307e-01 1.190526e-01 3.596093e-01 2.170494e-01 2.254091e-01 5.582908e-01 6.186055e-01 
73 731  8.398536217287882266e+01 0 0 8.517475e-02 8.471731e-02 1.073643e-01 8.096632e-02 9.119431e-02 1.065235e-01 1.431162e-01 1.245150e-01 1.006490e-01 9.949590e-02 8.731863e-02 6.943883e-02 5.633445e-02 8.615658e-02 3.088652e-02 8.924113e-02 1.198357e-01 5.280741e-02 7.649699e-02 3.423779e-01 6.956083e-02 6.391578e-02 1.178598e-01 3.145897e-01 1.166747e-01 3.494781e-01 2.180372e-01 2.250144e-01 5.594950e-01 6.151472e-01 
74 741  8.313810482681641645e+01 0 0 8.918707e-02 8.847668e-02 1.135012e-01 8.065753e-02 9.330219e-02 1.041734e-01 1.412001e-01 1.172727e-01 9.808789e-02 9.560607e-02 8.510135e-02 6.752729e-02 5.614427e-02 8.586185e-02 3.055081e-02 8.793690e-02 1.260741e-01 5.476835e-02 7.875119e-02 3.456595e-01 6.904306e-02 6.405050e-02 1.205936e-01 2.990507e-01 1.214172e-01 3.549911e-01 2.145767e-01 2.140479e-01 5.523760e-01 6.055812e-01 
75 751  8.229001839592481815e+01 0 0 8.978608e-02 9.061341e-02 1.221799e-01 8.377653e-02 9.394008e-02 1.047258e-01 1.451769e-01 1.275598e-01 1.037017e-01 9.838498e-02 8.775292e-02 6.827172e-02 5.826370e-02 8.674354e-02 2.897334e-02 8.633119e-02 1.214373e-01 5.256893e-02 7.320721e-02 3.360715e-01 7.204227e-02 6.820540e-02 1.153954e-01 3.037071e-01 1.196073e-01 3.483370e-01 2.152820e-01 2.108836e-01 5.681555e-01 5.884471e-01 
76 761  8.300389166695721599e+01 0 0 8.973210e-02 8.947093e-02 1.154200e-01 8.207681e-02 8.927779e-02 9.952760e-02 1.378161e-01 1.229472e-01 9.997232e-02 1.056692e-01 8.502883e-02 6.894784e-02 5.707503e-02 8.771685e-02 3.135151e-02 9.156111e-02 1.220533e-01 5.464600e-02 7.487689e-02 3.464789e-01 7.058615e-02 6.758627e-02 1.120591e-01 3.076388e-01 1.242123e-01 3.559229e-01 2.163166e-01 2.079802e-01 5.277623e-01 6.278457e-01 
77 771  8.339768554836521730e+01 0 0 8.506245e-02 8.659819e-02 1.153416e-01 7.826347e-02 8.665343e-02 1.037373e-01 1.424569e-01 1.195211e-01 1.029867e-01 1.022106e-01 9.141452e-02 7.356247e-02 5.664885e-02 8.639627e-02 3.190237e-02 8.560926e-02 1.173140e-01 5.365843e-02 7.771899e-02 3.409980e-01 6.868587e-02 6.920547e-02 1.113517e-01 2.991522e-01 1.221482e-01 3.585545e-01 2.123043e-01 2.142926e-01 5.291500e-01 5.825244e-01 
78 781  7.903797348076358276e+01 0 0 8.443830e-02 8.572631e-02 1.169609e-01 7.620129e-02 8.768596e-02 1.076787e-01 1.457667e-01 1.183928e-01 9.921595e-02 1.037538e-01 8.728892e-02 7.399591e-02 5.681102e-02 8.432337e-02 3.028370e-02 8.774402e-02 1.171128e-01 5.687732e-02 7.869649e-02 3.350241e-01 7.069778e-02 6.594159e-02 1.113306e-01 3.135466e-01 1.193321e-01 3.502884e-01 2.148753e-01 2.163744e-01 5.553259e-01 6.094209e-01 
79 791  8.066631215993879778e+01 0 0 8.676428e-02 8.373637e-02 1.188152e-01 7.590653e-02 9.179611e-02 1.053635e-01 1.452928e-01 1.240516e-01 1.003663e-01 1.034417e-01 9.078283e-02 7.217683e-02 5.758315e-02 8.284552e-02 3.090289e-02 9.015167e-02 1.213248e-01 5.664374e-02 7.449768e-02 3.388347e-01 7.296020e-02 6.706166e-02 1.100804e-01 3.158677e-01 1.196790e-01 3.375256e-01 2.125060e-01 2.177186e-01 5.412434e-01 5.934383e-01 
80 801  7.767818095644068421e+01 0 0 9.021518e-02 8.451089e-02 1.197997e-01 7.500370e-02 9.057183e-02 1.014967e-01 1.441731e-01 1.264344e-01 1.008430e-01 1.048875e-01 9.302112e-02 7.228666e-02 5.682595e-02 8.347358e-02 2.939728e-02 9.056768e-02 1.188609e-01 5.620456e-02 7.766620e-02 3.418169e-01 7.034505e-02 6.542173e-02 1.059133e-01 3.090221e-01 1.195641e-01 3.449028e-01 2.138476e-01 2.153742e-01 5.527727e-01 5.816753e-01 
81 811  7.704140369708899527e+01 0 0 8.935040e-02 8.052425e-02 1.175876e-01 7.797789e-02 8.895491e-02 1.097461e-01 1.432032e-01 1.242844e-01 9.853761e-02 9.842236e-02 8.680725e-02 7.393130e-02 5.718228e-02 8.213567e-02 3.078674e-02 9.299990e-02 1.233129e-01 5.928848e-02 7.662243e-02 3.238964e-01 7.254669e-02 6.304919e-02 1.095596e-01 3.072148e-01 1.198777e-01 3.391528e-01 2.160079e-01 2.166564e-01 5.643511e-01 6.147503e-01 
82 821  7.613692902437314558e+01 0 0 8.672006e-02 8.836475e-02 1.195001e-01 7.691043e-02 9.280310e-02 1.007761e-01 1.489388e-01 1.252551e-01 9.763714e-02 1.037901e-01 9.268785e-02 7.527065e-02 5.584137e-02 8.191950e-02 3.135331e-02 9.322302e-02 1.234134e-01 5.521116e-02 7.991230e-02 3.357924e-01 7.444137e-02 6.182697e-02 1.091255e-01 3.117045e-01 1.197856e-01 3.489814e-01 2.182737e-01 2.267852e-01 5.538033e-01 6.073517e-01 
83 831  7.653063207250234257e+01 0 0 8.172277e-02 8.558430e-02 1.200158e-01 7.966207e-02 9.142060e-02 9.904136e-02 1.489032e-01 1.305614e-01 9.805767e-02 1.008498e-01 8.827058e-02 7.231921e-02 5.687695e-02 7.690520e-02 3.067213e-02 8.974893e-02 1.230150e-01 5.404284e-02 7.763386e-02 3.353890e-01 6.998962e-02 6.418267e-02 1.097842e-01 3.151903e-01 1.178054e-01 3.363584e-01 2.150036e-01 2.269202e-01 5.545804e-01 6.168761e-01 
84 841  7.771756352957392266e+01 0 0 8.918922e-02 8.816192e-02 1.200970e-01 7.808196e-02 9.330398e-02 1.038819e-01 1.519678e-01 1.278631e-01 9.766703e-02 1.028974e-01 8.977268e-02 7.548079e-02 5.508487e-02 8.304791e-02 2.990363e-02 9.310525e-02 1.237865e-01 5.585383e-02 7.568479e-02 3.283561e-01 7.383123e-02 6.170430e-02 1.121721e-01 3.141003e-01 1.213509e-01 3.445963e-01 2.222035e-01 2.264054e-01 5.549781e-01 6.263104e-01 
85 851  7.979422981627942590e+01 0 0 8.440950e-02 8.630156e-02 1.236764e-01 8.057570e-02 8.916094e-02 1.038578e-01 1.539992e-01 1.206723e-01 9.819509e-02 1.039526e-01 8.999278e-02 7.898999e-02 5.582609e-02 7.696641e-02 2.969400e-02 9.192010e-02 1.247356e-01 5.551935e-02 7.649864e-02 3.299248e-01 7.371295e-02 6.533246e-02 1.145231e-01 3.089036e-01 1.232162e-01 3.526019e-01 2.185765e-01 2.308620e-01 5.351736e-01 6.072928e-01 
86 861  7.738442752566430727e+01 0 0 8.754095e-02 8.771389e-02 1.267448e-01 7.406472e-02 9.108871e-02 1.045201e-01 1.558615e-01 1.274316e-01 9.781730e-02 1.059670e-01 9.033541e-02 7.768235e-02 5.663102e-02 7.838956e-02 3.036449e-02 9.082464e-02 1.198293e-01 5.841049e-02 7.526259e-02 3.357860e-01 7.637578e-02 6.670145e-02 1.107575e-01 3.109147e-01 1.248000e-01 3.434780e-01 2.157662e-01 2.277071e-01 5.268040e-01 6.024277e-01 
87 871  7.849772185652200562e+01 0 0 8.902254e-02 8.814975e-02 1.234499e-01 7.454839e-02 9.158973e-02 1.031337e-01 1.590485e-01 1.210908e-01 9.981580e-02 1.035436e-01 9.109813e-02 7.579475e-02 5.724608e-02 7.947633e-02 3.097506e-02 9.360476e-02 1.184477e-01 5.798517e-02 7.430439e-02 3.359925e-01 7.571164e-02 6.456547e-02 1.140617e-01 3.025187e-01 1.239186e-01 3.374105e-01 2.123903e-01 2.271804e-01 5.152715e-01 6.060062e-01 
88 881  7.582299946179510641e+01 0 0 9.087143e-02 8.713408e-02 1.240837e-01 7.391769e-02 9.501032e-02 1.040634e-01 1.546019e-01 1.208018e-01 9.889572e-02 1.059142e-01 9.009688e-02 7.596499e-02 5.705235e-02 8.136807e-02 3.089047e-02 9.010516e-02 1.278593e-01 5.913666e-02 7.541852e-02 3.353305e-01 7.455056e-02 6.305938e-02 1.096439e-01 3.089545e-01 1.230900e-01 3.336656e-01 2.135088e-01 2.203038e-01 5.243467e-01 5.872485e-01 
89 891  7.714628140376134979e+01 0 0 9.225654e-02 8.666210e-02 1.272306e-01 7.633019e-02 9.477237e-02 1.056772e-01 1.547079e-01 1.219623e-01 9.787382e-02 1.032027e-01 8.778649e-02 7.312120e-02 5.617286e-02 7.849419e-02 3.010079e-02 9.602246e-02 1.237320e-01 5.857323e-02 7.306073e-02 3.378025e-01 7.607480e-02 6.435997e-02 1.153433e-01 3.060327e-01 1.259846e-01 3.219797e-01 2.196862e-01 2.229630e-01 5.178998e-01 6.130026e-01 
90 901  7.600526959702884255e+01 0 0 9.040320e-02 8.588398e-02 1.189605e-01 7.641258e-02 9.380849e-02 1.045262e-01 1.575542e-01 1.239304e-01 9.825774e-02 1.014484e-01 9.147203e-02 7.252259e-02 5.725214e-02 8.041580e-02 3.109406e-02 9.555110e-02 1.208468e-01 5.839246e-02 7.491316e-02 3.329469e-01 7.708603e-02 6.235293e-02 1.099048e-01 3.062717e-01 1.271172e-01 3.299264e-01 2.184174e-01 2.222809e-01 4.971918e-01 6.119965e-01 
91 911  7.677569998945179464e+01 0 0 9.084810e-02 8.479060e-02 1.236765e-01 7.782361e-02 9.378027e-02 9.891681e-02 1.543855e-01 1.191165e-01 9.724305e-02 1.032542e-01 9.256248e-02 7.303962e-02 5.674792e-02 7.815909e-02 3.020512e-02 9.511652e-02 1.256029e-01 5.690160e-02 7.288984e-02 3.346651e-01 7.644800e-02 6.268435e-02 1.174806e-01 2.961409e-01 1.217236e-01 3.254819e-01 2.166194e-01 2.320512e-01 5.013365e-01 6.016617e-01 
92 921  7.588848673016430268e+01 0 0 8.903673e-02 8.596593e-02 1.215785e-01 8.176708e-02 9.262861e-02 1.033951e-01 1.600954e-01 1.187950e-01 9.574269e-02 1.016338e-01 8.971151e-02 6.991907e-02 5.803705e-02 7.779261e-02 3.123878e-02 9.466292e-02 1.283229e-01 5.578509e-02 7.503577e-02 3.363096e-01 7.372248e-02 6.308407e-02 1.153567e-01 3.046016e-01 1.194627e-01 3.260624e-01 2.227782e-01 2.311534e-01 4.980756e-01 5.928895e-01 
93 931  7.694341807574406289e+01 0 0 9.321936e-02 8.778221e-02 1.201959e-01 7.895660e-02 9.080626e-02 1.015563e-01 1.612762e-01 1.170389e-01 9.660561e-02 1.032070e-01 8.974724e-02 7.195176e-02 5.761951e-02 7.722266e-02 3.065804e-02 9.201236e-02 1.275100e-01 5.407523e-02 7.458143e-02 3.366968e-01 7.383754e-02 6.180181e-02 1.180113e-01 2.978371e-01 1.214090e-01 3.201612e-01 2.274993e-01 2.257917e-01 4.989524e-01 5.870546e-01 
94 941  7.817970704417038519e+01 0 0 9.015498e-02 8.658369e-02 1.191321e-01 7.753164e-02 9.685637e-02 1.018929e-01 1.572937e-01 1.205028e-01 9.552341e-02 1.063940e-01 8.715874e-02 7.320973e-02 5.539000e-02 7.723411e-02 3.045522e-02 9.017882e-02 1.246417e-01 5.577117e-02 7.665215e-02 3.430110e-01 7.027357e-02 6.639610e-02 1.222901e-01 3.005118e-01 1.224077e-01 3.186449e-01 2.251333e-01 2.293133e-01 5.056996e-01 5.927573e-01 
95 951  7.603642586333944564e+01 0 0 8.914165e-02 8.185876e-02 1.180208e-01 7.751603e-02 9.394478e-02 1.035582e-01 1.597675e-01 1.197951e-01 9.668370e-02 1.066093e-01 8.869048e-02 7.140358e-02 5.624074e-02 7.568622e-02 3.152595e-02 9.366581e-02 1.291223e-01 5.521776e-02 7.803775e-02 3.310381e-01 6.972343e-02 6.195843e-02 1.186195e-01 3.085946e-01 1.261428e-01 3.236718e-01 2.204691e-01 2.225957e-01 5.084170e-01 5.741545e-01 
96 961  7.635597373175869507e+01 0 0 8.817014e-02 8.641299e-02 1.169509e-01 7.588097e-02 9.254809e-02 9.622537e-02 1.586305e-01 1.204120e-01 9.620062e-02 1.038314e-01 8.905071e-02 7.501584e-02 5.678437e-02 7.418983e-02 3.030448e-02 9.416414e-02 1.243381e-01 5.559715e-02 7.664533e-02 3.303836e-01 7.059000e-02 6.504619e-02 1.178727e-01 3.032216e-01 1.230479e-01 3.151932e-01 2.284754e-01 2.272123e-01 5.234090e-01 5.863152e-01 
97 971  7.539524081293286883e+01 0 0 8.824705e-02 8.843305e-02 1.154728e-01 7.857819e-02 9.304581e-02 1.023089e-01 1.570358e-01 1.230394e-01 9.676014e-02 1.062943e-01 9.012656e-02 7.412858e-02 5.513110e-02 7.454098e-02 3.041536e-02 8.963435e-02 1.256196e-01 5.284937e-02 7.521111e-02 3.385198e-01 7.155169e-02 6.597715e-02 1.163256e-01 3.024448e-01 1.200878e-01 3.235131e-01 2.263087e-01 2.304054e-01 5.348634e-01 5.835039e-01 
98 981  7.612968647223920016e+01 0 0 9.240838e-02 8.419546e-02 1.162704e-01 7.828785e-02 9.690374e-02 1.001816e-01 1.531667e-01 1.215757e-01 9.593000e-02 1.057117e-01 9.161344e-02 7.402088e-02 5.592442e-02 7.465739e-02 3.051666e-02 9.192094e-02 1.279416e-01 5.461687e-02 7.447202e-02 3.292605e-01 7.450323e-02 6.599816e-02 1.231385e-01 3.133882e-01 1.199951e-01 3.273455e-01 2.256522e-01 2.303025e-01 5.345027e-01 5.682868e-01 
99 991  7.647699960448220224e+01 0 0 9.208451e-02 8.427712e-02 1.131506e-01 7.754887e-02 9.427057e-02 9.613505e-02 1.586331e-01 1.186254e-01 9.611834e-02 1.028377e-01 9.192781e-02 7.421792e-02 5.468539e-02 7.413246e-02 3.112509e-02 8.984815e-02 1.281344e-01 5.528153e-02 7.478358e-02 3.320880e-01 7.369531e-02 6.346152e-02 1.219720e-01 3.066083e-01 1.209494e-01 3.262380e-01 2.306626e-01 2.328905e-01 5.166306e-01 5.705751e-01 
100 1001  7.450055568274623852e+01 0 0 9.177748e-02 8.593320e-02 1.170226e-01 7.960803e-02 9.165401e-02 9.864945e-02 1.526860e-01 1.210655e-01 9.471424e-02 1.035010e-01 9.304220e-02 7.362286e-02 5.353846e-02 7.673418e-02 3.094023e-02 9.091730e-02 1.294083e-01 5.389812e-02 7.693323e-02 3.343614e-01 7.370339e-02 6.360381e-02 1.213921e-01 3.132297e-01 1.198344e-01 3.236428e-01 2.258501e-01 2.299034e-01 5.194571e-01 5.635792e-01 
101 1011  7.523627280182205368e+01 0 0 8.939419e-02 8.596812e-02 1.111581e-01 7.938592e-02 9.119692e-02 9.513238e-02 1.565148e-01 1.200096e-01 9.577763e-02 1.061676e-01 8.750110e-02 7.462367e-02 5.460755e-02 7.345595e-02 3.205252e-02 9.032606e-02 1.276037e-01 5.499495e-02 7.496414e-02 3.337188e-01 7.363578e-02 6.332068e-02 1.106716e-01 3.038078e-01 1.216846e-01 3.292988e-01 2.185887e-01 2.287981e-01 5.280531e-01 5.833209e-01 
102 1021  7.832285635983181749e+01 0 0 9.005622e-02 8.282642e-02 1.154326e-01 7.841627e-02 9.413274e-02 9.579039e-02 1.570480e-01 1.235967e-01 9.663969e-02 1.035089e-01 8.877813e-02 7.162348e-02 5.444937e-02 7.472365e-02 3.225357e-02 8.879946e-02 1.270945e-01 5.388499e-02 7.514933e-02 3.315460e-01 7.196647e-02 6.273250e-02 1.178267e-01 3.081936e-01 1.246806e-01 3.178518e-01 2.248826e-01 2.187172e-01 5.225284e-01 5.751994e-01 
103 1031  7.646289300756392038e+01 0 0 8.864388e-02 8.712426e-02 1.143501e-01 8.134235e-02 9.428993e-02 9.778404e-02 1.530590e-01 1.177360e-01 9.595353e-02 1.029529e-01 9.220915e-02 7.333802e-02 5.436076e-02 7.388046e-02 3.141985e-02 9.333576e-02 1.279674e-01 5.372516e-02 7.472884e-02 3.318435e-01 7.203085e-02 6.211623e-02 1.217416e-01 3.031124e-01 1.271163e-01 3.275658e-01 2.242802e-01 2.263668e-01 5.297638e-01 5.709471e-01 
104 1041  7.536001970798726290e+01 0 0 9.084934e-02 8.558262e-02 1.176446e-01 8.223849e-02 9.251334e-02 9.534806e-02 1.498155e-01 1.170653e-01 9.563226e-02 1.016833e-01 9.488461e-02 7.314095e-02 5.377858e-02 7.525438e-02 3.061057e-02 9.226311e-02 1.271592e-01 5.344891e-02 7.542777e-02 3.309023e-01 7.057965e-02 6.261659e-02 1.235995e-01 3.090279e-01 1.238707e-01 3.239478e-01 2.220065e-01 2.219253e-01 5.364809e-01 5.854381e-01 
105 1051  7.243132463821358158e+01 0 0 9.034979e-02 8.295570e-02 1.134308e-01 8.118295e-02 9.333681e-02 9.210618e-02 1.496036e-01 1.188485e-01 9.621573e-02 1.048235e-01 9.276793e-02 7.413951e-02 5.325714e-02 7.615799e-02 3.033563e-02 9.093780e-02 1.250032e-01 5.259745e-02 7.617193e-02 3.361185e-01 7.187216e-02 6.327676e-02 1.221151e-01 3.068498e-01 1.227908e-01 3.288519e-01 2.173636e-01 2.259315e-01 5.417366e-01 5.749057e-01 
106 1061  7.233069984567620736e+01 0 0 9.111235e-02 8.334136e-02 1.165331e-01 8.106994e-02 9.352868e-02 9.584637e-02 1.492740e-01 1.182573e-01 9.606372e-02 1.018945e-01 9.457511e-02 7.235958e-02 5.307151e-02 7.467827e-02 3.020257e-02 9.276363e-02 1.285918e-01 5.241288e-02 7.664476e-02 3.393980e-01 7.240029e-02 6.257034e-02 1.219367e-01 3.089785e-01 1.213157e-01 3.325374e-01 2.154478e-01 2.247015e-01 5.316988e-01 5.768296e-01 
107 1071  7.515795541387709022e+01 0 0 9.332150e-02 8.405398e-02 1.161614e-01 8.042211e-02 9.263841e-02 9.505007e-02 1.481567e-01 1.160982e-01 9.547089e-02 1.027612e-01 9.360253e-02 7.337114e-02 5.233699e-02 7.579657e-02 2.993463e-02 9.024322e-02 1.317215e-01 5.202218e-02 7.518428e-02 3.350978e-01 7.466450e-02 6.358574e-02 1.230198e-01 3.106668e-01 1.238954e-01 3.310169e-01 2.204494e-01 2.216759e-01 5.578674e-01 5.759362e-01 
108 1081  7.588696145639912061e+01 0 0 9.020471e-02 8.162610e-02 1.182559e-01 7.781375e-02 9.248333e-02 9.524878e-02 1.489384e-01 1.180599e-01 9.472915e-02 1.035285e-01 9.313179e-02 7.634076e-02 5.357077e-02 7.574027e-02 3.058303e-02 9.188074e-02 1.288702e-01 5.328451e-02 7.597359e-02 3.274389e-01 7.261551e-02 6.321200e-02 1.193898e-01 3.091715e-01 1.231230e-01 3.330574e-01 2.215176e-01 2.271268e-01 5.548343e-01 5.837700e-01 
109 1091  7.454952229658499618e+01 0 0 9.034842e-02 8.218416e-02 1.220948e-01 8.073710e-02 9.324794e-02 9.452666e-02 1.519339e-01 1.210647e-01 9.722685e-02 1.026229e-01 9.246057e-02 7.601045e-02 5.425655e-02 7.718280e-02 3.026183e-02 9.066379e-02 1.276212e-01 5.287547e-02 7.614756e-02 3.328451e-01 7.616907e-02 6.155017e-02 1.199713e-01 3.006139e-01 1.263233e-01 3.322697e-01 2.192597e-01 2.226558e-01 5.598023e-01 5.843304e-01 
110 1101  7.462828141172765584e+01 0 0 8.689072e-02 8.343612e-02 1.213720e-01 8.365945e-02 9.249801e-02 9.260058e-02 1.519257e-01 1.191153e-01 9.749241e-02 1.005037e-01 9.214534e-02 7.649829e-02 5.355354e-02 7.427125e-02 3.105862e-02 9.227363e-02 1.237577e-01 5.166416e-02 7.708725e-02 3.375066e-01 7.564721e-02 6.327466e-02 1.205047e-01 3.047290e-01 1.217858e-01 3.326862e-01 2.205019e-01 2.282322e-01 5.733089e-01 5.932775e-01 
111 1111  7.310673434321397224e+01 0 0 8.875298e-02 8.088368e-02 1.208881e-01 8.194712e-02 9.432513e-02 9.373590e-02 1.494869e-01 1.169600e-01 9.590532e-02 1.026501e-01 9.497335e-02 7.632582e-02 5.242973e-02 7.474178e-02 3.079758e-02 9.297251e-02 1.238416e-01 5.124165e-02 7.737860e-02 3.371115e-01 7.490089e-02 6.374426e-02 1.226251e-01 3.111815e-01 1.224137e-01 3.287689e-01 2.187801e-01 2.284041e-01 5.460596e-01 5.861256e-01 
112 1121  7.425086591075974241e+01 0 0 9.052298e-02 8.016010e-02 1.228167e-01 8.104401e-02 9.305251e-02 9.070473e-02 1.524636e-01 1.145984e-01 9.832123e-02 1.005778e-01 9.661606e-02 7.831374e-02 5.320916e-02 7.544735e-02 3.094062e-02 9.178423e-02 1.230687e-01 5.239337e-02 7.682332e-02 3.382855e-01 7.330233e-02 6.216542e-02 1.203945e-01 3.014751e-01 1.213520e-01 3.296071e-01 2.169280e-01 2.166512e-01 5.525370e-01 5.953870e-01 
113 1131  7.418732134904038844e+01 0 0 9.100316e-02 7.822108e-02 1.231421e-01 8.143035e-02 9.409204e-02 9.236970e-02 1.540762e-01 1.161819e-01 9.743988e-02 9.989013e-02 9.335884e-02 7.573562e-02 5.288749e-02 7.386859e-02 3.090134e-02 9.198333e-02 1.196024e-01 5.217715e-02 7.822744e-02 3.337765e-01 7.397476e-02 6.204415e-02 1.195619e-01 3.005343e-01 1.219763e-01 3.263668e-01 2.177245e-01 2.264697e-01 5.573844e-01 5.976940e-01 
114 1141  7.528727186862815302e+01 0 0 8.974937e-02 8.087650e-02 1.197898e-01 7.932247e-02 9.127377e-02 9.054720e-02 1.518394e-01 1.171957e-01 9.541814e-02 1.029967e-01 9.362710e-02 7.639761e-02 5.326685e-02 7.315437e-02 3.137913e-02 9.196209e-02 1.196828e-01 5.207363e-02 7.802120e-02 3.297058e-01 7.256956e-02 6.290435e-02 1.171926e-01 3.129879e-01 1.223400e-01 3.381667e-01 2.167435e-01 2.184236e-01 5.514748e-01 5.910780e-01 
115 1151  7.681257030449904732e+01 0 0 8.999355e-02 8.053013e-02 1.185667e-01 7.867844e-02 9.349810e-02 9.437777e-02 1.563678e-01 1.207603e-01 9.586482e-02 1.051545e-01 9.282688e-02 7.655595e-02 5.376767e-02 7.523015e-02 2.973002e-02 9.147978e-02 1.222022e-01 5.261330e-02 7.674666e-02 3.334373e-01 7.533455e-02 6.593861e-02 1.175202e-01 3.087651e-01 1.229149e-01 3.335935e-01 2.235391e-01 2.196161e-01 5.468253e-01 5.970839e-01 
116 1161  7.635033603610582986e+01 0 0 8.924190e-02 8.306612e-02 1.206717e-01 8.020693e-02 9.127124e-02 9.401111e-02 1.521930e-01 1.265358e-01 9.747862e-02 1.035910e-01 9.083749e-02 7.728693e-02 5.389475e-02 7.334754e-02 3.105121e-02 9.107105e-02 1.217259e-01 5.252784e-02 7.789263e-02 3.319487e-01 7.506557e-02 6.437898e-02 1.167931e-01 3.061786e-01 1.226738e-01 3.333778e-01 2.222844e-01 2.197250e-01 5.426638e-01 6.040459e-01 
117 1171  7.550936654279610138e+01 0 0 8.843498e-02 8.462741e-02 1.174163e-01 7.849208e-02 9.366744e-02 9.446046e-02 1.533441e-01 1.238506e-01 9.723238e-02 1.068189e-01 9.257391e-02 7.910138e-02 5.418242e-02 7.360441e-02 3.033670e-02 9.006272e-02 1.239176e-01 5.290275e-02 7.743643e-02 3.295405e-01 7.517872e-02 6.455455e-02 1.174882e-01 3.078627e-01 1.218631e-01 3.322113e-01 2.204035e-01 2.195450e-01 5.428695e-01 6.139318e-01 
118 1181  7.574043019522511599e+01 0 0 9.079763e-02 8.495951e-02 1.193279e-01 8.209763e-02 9.180926e-02 9.628495e-02 1.543109e-01 1.266112e-01 9.797216e-02 1.045472e-01 9.154918e-02 7.735810e-02 5.277653e-02 6.964990e-02 3.090967e-02 8.925534e-02 1.235552e-01 5.166791e-02 7.779260e-02 3.293378e-01 7.480044e-02 6.400069e-02 1.164882e-01 3.058980e-01 1.237276e-01 3.322275e-01 2.190041e-01 2.208009e-01 5.532716e-01 6.085571e-01 
119 1191  7.476890119242327160e+01 0 0 8.973454e-02 8.401389e-02 1.165007e-01 8.071493e-02 9.250995e-02 9.643851e-02 1.562473e-01 1.231440e-01 9.646972e-02 1.072683e-01 9.322322e-02 7.675415e-02 5.332124e-02 7.092094e-02 3.142494e-02 8.967358e-02 1.221814e-01 5.185281e-02 7.729660e-02 3.272931e-01 7.371649e-02 6.461072e-02 1.222880e-01 3.076073e-01 1.223033e-01 3.343306e-01 2.167269e-01 2.209899e-01 5.487280e-01 6.020946e-01 
120 1201  7.492372708416446869e+01 0 0 9.111987e-02 8.313825e-02 1.198652e-01 8.103041e-02 9.144981e-02 9.645234e-02 1.550872e-01 1.232807e-01 9.690398e-02 1.047313e-01 9.236576e-02 7.903650e-02 5.362764e-02 7.086512e-02 3.090740e-02 9.143509e-02 1.188161e-01 5.056843e-02 7.546859e-02 3.273823e-01 7.555466e-02 6.490281e-02 1.191504e-01 3.082983e-01 1.211634e-01 3.334686e-01 2.166118e-01 2.165393e-01 5.435698e-01 6.118185e-01 
121 1211  7.369586640020541779e+01 0 0 9.083126e-02 8.413941e-02 1.175614e-01 8.089911e-02 9.331200e-02 9.619584e-02 1.540100e-01 1.179508e-01 9.685329e-02 1.036482e-01 9.590251e-02 7.777516e-02 5.418311e-02 7.284738e-02 3.019583e-02 9.028072e-02 1.194630e-01 5.101473e-02 7.604007e-02 3.289422e-01 7.429301e-02 6.533559e-02 1.216183e-01 3.066341e-01 1.226955e-01 3.294083e-01 2.188903e-01 2.188543e-01 5.504780e-01 6.125007e-01 
122 1221  7.400501367178466694e+01 0 0 9.134260e-02 8.571510e-02 1.207121e-01 8.075391e-02 9.192588e-02 9.603831e-02 1.517666e-01 1.191565e-01 9.531569e-02 1.061011e-01 9.421891e-02 7.727632e-02 5.365915e-02 7.273174e-02 3.143645e-02 9.229601e-02 1.193658e-01 5.140812e-02 7.603717e-02 3.278355e-01 7.568054e-02 6.320447e-02 1.224844e-01 3.038262e-01 1.215697e-01 3.252914e-01 2.197359e-01 2.175665e-01 5.402865e-01 6.058029e-01 
123 1231  7.334634380005587673e+01 0 0 9.031965e-02 8.297449e-02 1.195552e-01 7.917906e-02 9.321559e-02 9.564654e-02 1.544631e-01 1.189515e-01 9.691524e-02 1.032987e-01 9.589932e-02 7.818450e-02 5.196474e-02 7.327404e-02 3.100339e-02 8.998462e-02 1.206333e-01 5.138018e-02 7.539392e-02 3.310974e-01 7.492059e-02 6.422990e-02 1.201977e-01 3.046760e-01 1.216571e-01 3.281731e-01 2.213732e-01 2.220936e-01 5.465028e-01 6.001419e-01 
124 1241  7.354812971294819590e+01 0 0 8.814908e-02 8.634557e-02 1.172454e-01 8.201795e-02 9.208360e-02 9.688096e-02 1.541570e-01 1.197041e-01 9.610978e-02 1.024526e-01 9.493576e-02 7.722080e-02 5.255267e-02 7.302322e-02 3.076858e-02 8.930641e-02 1.193833e-01 5.092621e-02 7.523037e-02 3.319458e-01 7.377988e-02 6.388474e-02 1.211918e-01 3.064806e-01 1.221977e-01 3.290185e-01 2.215758e-01 2.236576e-01 5.548688e-01 5.939996e-01 
125 1251  7.375684960281765257e+01 0 0 8.955244e-02 8.637084e-02 1.183763e-01 8.107746e-02 9.267386e-02 9.606220e-02 1.546939e-01 1.180925e-01 9.688737e-02 1.055821e-01 9.734348e-02 7.838612e-02 5.282140e-02 7.292301e-02 3.079908e-02 9.140055e-02 1.177017e-01 5.214492e-02 7.552339e-02 3.284190e-01 7.451565e-02 6.489664e-02 1.210873e-01 3.013881e-01 1.209704e-01 3.242682e-01 2.185519e-01 2.223490e-01 5.379845e-01 5.988401e-01 
126 1261  7.402363152960697334e+01 0 0 9.124685e-02 8.272572e-02 1.209319e-01 8.145094e-02 9.171871e-02 9.743630e-02 1.529175e-01 1.198682e-01 9.647819e-02 1.055472e-01 9.377918e-02 7.770507e-02 5.275546e-02 7.306981e-02 3.039309e-02 9.130437e-02 1.186031e-01 5.063325e-02 7.692628e-02 3.318623e-01 7.397393e-02 6.575390e-02 1.195039e-01 3.016534e-01 1.218462e-01 3.267558e-01 2.204498e-01 2.208007e-01 5.393329e-01 6.141197e-01 
127 1271  7.291145837314880396e+01 0 0 8.984653e-02 8.260541e-02 1.191889e-01 8.078861e-02 9.161895e-02 9.651959e-02 1.531029e-01 1.209792e-01 9.755506e-02 1.045684e-01 9.479265e-02 7.796851e-02 5.282014e-02 7.263570e-02 3.037885e-02 8.990130e-02 1.161646e-01 5.115091e-02 7.658388e-02 3.327696e-01 7.515432e-02 6.526240e-02 1.189353e-01 3.054852e-01 1.203705e-01 3.261308e-01 2.192248e-01 2.169195e-01 5.430707e-01 6.070879e-01 
128 1281  7.335519247783008723e+01 0 0 8.910673e-02 8.320792e-02 1.198948e-01 8.093297e-02 9.281836e-02 9.585639e-02 1.510305e-01 1.223025e-01 9.658527e-02 1.031084e-01 9.466841e-02 7.786137e-02 5.216588e-02 7.393930e-02 3.077680e-02 9.029655e-02 1.173637e-01 5.171739e-02 7.694133e-02 3.357769e-01 7.505133e-02 6.480762e-02 1.199568e-01 3.036734e-01 1.202785e-01 3.275094e-01 2.180561e-01 2.208145e-01 5.358828e-01 6.156945e-01 
129 1291  7.262727783850048979e+01 0 0 9.133938e-02 8.350011e-02 1.208415e-01 8.102906e-02 9.330420e-02 9.394916e-02 1.520517e-01 1.194587e-01 9.689513e-02 1.041882e-01 9.676737e-02 7.792247e-02 5.341844e-02 7.200661e-02 3.018784e-02 8.967376e-02 1.172766e-01 4.977561e-02 7.513768e-02 3.359918e-01 7.510758e-02 6.644958e-02 1.215376e-01 2.981938e-01 1.193762e-01 3.296087e-01 2.154514e-01 2.174530e-01 5.534225e-01 6.098078e-01 
130 1301  7.283234238010481931e+01 0 0 8.817008e-02 8.314714e-02 1.206220e-01 8.113432e-02 9.151173e-02 9.761028e-02 1.523089e-01 1.212878e-01 9.571519e-02 1.044994e-01 9.849069e-02 7.626753e-02 5.256436e-02 7.225242e-02 3.059019e-02 9.062147e-02 1.194965e-01 4.975122e-02 7.659377e-02 3.338872e-01 7.494746e-02 6.547797e-02 1.242504e-01 3.036577e-01 1.183327e-01 3.284722e-01 2.167176e-01 2.161518e-01 5.504593e-01 6.114933e-01 
131 1311  7.405004487814393599e+01 0 0 8.871473e-02 8.309135e-02 1.207631e-01 8.006968e-02 9.146336e-02 9.596045e-02 1.524352e-01 1.213083e-01 9.703898e-02 1.040817e-01 9.725121e-02 7.696325e-02 5.237508e-02 7.382934e-02 3.107587e-02 8.911875e-02 1.193038e-01 4.988651e-02 7.726512e-02 3.333435e-01 7.475125e-02 6.701060e-02 1.225226e-01 3.004430e-01 1.193052e-01 3.265565e-01 2.187978e-01 2.182628e-01 5.549525e-01 6.069966e-01 
132 1321  7.297551754848697669e+01 0 0 8.976794e-02 8.470362e-02 1.208375e-01 7.945286e-02 9.379638e-02 9.879273e-02 1.519710e-01 1.215494e-01 9.605179e-02 1.045998e-01 9.662674e-02 7.676997e-02 5.238106e-02 7.364858e-02 3.104650e-02 9.008273e-02 1.214704e-01 5.022231e-02 7.659251e-02 3.361297e-01 7.493006e-02 6.697088e-02 1.227396e-01 3.028336e-01 1.202083e-01 3.302249e-01 2.176092e-01 2.200438e-01 5.562757e-01 6.134401e-01 
133 1331  7.290928006050876320e+01 0 0 8.827975e-02 8.394386e-02 1.200089e-01 8.004509e-02 9.462173e-02 9.875689e-02 1.514058e-01 1.194731e-01 9.619465e-02 1.044597e-01 9.810913e-02 7.553613e-02 5.250616e-02 7.314593e-02 3.046319e-02 9.059099e-02 1.203273e-01 5.008356e-02 7.684738e-02 3.390150e-01 7.465704e-02 6.749500e-02 1.236031e-01 3.026928e-01 1.207159e-01 3.270253e-01 2.175306e-01 2.207504e-01 5.608952e-01 6.144113e-01 
134 1341  7.290843786063328480e+01 0 0 8.954036e-02 8.349096e-02 1.177024e-01 8.116242e-02 9.245266e-02 9.936222e-02 1.513129e-01 1.209822e-01 9.586618e-02 1.053876e-01 9.673596e-02 7.605277e-02 5.243229e-02 7.527855e-02 3.075948e-02 9.111617e-02 1.205006e-01 5.086359e-02 7.725632e-02 3.344875e-01 7.487671e-02 6.770884e-02 1.224511e-01 3.017769e-01 1.187810e-01 3.279166e-01 2.175298e-01 2.203877e-01 5.635284e-01 6.084071e-01 
135 1351  7.318650710929358638e+01 0 0 8.819081e-02 8.356820e-02 1.190132e-01 8.046494e-02 9.223421e-02 9.972997e-02 1.509783e-01 1.213226e-01 9.578477e-02 1.044180e-01 9.696478e-02 7.673788e-02 5.273147e-02 7.532670e-02 3.088810e-02 9.192253e-02 1.216618e-01 5.019668e-02 7.744743e-02 3.351684e-01 7.364332e-02 6.592168e-02 1.188920e-01 3.043830e-01 1.183299e-01 3.266323e-01 2.173723e-01 2.176464e-01 5.644741e-01 6.074906e-01 
136 1361  7.248511964090231174e+01 0 0 8.884696e-02 8.345893e-02 1.191422e-01 8.163231e-02 9.301100e-02 9.753722e-02 1.525634e-01 1.208535e-01 9.701953e-02 1.050563e-01 9.837781e-02 7.530502e-02 5.202264e-02 7.488675e-02 3.103338e-02 9.299107e-02 1.215295e-01 5.010477e-02 7.707948e-02 3.344047e-01 7.517233e-02 6.578380e-02 1.220403e-01 3.025700e-01 1.196242e-01 3.286064e-01 2.181669e-01 2.174823e-01 5.613168e-01 6.069188e-01 
137 1371  7.343679074124530359e+01 0 0 8.964655e-02 8.368843e-02 1.189687e-01 8.202412e-02 9.207232e-02 9.886837e-02 1.548043e-01 1.217563e-01 9.786428e-02 1.046091e-01 9.613822e-02 7.557192e-02 5.196665e-02 7.361400e-02 3.118206e-02 9.156648e-02 1.209632e-01 5.048489e-02 7.748067e-02 3.348032e-01 7.492676e-02 6.651227e-02 1.219868e-01 3.046467e-01 1.212331e-01 3.279285e-01 2.190481e-01 2.173968e-01 5.534655e-01 6.082566e-01 
138 1381  7.245681411901477986e+01 0 0 8.873335e-02 8.288974e-02 1.190835e-01 8.125561e-02 9.249382e-02 9.811870e-02 1.542853e-01 1.202473e-01 9.723128e-02 1.058701e-01 9.578281e-02 7.592728e-02 5.237770e-02 7.378711e-02 3.083019e-02 9.133028e-02 1.215721e-01 5.070168e-02 7.831502e-02 3.359787e-01 7.431264e-02 6.642734e-02 1.204959e-01 3.018645e-01 1.207512e-01 3.292220e-01 2.174011e-01 2.187258e-01 5.536537e-01 6.050705e-01 
139 1391  7.203150764801226558e+01 0 0 8.997642e-02 8.495867e-02 1.165637e-01 8.128211e-02 9.254598e-02 9.677344e-02 1.541133e-01 1.196590e-01 9.643915e-02 1.045922e-01 9.505977e-02 7.595178e-02 5.204770e-02 7.360403e-02 3.063572e-02 9.114108e-02 1.200770e-01 5.064521e-02 7.814973e-02 3.386652e-01 7.502629e-02 6.562140e-02 1.221560e-01 3.075086e-01 1.194326e-01 3.260977e-01 2.191674e-01 2.208841e-01 5.540651e-01 6.026491e-01 
140 1401  7.223791004184711539e+01 0 0 8.903849e-02 8.331291e-02 1.162150e-01 8.108328e-02 9.187467e-02 9.781112e-02 1.551619e-01 1.192585e-01 9.589701e-02 1.053085e-01 9.729204e-02 7.732750e-02 5.180116e-02 7.135172e-02 3.068419e-02 9.213685e-02 1.193670e-01 5.078775e-02 7.724964e-02 3.392617e-01 7.547527e-02 6.582389e-02 1.232724e-01 3.080824e-01 1.182999e-01 3.236364e-01 2.194073e-01 2.190789e-01 5.512271e-01 6.036819e-01 
141 1411  7.187282696586224517e+01 0 0 9.037999e-02 8.206272e-02 1.167611e-01 8.140990e-02 9.282737e-02 9.848318e-02 1.548991e-01 1.194489e-01 9.665512e-02 1.054097e-01 9.560793e-02 7.684198e-02 5.225283e-02 7.333141e-02 3.069598e-02 9.171699e-02 1.178657e-01 5.003114e-02 7.661556e-02 3.368854e-01 7.493421e-02 6.658760e-02 1.209882e-01 3.051703e-01 1.194886e-01 3.321156e-01 2.165480e-01 2.208464e-01 5.619798e-01 6.051443e-01 
142 1421  7.152752450332040723e+01 0 0 8.938650e-02 8.240869e-02 1.150810e-01 8.137315e-02 9.161880e-02 9.799252e-02 1.529041e-01 1.188739e-01 9.699619e-02 1.055778e-01 9.717122e-02 7.645568e-02 5.266306e-02 7.483304e-02 3.088356e-02 9.194003e-02 1.187098e-01 5.024529e-02 7.732386e-02 3.376295e-01 7.476659e-02 6.586665e-02 1.200074e-01 3.066576e-01 1.195403e-01 3.288361e-01 2.154051e-01 2.168515e-01 5.671547e-01 6.058915e-01 
143 1431  7.188023616512707292e+01 0 0 8.965893e-02 8.280604e-02 1.164978e-01 8.062438e-02 9.161592e-02 9.801080e-02 1.537531e-01 1.184246e-01 9.641771e-02 1.065100e-01 9.504095e-02 7.726690e-02 5.308584e-02 7.309673e-02 3.046417e-02 9.132950e-02 1.201256e-01 4.986439e-02 7.639834e-02 3.381199e-01 7.462917e-02 6.587604e-02 1.200766e-01 3.068755e-01 1.196188e-01 3.254700e-01 2.167852e-01 2.187304e-01 5.589113e-01 5.990493e-01 
144 1441  7.231410279346295056e+01 0 0 9.031581e-02 8.192270e-02 1.174453e-01 8.016570e-02 9.236920e-02 9.814288e-02 1.535143e-01 1.200317e-01 9.631994e-02 1.063185e-01 9.481178e-02 7.621321e-02 5.252377e-02 7.376659e-02 3.055094e-02 9.191763e-02 1.202713e-01 5.033493e-02 7.660306e-02 3.351236e-01 7.480709e-02 6.605260e-02 1.207365e-01 3.045592e-01 1.189540e-01 3.262519e-01 2.181042e-01 2.181847e-01 5.584821e-01 6.050808e-01 
145 1451  7.163243411024610907e+01 0 0 8.953966e-02 8.279370e-02 1.169885e-01 7.993002e-02 9.231904e-02 9.842155e-02 1.556620e-01 1.206115e-01 9.655249e-02 1.055804e-01 9.453676e-02 7.597586e-02 5.320644e-02 7.419675e-02 3.066110e-02 9.121591e-02 1.193649e-01 4.985298e-02 7.626105e-02 3.351900e-01 7.609784e-02 6.649585e-02 1.217341e-01 3.049145e-01 1.185596e-01 3.252907e-01 2.167338e-01 2.200093e-01 5.542746e-01 6.024721e-01 
146 1461  7.185917733932842566e+01 0 0 8.867684e-02 8.311464e-02 1.169466e-01 8.082091e-02 9.265424e-02 9.875455e-02 1.562390e-01 1.209252e-01 9.676009e-02 1.061917e-01 9.489919e-02 7.590037e-02 5.275145e-02 7.386137e-02 3.047582e-02 9.200761e-02 1.209344e-01 4.988009e-02 7.641434e-02 3.326096e-01 7.625794e-02 6.574843e-02 1.198160e-01 3.043205e-01 1.203817e-01 3.233889e-01 2.186313e-01 2.191280e-01 5.497567e-01 6.009001e-01 
147 1471  7.200862559872763313e+01 0 0 8.949978e-02 8.209880e-02 1.165103e-01 8.058574e-02 9.161511e-02 9.884554e-02 1.538519e-01 1.187375e-01 9.795721e-02 1.055419e-01 9.558536e-02 7.577720e-02 5.256007e-02 7.380688e-02 3.054437e-02 9.091893e-02 1.194641e-01 4.900945e-02 7.647458e-02 3.377704e-01 7.521115e-02 6.616270e-02 1.207426e-01 3.049065e-01 1.193111e-01 3.237637e-01 2.164002e-01 2.178957e-01 5.614521e-01 6.009316e-01 
148 1481  7.199338682167173431e+01 0 0 9.095885e-02 8.308742e-02 1.155178e-01 8.060555e-02 9.173844e-02 9.774143e-02 1.570656e-01 1.173477e-01 9.661234e-02 1.045705e-01 9.507920e-02 7.515956e-02 5.231809e-02 7.208702e-02 3.099162e-02 9.142055e-02 1.189938e-01 4.954133e-02 7.651197e-02 3.343912e-01 7.582048e-02 6.562409e-02 1.202303e-01 3.035937e-01 1.203129e-01 3.250834e-01 2.184776e-01 2.168448e-01 5.559409e-01 6.001185e-01 
149 1491  7.142263213337047034e+01 0 0 8.906664e-02 8.254331e-02 1.148623e-01 8.060542e-02 9.092865e-02 9.752888e-02 1.577564e-01 1.182038e-01 9.683535e-02 1.057971e-01 9.530589e-02 7.640129e-02 5.244689e-02 7.240936e-02 3.068351e-02 9.104948e-02 1.177609e-01 4.931159e-02 7.664106e-02 3.368083e-01 7.554499e-02 6.610360e-02 1.200950e-01 3.029718e-01 1.202916e-01 3.218725e-01 2.173077e-01 2.176062e-01 5.588368e-01 6.045180e-01 
150 1501  7.106246415379753500e+01 0 0 9.035140e-02 8.209410e-02 1.143951e-01 8.040761e-02 9.155073e-02 9.690264e-02 1.577746e-01 1.191082e-01 9.656674e-02 1.053810e-01 9.490308e-02 7.615103e-02 5.211228e-02 7.258153e-02 3.050474e-02 9.089253e-02 1.197520e-01 4.898984e-02 7.701454e-02 3.366830e-01 7.532092e-02 6.537136e-02 1.196648e-01 3.043320e-01 1.214674e-01 3.235459e-01 2.165526e-01 2.183338e-01 5.568344e-01 5.964513e-01 
151 1511  7.071147023002536969e+01 0 0 9.044136e-02 8.230326e-02 1.141901e-01 8.028797e-02 9.160347e-02 9.659611e-02 1.596077e-01 1.178403e-01 9.751984e-02 1.035541e-01 9.419261e-02 7.534829e-02 5.237961e-02 7.200100e-02 3.049682e-02 9.120249e-02 1.192185e-01 4.885049e-02 7.742337e-02 3.398638e-01 7.457666e-02 6.467847e-02 1.202390e-01 3.038961e-01 1.225703e-01 3.215290e-01 2.172914e-01 2.199312e-01 5.577208e-01 5.979464e-01 
152 1521  7.019403938682592070e+01 0 0 8.952632e-02 8.160642e-02 1.135626e-01 8.051598e-02 9.226631e-02 9.712739e-02 1.578244e-01 1.191654e-01 9.658298e-02 1.048123e-01 9.468747e-02 7.576109e-02 5.216890e-02 7.241217e-02 3.045092e-02 9.262983e-02 1.183274e-01 4.876944e-02 7.704563e-02 3.361142e-01 7.378125e-02 6.409549e-02 1.201570e-01 3.037893e-01 1.220446e-01 3.210677e-01 2.174027e-01 2.198428e-01 5.701417e-01 5.979092e-01 
153 1531  7.094778860833690715e+01 0 0 9.010306e-02 8.267192e-02 1.134576e-01 7.940841e-02 9.301854e-02 9.674438e-02 1.597038e-01 1.195559e-01 9.648205e-02 1.037423e-01 9.450086e-02 7.584213e-02 5.221927e-02 7.214863e-02 3.029292e-02 9.198425e-02 1.194777e-01 4.850766e-02 7.787026e-02 3.390273e-01 7.450967e-02 6.427258e-02 1.174175e-01 3.036313e-01 1.220986e-01 3.206555e-01 2.186160e-01 2.180566e-01 5.692968e-01 6.013609e-01 
154 1541  7.106539752791688613e+01 0 0 9.158410e-02 8.222975e-02 1.146819e-01 7.986373e-02 9.257269e-02 9.588955e-02 1.612074e-01 1.199975e-01 9.626832e-02 1.037378e-01 9.468463e-02 7.631312e-02 5.194146e-02 7.230628e-02 3.008636e-02 9.253800e-02 1.189384e-01 4.903546e-02 7.680521e-02 3.413965e-01 7.518286e-02 6.455528e-02 1.190732e-01 3.044589e-01 1.213349e-01 3.214604e-01 2.183650e-01 2.191180e-01 5.690925e-01 5.935570e-01 
155 1551  7.134614657184950204e+01 0 0 9.041272e-02 8.133388e-02 1.155126e-01 8.013232e-02 9.247299e-02 9.765285e-02 1.613532e-01 1.197222e-01 9.678157e-02 1.036388e-01 9.480094e-02 7.531234e-02 5.255849e-02 7.135117e-02 2.977069e-02 9.228253e-02 1.190008e-01 4.783659e-02 7.636233e-02 3.382697e-01 7.536277e-02 6.523913e-02 1.176488e-01 3.041665e-01 1.197834e-01 3.219119e-01 2.179555e-01 2.169830e-01 5.687063e-01 5.970458e-01 
156 1561  7.179881704492507311e+01 0 0 9.133450e-02 8.255156e-02 1.145279e-01 7.995975e-02 9.291099e-02 9.792955e-02 1.607369e-01 1.195662e-01 9.606016e-02 1.040806e-01 9.526979e-02 7.613377e-02 5.248155e-02 7.149228e-02 3.005103e-02 9.219264e-02 1.197965e-01 4.831340e-02 7.683844e-02 3.382900e-01 7.493001e-02 6.458702e-02 1.181176e-01 3.070197e-01 1.202959e-01 3.249529e-01 2.179724e-01 2.177399e-01 5.727161e-01 6.036621e-01 
157 1571  7.099435744453116115e+01 0 0 9.182085e-02 8.184776e-02 1.136450e-01 8.059727e-02 9.309190e-02 9.668648e-02 1.611370e-01 1.173995e-01 9.712853e-02 1.040670e-01 9.443504e-02 7.564965e-02 5.235053e-02 7.108668e-02 2.958983e-02 9.197379e-02 1.203084e-01 4.808976e-02 7.624604e-02 3.384965e-01 7.489704e-02 6.435061e-02 1.198991e-01 3.042930e-01 1.199141e-01 3.228219e-01 2.179333e-01 2.183777e-01 5.663906e-01 5.965830e-01 
158 1581  7.075572622124575162e+01 0 0 9.191425e-02 8.263417e-02 1.143823e-01 8.062265e-02 9.226344e-02 9.742965e-02 1.578422e-01 1.194937e-01 9.668478e-02 1.047830e-01 9.588457e-02 7.541252e-02 5.234629e-02 7.245037e-02 2.988800e-02 9.040798e-02 1.198825e-01 4.805291e-02 7.711759e-02 3.383354e-01 7.525636e-02 6.409860e-02 1.191586e-01 3.041984e-01 1.190092e-01 3.229814e-01 2.166502e-01 2.149310e-01 5.690825e-01 5.978351e-01 
159 1591  7.064127058353406596e+01 0 0 9.236201e-02 8.299872e-02 1.144948e-01 8.145719e-02 9.280560e-02 9.723344e-02 1.596848e-01 1.181281e-01 9.642144e-02 1.052916e-01 9.600145e-02 7.568454e-02 5.233094e-02 7.297355e-02 2.960625e-02 9.165080e-02 1.193315e-01 4.801038e-02 7.640513e-02 3.352259e-01 7.362360e-02 6.342084e-02 1.198874e-01 2.992928e-01 1.210111e-01 3.244002e-01 2.154646e-01 2.183964e-01 5.750038e-01 5.874379e-01 
160 1601  7.116967705871496719e+01 0 0 9.172409e-02 8.245517e-02 1.122097e-01 8.035839e-02 9.243598e-02 9.604926e-02 1.603196e-01 1.173105e-01 9.622548e-02 1.058850e-01 9.490692e-02 7.506063e-02 5.216825e-02 7.156862e-02 2.975679e-02 9.066898e-02 1.207492e-01 4.795880e-02 7.769987e-02 3.344528e-01 7.424933e-02 6.406443e-02 1.206465e-01 3.044349e-01 1.185608e-01 3.242060e-01 2.178308e-01 2.166956e-01 5.788157e-01 5.894823e-01 
161 1611  7.138678443169058596e+01 0 0 9.208479e-02 8.233951e-02 1.151541e-01 8.046611e-02 9.208466e-02 9.700485e-02 1.591822e-01 1.190259e-01 9.652437e-02 1.049135e-01 9.542828e-02 7.514618e-02 5.291592e-02 7.170390e-02 2.994378e-02 9.083086e-02 1.197152e-01 4.818041e-02 7.517657e-02 3.388514e-01 7.351401e-02 6.289175e-02 1.205387e-01 3.024874e-01 1.194685e-01 3.251782e-01 2.160230e-01 2.171155e-01 5.743332e-01 5.887145e-01 
162 1621  7.133836383850589868e+01 0 0 9.167248e-02 8.187571e-02 1.147864e-01 8.064567e-02 9.203526e-02 9.596881e-02 1.603945e-01 1.192388e-01 9.589759e-02 1.047846e-01 9.413634e-02 7.560872e-02 5.293154e-02 7.192039e-02 3.003486e-02 9.186648e-02 1.194692e-01 4.824935e-02 7.627360e-02 3.395422e-01 7.372562e-02 6.240898e-02 1.194569e-01 3.013404e-01 1.211805e-01 3.239058e-01 2.190466e-01 2.184583e-01 5.689884e-01 5.952406e-01 
163 1631  7.201322089996799036e+01 0 0 9.114700e-02 8.239717e-02 1.143860e-01 8.167991e-02 9.189308e-02 9.703157e-02 1.598997e-01 1.177651e-01 9.540057e-02 1.046221e-01 9.380411e-02 7.555106e-02 5.285291e-02 7.083137e-02 3.022606e-02 9.096061e-02 1.211521e-01 4.825777e-02 7.653055e-02 3.403471e-01 7.373233e-02 6.227990e-02 1.177116e-01 3.059844e-01 1.206815e-01 3.252606e-01 2.188222e-01 2.154979e-01 5.735104e-01 5.968944e-01 
164 1641  7.131063126584123779e+01 0 0 9.229535e-02 8.179809e-02 1.139602e-01 8.019334e-02 9.104906e-02 9.663268e-02 1.607995e-01 1.186187e-01 9.610678e-02 1.057544e-01 9.495337e-02 7.445755e-02 5.261783e-02 7.199055e-02 2.980922e-02 9.147546e-02 1.213323e-01 4.892788e-02 7.657006e-02 3.410804e-01 7.280762e-02 6.229845e-02 1.186084e-01 3.076864e-01 1.201847e-01 3.227279e-01 2.165944e-01 2.163066e-01 5.731359e-01 5.865448e-01 
165 1651  7.064254114696690579e+01 0 0 9.239457e-02 8.240919e-02 1.146032e-01 7.940639e-02 9.089207e-02 9.707929e-02 1.604338e-01 1.207006e-01 9.595980e-02 1.059328e-01 9.582703e-02 7.584519e-02 5.201886e-02 7.222521e-02 2.990322e-02 9.178641e-02 1.205341e-01 4.889903e-02 7.669702e-02 3.381239e-01 7.513497e-02 6.250065e-02 1.196329e-01 3.053078e-01 1.197067e-01 3.225929e-01 2.168149e-01 2.181827e-01 5.670051e-01 5.908806e-01 
166 1661  7.081285275193791051e+01 0 0 9.264183e-02 8.322277e-02 1.138221e-01 8.059307e-02 9.197715e-02 9.559739e-02 1.592140e-01 1.216738e-01 9.592809e-02 1.059713e-01 9.515301e-02 7.559757e-02 5.224963e-02 7.198421e-02 2.983634e-02 9.216501e-02 1.225931e-01 4.925792e-02 7.683223e-02 3.384053e-01 7.442728e-02 6.233044e-02 1.214816e-01 3.055889e-01 1.215929e-01 3.226491e-01 2.179294e-01 2.155738e-01 5.702987e-01 5.944198e-01 
167 1671  7.075157211568517823e+01 0 0 9.185788e-02 8.298140e-02 1.139553e-01 8.024739e-02 9.208550e-02 9.763698e-02 1.582678e-01 1.214908e-01 9.626327e-02 1.053844e-01 9.501379e-02 7.527072e-02 5.242023e-02 7.148092e-02 2.988676e-02 9.240253e-02 1.208194e-01 4.920310e-02 7.652075e-02 3.386329e-01 7.475542e-02 6.244609e-02 1.194363e-01 3.026167e-01 1.200443e-01 3.247392e-01 2.171608e-01 2.161213e-01 5.668243e-01 6.002225e-01 
168 1681  7.078505547685675481e+01 0 0 9.255622e-02 8.392019e-02 1.134874e-01 8.085491e-02 9.214716e-02 9.824088e-02 1.596153e-01 1.201577e-01 9.669842e-02 1.061248e-01 9.517781e-02 7.512501e-02 5.209932e-02 7.194397e-02 3.011917e-02 9.210791e-02 1.207289e-01 4.882504e-02 7.653604e-02 3.411336e-01 7.508084e-02 6.296860e-02 1.203313e-01 3.038963e-01 1.202688e-01 3.225122e-01 2.160314e-01 2.157330e-01 5.683729e-01 6.012323e-01 
169 1691  7.045789130494441110e+01 0 0 9.224506e-02 8.359035e-02 1.137367e-01 8.151720e-02 9.302857e-02 9.709308e-02 1.601947e-01 1.197751e-01 9.592222e-02 1.063737e-01 9.487916e-02 7.535953e-02 5.236483e-02 7.151365e-02 2.985016e-02 9.216227e-02 1.200547e-01 4.892453e-02 7.579724e-02 3.405297e-01 7.454752e-02 6.182738e-02 1.207553e-01 3.027248e-01 1.208062e-01 3.227942e-01 2.170267e-01 2.173377e-01 5.713179e-01 5.922484e-01 
170 1701  7.025881604838798467e+01 0 0 9.218784e-02 8.308782e-02 1.144250e-01 8.106799e-02 9.236981e-02 9.776928e-02 1.588337e-01 1.196196e-01 9.639835e-02 1.068132e-01 9.536269e-02 7.546463e-02 5.186652e-02 7.250875e-02 3.024339e-02 9.203212e-02 1.201395e-01 4.836558e-02 7.602926e-02 3.405293e-01 7.463145e-02 6.176568e-02 1.197277e-01 3.016887e-01 1.206307e-01 3.217367e-01 2.153728e-01 2.162461e-01 5.739847e-01 5.973211e-01 
171 1711  7.034287092808712316e+01 0 0 9.274564e-02 8.328604e-02 1.144136e-01 8.130913e-02 9.337577e-02 9.721254e-02 1.600776e-01 1.195421e-01 9.670011e-02 1.051149e-01 9.520598e-02 7.498890e-02 5.148697e-02 7.192216e-02 3.008842e-02 9.216002e-02 1.212358e-01 4.879411e-02 7.646063e-02 3.412197e-01 7.531778e-02 6.167981e-02 1.197410e-01 3.009765e-01 1.218934e-01 3.187389e-01 2.185990e-01 2.157150e-01 5.751906e-01 5.953207e-01 
172 1721  7.064647866473698912e+01 0 0 9.146990e-02 8.355533e-02 1.151822e-01 8.137847e-02 9.351646e-02 9.772199e-02 1.586370e-01 1.213510e-01 9.700913e-02 1.056711e-01 9.525769e-02 7.502547e-02 5.166246e-02 7.228593e-02 3.038164e-02 9.128407e-02 1.198358e-01 4.865335e-02 7.568682e-02 3.376757e-01 7.469676e-02 6.181986e-02 1.194124e-01 2.985794e-01 1.206825e-01 3.219885e-01 2.174422e-01 2.164211e-01 5.771961e-01 5.975158e-01 
173 1731  7.025643055577349116e+01 0 0 9.162702e-02 8.301420e-02 1.146930e-01 8.171452e-02 9.323347e-02 9.676184e-02 1.585623e-01 1.204360e-01 9.714763e-02 1.061920e-01 9.513843e-02 7.525216e-02 5.187883e-02 7.235229e-02 3.001950e-02 9.155269e-02 1.199836e-01 4.874294e-02 7.584887e-02 3.361828e-01 7.428914e-02 6.104808e-02 1.187932e-01 2.999620e-01 1.222236e-01 3.221367e-01 2.182486e-01 2.167579e-01 5.744256e-01 5.965315e-01 
174 1741  7.029392101807212612e+01 0 0 9.073085e-02 8.312266e-02 1.142185e-01 8.085749e-02 9.248401e-02 9.711282e-02 1.592762e-01 1.204624e-01 9.692462e-02 1.062432e-01 9.528791e-02 7.488931e-02 5.197045e-02 7.208145e-02 3.030383e-02 9.073792e-02 1.194382e-01 4.846807e-02 7.566336e-02 3.385119e-01 7.477101e-02 6.189849e-02 1.191309e-01 3.018114e-01 1.205950e-01 3.208031e-01 2.173560e-01 2.166675e-01 5.800652e-01 5.989707e-01 
175 1751  7.020646155471807504e+01 0 0 9.186371e-02 8.279873e-02 1.145293e-01 8.114551e-02 9.317613e-02 9.746658e-02 1.575691e-01 1.203758e-01 9.597372e-02 1.061183e-01 9.508092e-02 7.425455e-02 5.211885e-02 7.271612e-02 3.008562e-02 9.051274e-02 1.197078e-01 4.870287e-02 7.536906e-02 3.383064e-01 7.483175e-02 6.161182e-02 1.196770e-01 3.007422e-01 1.212537e-01 3.221524e-01 2.176242e-01 2.169912e-01 5.746079e-01 5.917616e-01 
176 1761  7.021419895049727700e+01 0 0 9.140622e-02 8.308634e-02 1.139091e-01 8.177103e-02 9.309647e-02 9.798936e-02 1.576984e-01 1.209821e-01 9.690366e-02 1.064567e-01 9.597552e-02 7.525447e-02 5.238503e-02 7.208694e-02 3.004158e-02 9.108488e-02 1.200975e-01 4.862621e-02 7.551946e-02 3.360839e-01 7.568450e-02 6.298808e-02 1.195715e-01 3.002200e-01 1.209346e-01 3.203204e-01 2.174466e-01 2.169646e-01 5.716745e-01 5.968898e-01 
177 1771  6.970344281000070907e+01 0 0 9.179888e-02 8.260408e-02 1.136696e-01 8.120214e-02 9.303369e-02 9.866993e-02 1.574036e-01 1.208814e-01 9.688307e-02 1.059732e-01 9.630459e-02 7.469662e-02 5.204370e-02 7.249686e-02 3.023268e-02 9.127131e-02 1.198233e-01 4.903628e-02 7.511376e-02 3.356561e-01 7.532594e-02 6.231439e-02 1.187267e-01 3.028940e-01 1.212180e-01 3.209491e-01 2.173119e-01 2.189610e-01 5.703868e-01 5.996112e-01 
178 1781  7.009201134082712770e+01 0 0 9.220806e-02 8.310162e-02 1.132588e-01 8.150911e-02 9.283641e-02 9.905525e-02 1.571778e-01 1.212215e-01 9.670111e-02 1.055090e-01 9.599255e-02 7.504031e-02 5.225321e-02 7.308499e-02 3.022455e-02 9.129466e-02 1.189871e-01 4.836839e-02 7.592636e-02 3.378485e-01 7.513175e-02 6.234111e-02 1.199892e-01 3.030711e-01 1.205559e-01 3.198005e-01 2.177769e-01 2.184897e-01 5.697732e-01 6.009250e-01 
179 1791  6.976768938952960752e+01 0 0 9.248046e-02 8.338825e-02 1.141530e-01 8.131296e-02 9.324453e-02 1.001008e-01 1.578804e-01 1.200929e-01 9.598268e-02 1.061309e-01 9.638305e-02 7.509988e-02 5.215573e-02 7.321512e-02 3.027872e-02 9.171243e-02 1.195040e-01 4.815754e-02 7.539013e-02 3.374871e-01 7.471429e-02 6.197684e-02 1.188614e-01 3.018949e-01 1.210711e-01 3.182527e-01 2.184910e-01 2.179407e-01 5.720501e-01 5.994265e-01 
180 1801  6.986874237548524036e+01 0 0 9.234460e-02 8.270427e-02 1.142219e-01 8.144704e-02 9.333166e-02 9.939544e-02 1.570108e-01 1.203876e-01 9.607949e-02 1.062678e-01 9.745449e-02 7.504941e-02 5.223690e-02 7.334521e-02 3.011117e-02 9.174144e-02 1.203924e-01 4.804015e-02 7.557669e-02 3.354782e-01 7.529714e-02 6.269910e-02 1.186123e-01 3.037182e-01 1.205612e-01 3.181283e-01 2.180271e-01 2.179206e-01 5.730166e-01 5.997173e-01 
181 1811  6.944626221409812672e+01 0 0 9.196745e-02 8.301443e-02 1.137883e-01 8.140075e-02 9.311342e-02 9.948782e-02 1.588054e-01 1.199068e-01 9.617353e-02 1.069568e-01 9.611507e-02 7.505386e-02 5.196590e-02 7.342883e-02 3.039093e-02 9.185110e-02 1.196891e-01 4.821678e-02 7.585815e-02 3.386160e-01 7.563109e-02 6.139689e-02 1.178186e-01 3.043198e-01 1.216815e-01 3.184514e-01 2.181622e-01 2.179961e-01 5.741902e-01 5.975492e-01 
182 1821  7.032813902390343230e+01 0 0 9.172099e-02 8.312223e-02 1.133615e-01 8.186148e-02 9.283743e-02 9.925046e-02 1.577898e-01 1.206254e-01 9.657272e-02 1.056052e-01 9.693287e-02 7.476877e-02 5.232526e-02 7.430973e-02 3.031894e-02 9.235421e-02 1.199313e-01 4.831975e-02 7.643514e-02 3.385580e-01 7.527160e-02 6.170698e-02 1.178649e-01 3.025195e-01 1.206201e-01 3.194164e-01 2.189282e-01 2.175966e-01 5.761247e-01 5.959934e-01 
183 1831  6.931120434206893322e+01 0 0 9.213047e-02 8.307984e-02 1.133629e-01 8.169254e-02 9.323317e-02 9.893846e-02 1.569749e-01 1.208888e-01 9.615220e-02 1.052465e-01 9.712134e-02 7.443448e-02 5.215400e-02 7.493468e-02 3.034426e-02 9.299652e-02 1.204124e-01 4.810459e-02 7.622584e-02 3.378061e-01 7.530441e-02 6.158098e-02 1.178369e-01 3.009235e-01 1.205296e-01 3.206687e-01 2.183947e-01 2.162942e-01 5.796809e-01 5.977319e-01 
184 1841  6.918809665163020384e+01 0 0 9.183638e-02 8.293534e-02 1.126829e-01 8.142928e-02 9.300852e-02 9.970411e-02 1.569564e-01 1.206611e-01 9.604381e-02 1.050078e-01 9.811587e-02 7.557699e-02 5.229570e-02 7.474647e-02 3.019436e-02 9.189975e-02 1.198779e-01 4.804645e-02 7.577828e-02 3.369865e-01 7.550409e-02 6.161420e-02 1.174638e-01 3.003077e-01 1.207935e-01 3.201031e-01 2.181479e-01 2.158897e-01 5.794541e-01 5.977778e-01 
185 1851  6.932572451628882959e+01 0 0 9.151547e-02 8.369868e-02 1.120603e-01 8.090465e-02 9.244632e-02 1.000087e-01 1.579819e-01 1.194365e-01 9.608321e-02 1.055475e-01 9.735383e-02 7.534321e-02 5.202969e-02 7.362368e-02 3.041084e-02 9.173849e-02 1.203203e-01 4.853246e-02 7.586473e-02 3.372595e-01 7.531605e-02 6.172475e-02 1.180916e-01 2.991672e-01 1.219198e-01 3.190328e-01 2.173856e-01 2.168169e-01 5.787004e-01 5.963860e-01 
186 1861  6.930149660112675747e+01 0 0 9.152889e-02 8.387618e-02 1.123768e-01 8.123984e-02 9.275873e-02 9.984802e-02 1.569309e-01 1.185192e-01 9.640894e-02 1.056165e-01 9.739443e-02 7.565813e-02 5.230263e-02 7.407940e-02 3.023073e-02 9.212408e-02 1.201165e-01 4.860535e-02 7.662290e-02 3.382961e-01 7.465390e-02 6.185683e-02 1.176256e-01 3.018514e-01 1.217395e-01 3.190371e-01 2.175487e-01 2.161489e-01 5.810514e-01 5.992532e-01 
187 1871  6.922827857835095244e+01 0 0 9.115311e-02 8.439785e-02 1.123772e-01 7.986080e-02 9.206775e-02 9.916422e-02 1.583559e-01 1.193656e-01 9.648775e-02 1.053340e-01 9.779468e-02 7.597635e-02 5.238614e-02 7.504189e-02 3.050042e-02 9.230727e-02 1.205107e-01 4.934634e-02 7.646538e-02 3.351474e-01 7.518289e-02 6.237785e-02 1.190423e-01 3.027371e-01 1.214542e-01 3.173211e-01 2.178996e-01 2.166548e-01 5.778265e-01 5.945816e-01 
188 1881  6.880821105033561480e+01 0 0 9.135370e-02 8.394912e-02 1.122985e-01 8.065362e-02 9.187809e-02 9.989127e-02 1.577532e-01 1.192155e-01 9.626493e-02 1.052416e-01 9.736445e-02 7.576030e-02 5.223322e-02 7.470151e-02 3.067094e-02 9.170291e-02 1.208512e-01 4.925220e-02 7.613117e-02 3.351921e-01 7.545982e-02 6.135202e-02 1.184741e-01 3.025962e-01 1.217630e-01 3.175701e-01 2.167119e-01 2.172453e-01 5.714495e-01 5.988441e-01 
189 1891  6.894500090246981472e+01 0 0 9.148247e-02 8.393322e-02 1.111178e-01 8.062082e-02 9.149569e-02 1.000426e-01 1.584777e-01 1.186634e-01 9.626218e-02 1.050212e-01 9.768463e-02 7.582698e-02 5.222377e-02 7.454099e-02 3.074301e-02 9.259202e-02 1.204039e-01 4.967437e-02 7.692653e-02 3.356838e-01 7.505941e-02 6.192170e-02 1.191166e-01 3.039460e-01 1.222390e-01 3.183760e-01 2.164786e-01 2.178962e-01 5.716083e-01 5.930516e-01 
190 1901  6.881355818843525185e+01 0 0 9.189630e-02 8.398764e-02 1.111451e-01 8.107074e-02 9.171464e-02 9.894074e-02 1.585699e-01 1.196178e-01 9.610791e-02 1.054854e-01 9.715785e-02 7.544187e-02 5.206036e-02 7.447646e-02 3.072966e-02 9.274268e-02 1.209633e-01 4.922492e-02 7.625246e-02 3.343517e-01 7.531437e-02 6.134044e-02 1.179605e-01 3.028813e-01 1.222591e-01 3.180142e-01 2.179417e-01 2.175724e-01 5.702189e-01 5.993829e-01 
191 1911  6.896545656439846539e+01 0 0 9.213500e-02 8.465275e-02 1.116135e-01 8.107013e-02 9.195033e-02 1.000159e-01 1.582396e-01 1.200126e-01 9.649263e-02 1.030622e-01 9.770732e-02 7.624740e-02 5.157866e-02 7.467548e-02 3.054423e-02 9.326879e-02 1.201199e-01 4.899978e-02 7.626929e-02 3.333210e-01 7.590028e-02 6.235408e-02 1.179572e-01 3.037066e-01 1.217254e-01 3.181220e-01 2.168537e-01 2.159351e-01 5.733841e-01 5.978713e-01 
192 1921  6.894778270366356310e+01 0 0 9.178817e-02 8.353205e-02 1.125605e-01 8.120069e-02 9.190117e-02 1.001574e-01 1.581915e-01 1.194860e-01 9.614146e-02 1.045031e-01 9.773682e-02 7.665417e-02 5.148766e-02 7.419090e-02 3.051141e-02 9.273876e-02 1.194187e-01 4.893325e-02 7.621987e-02 3.354964e-01 7.549606e-02 6.188523e-02 1.189238e-01 3.040782e-01 1.215656e-01 3.186234e-01 2.168883e-01 2.180102e-01 5.740847e-01 5.980281e-01 
193 1931  6.828482477054201638e+01 0 0 9.181162e-02 8.410077e-02 1.103870e-01 8.087171e-02 9.166273e-02 1.009564e-01 1.566468e-01 1.201655e-01 9.582581e-02 1.050025e-01 9.713176e-02 7.573422e-02 5.213352e-02 7.481733e-02 3.093562e-02 9.248466e-02 1.193057e-01 4.979461e-02 7.664363e-02 3.330125e-01 7.571541e-02 6.144581e-02 1.191886e-01 3.067523e-01 1.213607e-01 3.170722e-01 2.171967e-01 2.141495e-01 5.763951e-01 5.934085e-01 
194 1941  6.878552811057340932e+01 0 0 9.162104e-02 8.422032e-02 1.114515e-01 8.136249e-02 9.105142e-02 1.007058e-01 1.564887e-01 1.193323e-01 9.632687e-02 1.049334e-01 9.823874e-02 7.658552e-02 5.190894e-02 7.526807e-02 3.063292e-02 9.225951e-02 1.199625e-01 4.939586e-02 7.648716e-02 3.338608e-01 7.667232e-02 6.157509e-02 1.182301e-01 3.023505e-01 1.216277e-01 3.193618e-01 2.159806e-01 2.159399e-01 5.710182e-01 5.988991e-01 
195 1951  6.864372121719240738e+01 0 0 9.136963e-02 8.453554e-02 1.110528e-01 8.138013e-02 9.134684e-02 1.011062e-01 1.580348e-01 1.209488e-01 9.651298e-02 1.050330e-01 9.835048e-02 7.741267e-02 5.236191e-02 7.509301e-02 3.062105e-02 9.246788e-02 1.194949e-01 4.942582e-02 7.636205e-02 3.339170e-01 7.567416e-02 6.163378e-02 1.183811e-01 3.047878e-01 1.214475e-01 3.174888e-01 2.156779e-01 2.169129e-01 5.746509e-01 5.962617e-01 
196 1961  6.850776276313455071e+01 0 0 9.144078e-02 8.426603e-02 1.113049e-01 8.144963e-02 9.127251e-02 1.001122e-01 1.572153e-01 1.201446e-01 9.674637e-02 1.047836e-01 9.905400e-02 7.760027e-02 5.224732e-02 7.568266e-02 3.077718e-02 9.225494e-02 1.198864e-01 4.938845e-02 7.664336e-02 3.334009e-01 7.593845e-02 6.152323e-02 1.186671e-01 3.036227e-01 1.218580e-01 3.168237e-01 2.158673e-01 2.147938e-01 5.729215e-01 5.937056e-01 
197 1971  6.862094498865384651e+01 0 0 9.147559e-02 8.499316e-02 1.119791e-01 8.117604e-02 9.144872e-02 1.005487e-01 1.569559e-01 1.197812e-01 9.659676e-02 1.044771e-01 9.823495e-02 7.719912e-02 5.217681e-02 7.547875e-02 3.082620e-02 9.249921e-02 1.200536e-01 4.977281e-02 7.689444e-02 3.340630e-01 7.587029e-02 6.126981e-02 1.190483e-01 3.045988e-01 1.223046e-01 3.179046e-01 2.160589e-01 2.148172e-01 5.722292e-01 5.930163e-01 
198 1981  6.848022263725222558e+01 0 0 9.082564e-02 8.512112e-02 1.103051e-01 8.150064e-02 9.153450e-02 1.002127e-01 1.575666e-01 1.199183e-01 9.695474e-02 1.042065e-01 9.888567e-02 7.736861e-02 5.245847e-02 7.595349e-02 3.106371e-02 9.244461e-02 1.185603e-01 4.976675e-02 7.690045e-02 3.346032e-01 7.617568e-02 6.149490e-02 1.182943e-01 3.054366e-01 1.224964e-01 3.180519e-01 2.144535e-01 2.143208e-01 5.759628e-01 5.975251e-01 
199 1991  6.874749735736332923e+01 0 0 9.169757e-02 8.478359e-02 1.116810e-01 8.099411e-02 9.181432e-02 9.975164e-02 1.574595e-01 1.207490e-01 9.668195e-02 1.042080e-01 9.684317e-02 7.706577e-02 5.250165e-02 7.485284e-02 3.083980e-02 9.196548e-02 1.183555e-01 4.950420e-02 7.645269e-02 3.381573e-01 7.631092e-02 6.048263e-02 1.180821e-01 3.047226e-01 1.229804e-01 3.187352e-01 2.151372e-01 2.152742e-01 5.748836e-01 5.975947e-01 
200 2001  6.869427702470987640e+01 0 0 9.125770e-02 8.465569e-02 1.117821e-01 8.118618e-02 9.168742e-02 1.001146e-01 1.563852e-01 1.196625e-01 9.639542e-02 1.056124e-01 9.815618e-02 7.724288e-02 5.224217e-02 7.516623e-02 3.076433e-02 9.240284e-02 1.184043e-01 4.991350e-02 7.731931e-02 3.360186e-01 7.601267e-02 6.134617e-02 1.184831e-01 3.063365e-01 1.215069e-01 3.189829e-01 2.169082e-01 2.158847e-01 5.759210e-01 5.971590e-01 
