%  columns="iteration, evaluation, void, void, void, xmean" (startseed=209166, 2026/02/11 10:36:6.69)
0 1 0 0 0 1.142001e-01 9.898619e-02 1.087546e-01 8.172440e-02 9.258231e-02 1.034975e-01 1.621054e-01 1.514197e-01 9.422907e-02 1.076148e-01 1.028930e-01 8.196726e-02 4.541958e-02 8.964585e-02 2.855003e-02 9.898619e-02 1.268803e-01 5.125909e-02 6.384987e-02 3.095428e-01 8.339527e-02 7.073973e-02 1.507665e-01 2.926367e-01 1.115476e-01 3.278690e-01 2.270979e-01 2.039900e-01 5.000000e-01 5.000000e-01 
1 11 0 0 0 1.096595e-01 9.286062e-02 1.048069e-01 8.603443e-02 9.526867e-02 1.135091e-01 1.442313e-01 1.576908e-01 9.730540e-02 1.074609e-01 1.007192e-01 8.747336e-02 4.604231e-02 8.825655e-02 2.989735e-02 1.020193e-01 1.173450e-01 4.421255e-02 5.747588e-02 2.874464e-01 9.958915e-02 7.791440e-02 1.532103e-01 3.084909e-01 9.917007e-02 3.040823e-01 2.360556e-01 2.090874e-01 4.450979e-01 5.463390e-01 
2 21 0 0 0 1.061089e-01 9.727647e-02 1.070033e-01 8.076116e-02 9.652125e-02 1.074678e-01 1.467678e-01 1.555603e-01 9.487271e-02 1.002608e-01 8.722072e-02 9.280188e-02 5.055035e-02 8.491702e-02 3.243052e-02 1.007170e-01 1.170435e-01 4.445321e-02 5.746902e-02 2.733266e-01 1.020036e-01 7.453582e-02 1.454092e-01 3.206221e-01 9.422499e-02 3.506465e-01 2.396706e-01 1.951807e-01 4.433726e-01 5.190402e-01 
3 31 0 0 0 1.023372e-01 9.603260e-02 1.077122e-01 6.920947e-02 1.023109e-01 1.078755e-01 1.355086e-01 1.521422e-01 9.606281e-02 1.037307e-01 1.037777e-01 8.726653e-02 5.267607e-02 9.005425e-02 3.196694e-02 9.492166e-02 1.133660e-01 4.543390e-02 5.422541e-02 2.720919e-01 9.244420e-02 7.164313e-02 1.591891e-01 3.124246e-01 9.374642e-02 3.428356e-01 2.246659e-01 1.775016e-01 4.566569e-01 5.129679e-01 
4 41 0 0 0 9.940176e-02 9.063746e-02 1.082148e-01 7.433223e-02 1.029304e-01 1.080014e-01 1.284112e-01 1.581449e-01 1.063195e-01 9.976068e-02 1.011221e-01 8.753640e-02 5.123323e-02 9.692736e-02 2.911705e-02 8.498996e-02 1.215930e-01 4.814301e-02 5.415594e-02 2.924314e-01 8.833513e-02 7.339175e-02 1.480615e-01 2.841029e-01 9.221503e-02 3.446066e-01 2.378699e-01 1.931422e-01 4.185130e-01 5.186050e-01 
5 51 0 0 0 9.350543e-02 9.439253e-02 1.070660e-01 7.455974e-02 1.089888e-01 1.002671e-01 1.247004e-01 1.591389e-01 1.049303e-01 9.698001e-02 1.082364e-01 8.673955e-02 5.033463e-02 1.022386e-01 2.901524e-02 8.223996e-02 1.261588e-01 5.035221e-02 5.724533e-02 3.099372e-01 7.883938e-02 7.969975e-02 1.406060e-01 2.965715e-01 9.072962e-02 3.286945e-01 2.456244e-01 1.800150e-01 4.436449e-01 5.285798e-01 
6 61 0 0 0 9.671242e-02 9.808445e-02 1.068660e-01 8.098688e-02 1.146809e-01 1.032871e-01 1.178494e-01 1.591565e-01 1.017571e-01 1.058778e-01 1.114182e-01 9.135160e-02 5.389428e-02 9.746447e-02 3.003236e-02 8.202838e-02 1.270730e-01 5.016822e-02 5.273813e-02 3.155005e-01 7.422594e-02 8.714731e-02 1.428738e-01 3.084027e-01 9.563973e-02 3.183122e-01 2.344444e-01 1.775600e-01 4.489599e-01 5.212204e-01 
7 71 0 0 0 9.430529e-02 9.128546e-02 1.112039e-01 8.380627e-02 1.155266e-01 1.044780e-01 1.128957e-01 1.566085e-01 1.059683e-01 9.818348e-02 1.206929e-01 9.895975e-02 5.540319e-02 9.719357e-02 2.865254e-02 8.260806e-02 1.149912e-01 4.763475e-02 5.095123e-02 3.133264e-01 7.801055e-02 8.777818e-02 1.469395e-01 3.095604e-01 9.558191e-02 3.337694e-01 2.246543e-01 1.746989e-01 4.543329e-01 5.006148e-01 
8 81 0 0 0 9.133273e-02 9.590115e-02 1.110477e-01 8.526466e-02 1.180261e-01 9.981377e-02 1.201041e-01 1.606684e-01 1.021811e-01 8.598889e-02 1.264656e-01 1.004634e-01 5.421685e-02 9.414649e-02 2.773628e-02 8.231375e-02 1.200330e-01 4.971549e-02 5.433144e-02 3.169431e-01 7.607991e-02 8.208398e-02 1.460529e-01 3.199012e-01 9.552834e-02 3.400295e-01 2.303289e-01 1.840370e-01 4.974780e-01 5.504817e-01 
9 91 0 0 0 9.090024e-02 9.104677e-02 1.030720e-01 7.848180e-02 1.080428e-01 9.936740e-02 1.191030e-01 1.590249e-01 1.001464e-01 8.973682e-02 1.191509e-01 9.765084e-02 5.097086e-02 9.048647e-02 2.861480e-02 8.493122e-02 1.219843e-01 4.724390e-02 5.480031e-02 3.048611e-01 7.226349e-02 8.222511e-02 1.525379e-01 3.296335e-01 8.890816e-02 3.362788e-01 2.257012e-01 1.952909e-01 5.101894e-01 6.052846e-01 
10 101 0 0 0 8.591435e-02 9.612279e-02 9.901584e-02 7.989649e-02 1.072415e-01 9.734829e-02 1.318076e-01 1.556727e-01 9.890811e-02 9.888146e-02 1.172029e-01 9.436234e-02 5.226253e-02 9.426547e-02 2.710962e-02 8.487140e-02 1.268098e-01 4.980132e-02 5.831645e-02 3.125311e-01 8.047070e-02 8.413207e-02 1.476968e-01 3.404954e-01 9.477605e-02 3.392439e-01 2.263733e-01 1.909688e-01 5.326822e-01 6.158212e-01 
11 111 0 0 0 8.432593e-02 9.905198e-02 1.022350e-01 8.053780e-02 1.117324e-01 9.698968e-02 1.276212e-01 1.486904e-01 9.755961e-02 9.370851e-02 1.189916e-01 9.126935e-02 4.971371e-02 9.343317e-02 2.782184e-02 8.308110e-02 1.265453e-01 4.888643e-02 6.332136e-02 3.245644e-01 8.088919e-02 8.119948e-02 1.472337e-01 3.162867e-01 9.393681e-02 3.399684e-01 2.400621e-01 1.813459e-01 5.486396e-01 6.054408e-01 
12 121 0 0 0 8.654573e-02 1.041739e-01 1.070935e-01 7.959311e-02 1.073032e-01 1.004685e-01 1.260327e-01 1.483908e-01 1.031212e-01 9.990556e-02 1.137720e-01 9.085800e-02 5.167932e-02 9.514994e-02 2.763204e-02 8.333499e-02 1.150290e-01 5.122658e-02 6.497603e-02 3.130327e-01 8.047415e-02 8.126577e-02 1.431898e-01 3.170114e-01 9.059464e-02 3.460573e-01 2.316633e-01 1.813193e-01 5.408686e-01 6.056838e-01 
13 131 0 0 0 8.743364e-02 9.920679e-02 1.104053e-01 8.266879e-02 1.052145e-01 1.031491e-01 1.223076e-01 1.450936e-01 1.004919e-01 9.716149e-02 1.124417e-01 8.301499e-02 5.199532e-02 9.291170e-02 2.709031e-02 7.952971e-02 1.125225e-01 4.925434e-02 7.249682e-02 3.203228e-01 8.130386e-02 7.797441e-02 1.461623e-01 3.101808e-01 9.323944e-02 3.480472e-01 2.252942e-01 2.002469e-01 5.223194e-01 6.094219e-01 
14 141 0 0 0 8.128223e-02 9.413592e-02 1.170251e-01 8.734994e-02 9.887290e-02 1.030580e-01 1.265969e-01 1.399402e-01 1.029381e-01 9.989292e-02 1.130253e-01 7.966657e-02 5.153995e-02 9.879739e-02 2.741896e-02 7.977872e-02 1.185720e-01 4.637471e-02 7.109548e-02 3.113350e-01 7.205595e-02 7.770076e-02 1.410287e-01 3.109121e-01 9.044971e-02 3.310057e-01 2.354397e-01 2.032042e-01 5.321957e-01 6.179199e-01 
15 151 0 0 0 7.967844e-02 8.613761e-02 1.095799e-01 8.297391e-02 9.707354e-02 1.095686e-01 1.311745e-01 1.466326e-01 1.035269e-01 9.961380e-02 1.110176e-01 7.481392e-02 5.011154e-02 9.555547e-02 2.761746e-02 8.245396e-02 1.186040e-01 5.025222e-02 7.159367e-02 2.966985e-01 7.552711e-02 7.822410e-02 1.564684e-01 3.059552e-01 9.327629e-02 3.407285e-01 2.405600e-01 2.144519e-01 5.465659e-01 6.343146e-01 
16 161 0 0 0 7.980558e-02 8.809746e-02 1.008226e-01 8.156209e-02 9.676076e-02 1.192980e-01 1.347792e-01 1.469630e-01 1.013877e-01 9.684778e-02 1.202208e-01 7.523339e-02 4.875659e-02 9.083635e-02 2.550932e-02 8.278209e-02 1.138363e-01 4.824343e-02 7.234356e-02 3.103550e-01 7.185571e-02 7.785993e-02 1.602117e-01 3.040822e-01 8.799945e-02 3.484132e-01 2.309263e-01 2.211343e-01 5.676096e-01 6.585296e-01 
17 171 0 0 0 8.551446e-02 8.821294e-02 9.593951e-02 7.879047e-02 9.538031e-02 1.245748e-01 1.231543e-01 1.483397e-01 1.005624e-01 9.062374e-02 1.230788e-01 7.291804e-02 4.542320e-02 9.192997e-02 2.524396e-02 7.870985e-02 1.222066e-01 4.569296e-02 7.066535e-02 3.246249e-01 7.491769e-02 8.023046e-02 1.548410e-01 3.177023e-01 9.299158e-02 3.458460e-01 2.398722e-01 2.241484e-01 5.347480e-01 6.331639e-01 
18 181 0 0 0 8.932913e-02 8.103319e-02 1.031715e-01 7.971964e-02 9.529567e-02 1.257181e-01 1.254887e-01 1.444053e-01 1.001653e-01 8.393205e-02 1.255711e-01 7.548987e-02 4.615639e-02 9.018716e-02 2.495494e-02 7.979563e-02 1.207655e-01 4.869166e-02 7.311434e-02 3.444361e-01 7.015808e-02 7.732551e-02 1.465310e-01 3.108557e-01 9.356342e-02 3.457106e-01 2.447069e-01 2.185695e-01 5.482408e-01 5.910789e-01 
19 191 0 0 0 9.486831e-02 8.628257e-02 1.100758e-01 8.093098e-02 9.347473e-02 1.208506e-01 1.228102e-01 1.445165e-01 1.006905e-01 8.690592e-02 1.281962e-01 7.639379e-02 4.439103e-02 8.732521e-02 2.295550e-02 8.205776e-02 1.259285e-01 4.900128e-02 7.069349e-02 3.349311e-01 7.298572e-02 7.402750e-02 1.495672e-01 3.131465e-01 9.408736e-02 3.373356e-01 2.465116e-01 2.190208e-01 5.180189e-01 5.928039e-01 
20 201 0 0 0 9.574943e-02 8.346865e-02 1.130088e-01 8.475586e-02 9.216680e-02 1.211639e-01 1.223800e-01 1.401141e-01 9.912328e-02 9.501127e-02 1.287603e-01 7.611752e-02 4.541264e-02 8.872184e-02 2.475375e-02 8.172496e-02 1.297721e-01 4.749684e-02 7.228819e-02 3.141442e-01 7.243658e-02 7.216178e-02 1.514840e-01 3.030214e-01 9.005247e-02 3.297671e-01 2.475931e-01 2.147478e-01 5.313687e-01 6.218124e-01 
21 211 0 0 0 9.329271e-02 8.162620e-02 1.192978e-01 8.143962e-02 9.283373e-02 1.238605e-01 1.244380e-01 1.302606e-01 9.924812e-02 8.919153e-02 1.258661e-01 7.430265e-02 4.348798e-02 8.260595e-02 2.760956e-02 7.732895e-02 1.406295e-01 5.063797e-02 7.534599e-02 3.138255e-01 7.076532e-02 6.842574e-02 1.447955e-01 3.107825e-01 9.104442e-02 3.427090e-01 2.388201e-01 2.121841e-01 5.317294e-01 6.015245e-01 
22 221 0 0 0 9.422251e-02 8.796419e-02 1.181893e-01 7.565124e-02 9.205884e-02 1.151471e-01 1.294597e-01 1.318929e-01 9.907509e-02 8.313408e-02 1.263042e-01 7.296397e-02 4.491764e-02 8.019748e-02 2.795793e-02 7.505003e-02 1.360204e-01 5.242292e-02 7.395377e-02 3.148941e-01 7.762002e-02 6.910499e-02 1.450930e-01 3.113694e-01 9.474817e-02 3.610360e-01 2.364507e-01 2.051788e-01 5.345155e-01 5.769952e-01 
23 231 0 0 0 8.843893e-02 8.603793e-02 1.198521e-01 7.471237e-02 9.370578e-02 1.141821e-01 1.286116e-01 1.230853e-01 1.019814e-01 8.363682e-02 1.286097e-01 7.053323e-02 4.478369e-02 7.887840e-02 2.817029e-02 7.543122e-02 1.389513e-01 5.238395e-02 7.486870e-02 3.242589e-01 7.948454e-02 7.054623e-02 1.417830e-01 3.132291e-01 9.739563e-02 3.461682e-01 2.340768e-01 2.010073e-01 5.346679e-01 5.570865e-01 
24 241 0 0 0 8.216734e-02 8.866607e-02 1.271770e-01 7.391959e-02 9.024014e-02 1.216991e-01 1.229378e-01 1.276440e-01 1.027262e-01 8.224798e-02 1.276091e-01 6.816181e-02 4.443333e-02 7.914072e-02 2.815855e-02 8.003818e-02 1.410029e-01 5.173261e-02 7.714272e-02 3.298138e-01 7.898899e-02 7.004496e-02 1.379319e-01 3.166468e-01 9.592778e-02 3.495211e-01 2.364148e-01 1.966319e-01 5.236987e-01 5.423431e-01 
25 251 0 0 0 8.711876e-02 9.499010e-02 1.271197e-01 7.889861e-02 9.206428e-02 1.169618e-01 1.189550e-01 1.196857e-01 9.524155e-02 7.900477e-02 1.309962e-01 7.222448e-02 4.648102e-02 8.247405e-02 2.831816e-02 8.236300e-02 1.366086e-01 5.311184e-02 7.991166e-02 3.348167e-01 8.384534e-02 7.041504e-02 1.379964e-01 3.146368e-01 9.659500e-02 3.491564e-01 2.364053e-01 2.081288e-01 5.218466e-01 5.386928e-01 
26 261 0 0 0 8.414812e-02 9.922993e-02 1.378791e-01 7.973754e-02 9.224336e-02 1.175152e-01 1.122481e-01 1.194825e-01 9.089818e-02 7.882507e-02 1.330213e-01 7.055882e-02 4.487093e-02 8.520349e-02 2.951650e-02 8.666062e-02 1.392799e-01 5.197188e-02 8.319127e-02 3.184463e-01 8.307957e-02 6.841823e-02 1.371639e-01 3.349912e-01 9.755852e-02 3.348300e-01 2.254609e-01 1.977815e-01 5.295602e-01 5.432836e-01 
27 271 0 0 0 8.381476e-02 9.790194e-02 1.317327e-01 8.234989e-02 9.648068e-02 1.153512e-01 1.116740e-01 1.315313e-01 8.678239e-02 8.021132e-02 1.262304e-01 6.697663e-02 4.602844e-02 8.784554e-02 2.817101e-02 8.515352e-02 1.436678e-01 5.164982e-02 8.355200e-02 3.143995e-01 8.519127e-02 7.564723e-02 1.373384e-01 3.364261e-01 9.890123e-02 3.338419e-01 2.284362e-01 1.949183e-01 5.272647e-01 5.073930e-01 
28 281 0 0 0 8.847485e-02 9.914299e-02 1.318038e-01 8.198506e-02 9.889661e-02 1.162149e-01 1.110034e-01 1.306835e-01 9.065349e-02 8.385307e-02 1.285607e-01 6.343444e-02 4.470577e-02 8.831695e-02 2.876745e-02 8.612861e-02 1.487218e-01 5.235565e-02 8.200466e-02 3.169129e-01 8.136708e-02 7.292548e-02 1.320968e-01 3.443328e-01 1.007717e-01 3.342692e-01 2.283552e-01 2.015812e-01 5.419375e-01 5.025663e-01 
29 291 0 0 0 9.162434e-02 9.806736e-02 1.230307e-01 8.180500e-02 9.957326e-02 1.096983e-01 1.155243e-01 1.261018e-01 8.977750e-02 9.107394e-02 1.259160e-01 6.189923e-02 4.597088e-02 8.734744e-02 3.038445e-02 8.829344e-02 1.489666e-01 5.052526e-02 8.144976e-02 3.127331e-01 8.415895e-02 7.481424e-02 1.364910e-01 3.447099e-01 9.780516e-02 3.505986e-01 2.316738e-01 1.894970e-01 5.619158e-01 4.756647e-01 
30 301 0 0 0 8.579477e-02 9.643719e-02 1.184950e-01 8.020473e-02 9.484730e-02 1.147219e-01 1.164020e-01 1.214216e-01 9.415937e-02 8.837127e-02 1.312408e-01 6.238618e-02 4.601965e-02 8.904338e-02 3.063217e-02 8.414998e-02 1.539739e-01 5.188937e-02 8.374944e-02 3.020496e-01 8.200867e-02 7.303840e-02 1.385719e-01 3.453568e-01 1.031383e-01 3.541389e-01 2.344658e-01 1.876816e-01 5.791689e-01 4.784328e-01 
31 311 0 0 0 8.563750e-02 9.421175e-02 1.214744e-01 7.969704e-02 9.379209e-02 1.116409e-01 1.148792e-01 1.214596e-01 8.779137e-02 8.848908e-02 1.321102e-01 6.259963e-02 4.729130e-02 8.715155e-02 2.960424e-02 8.666597e-02 1.488877e-01 4.887473e-02 8.362968e-02 3.089678e-01 8.043960e-02 7.310386e-02 1.378533e-01 3.372826e-01 1.044366e-01 3.441971e-01 2.253381e-01 1.917338e-01 5.760190e-01 5.048463e-01 
32 321 0 0 0 8.253560e-02 8.746461e-02 1.261698e-01 7.843961e-02 9.229243e-02 1.094125e-01 1.189973e-01 1.183113e-01 8.720587e-02 8.940294e-02 1.299155e-01 6.378072e-02 4.851833e-02 8.483077e-02 2.946351e-02 8.660157e-02 1.451547e-01 5.006010e-02 8.487455e-02 3.073660e-01 7.799262e-02 6.865663e-02 1.345509e-01 3.244208e-01 1.060649e-01 3.378923e-01 2.336746e-01 2.054063e-01 5.760138e-01 5.292921e-01 
33 331 0 0 0 8.354172e-02 8.662227e-02 1.237091e-01 7.751221e-02 9.545196e-02 1.085138e-01 1.213152e-01 1.217062e-01 9.157184e-02 9.057284e-02 1.299053e-01 6.283420e-02 4.730942e-02 8.348040e-02 2.972278e-02 8.620114e-02 1.414161e-01 5.075854e-02 8.055719e-02 2.981059e-01 7.115945e-02 7.118628e-02 1.362041e-01 3.106865e-01 1.038726e-01 3.433958e-01 2.317724e-01 2.033331e-01 5.813238e-01 5.192598e-01 
34 341 0 0 0 8.333478e-02 8.864749e-02 1.255931e-01 7.757596e-02 9.343124e-02 1.060604e-01 1.266731e-01 1.193536e-01 9.042939e-02 8.497126e-02 1.264593e-01 6.391024e-02 4.725910e-02 8.441535e-02 2.947450e-02 8.244879e-02 1.429558e-01 5.174785e-02 7.801432e-02 3.061692e-01 7.139000e-02 7.236334e-02 1.376019e-01 3.076813e-01 1.047008e-01 3.487335e-01 2.332276e-01 2.086507e-01 5.609725e-01 5.242530e-01 
35 351 0 0 0 7.893116e-02 8.489472e-02 1.250129e-01 8.104564e-02 9.045093e-02 1.042825e-01 1.343199e-01 1.193017e-01 9.303990e-02 8.441688e-02 1.206308e-01 6.446568e-02 4.732129e-02 8.365543e-02 2.920403e-02 8.558882e-02 1.387614e-01 5.215662e-02 7.779891e-02 3.167658e-01 7.361119e-02 7.186216e-02 1.394287e-01 3.010105e-01 1.039318e-01 3.382943e-01 2.307184e-01 2.149872e-01 5.476250e-01 5.333439e-01 
36 361 0 0 0 7.815565e-02 8.550464e-02 1.189199e-01 8.275120e-02 8.976229e-02 1.081703e-01 1.360195e-01 1.177100e-01 9.784616e-02 8.685200e-02 1.247767e-01 6.401407e-02 4.779254e-02 7.960699e-02 2.903308e-02 9.078134e-02 1.391723e-01 5.218611e-02 7.814416e-02 3.054470e-01 6.902840e-02 7.181379e-02 1.363540e-01 3.037519e-01 1.044681e-01 3.393892e-01 2.256175e-01 2.177642e-01 5.568555e-01 5.336297e-01 
37 371 0 0 0 7.984920e-02 8.837228e-02 1.199064e-01 8.298548e-02 8.768080e-02 1.129989e-01 1.430621e-01 1.136232e-01 9.696865e-02 8.489249e-02 1.265916e-01 6.575718e-02 4.672807e-02 7.926172e-02 2.926218e-02 8.972158e-02 1.333382e-01 5.042472e-02 8.091591e-02 3.065172e-01 6.842804e-02 6.918255e-02 1.344512e-01 3.055776e-01 1.043650e-01 3.310620e-01 2.298404e-01 2.239577e-01 5.540963e-01 5.546993e-01 
38 381 0 0 0 7.802843e-02 9.158051e-02 1.218287e-01 8.358644e-02 8.077488e-02 1.146536e-01 1.474597e-01 1.203101e-01 9.539468e-02 8.470623e-02 1.239270e-01 6.656248e-02 4.734499e-02 7.620451e-02 3.101820e-02 8.884049e-02 1.336797e-01 4.980511e-02 8.212578e-02 3.042847e-01 7.011130e-02 7.069601e-02 1.357044e-01 3.038377e-01 1.011384e-01 3.405517e-01 2.261833e-01 2.173782e-01 5.301687e-01 5.587089e-01 
39 391 0 0 0 7.868815e-02 9.086963e-02 1.225868e-01 8.873931e-02 8.329030e-02 1.161050e-01 1.440109e-01 1.183276e-01 9.531228e-02 8.678167e-02 1.265798e-01 6.851890e-02 4.761752e-02 7.645798e-02 3.046881e-02 9.475233e-02 1.370435e-01 5.056928e-02 8.009471e-02 2.940083e-01 7.402062e-02 6.992354e-02 1.334383e-01 3.055378e-01 1.012292e-01 3.507537e-01 2.264856e-01 2.232805e-01 5.506966e-01 5.818748e-01 
40 401 0 0 0 8.048370e-02 9.030597e-02 1.245759e-01 8.633507e-02 8.545404e-02 1.139852e-01 1.422337e-01 1.161575e-01 9.268857e-02 8.228613e-02 1.259128e-01 6.828700e-02 4.811114e-02 7.807476e-02 3.090106e-02 9.222268e-02 1.350957e-01 5.242697e-02 8.191601e-02 3.011681e-01 7.502367e-02 6.978500e-02 1.369699e-01 3.116982e-01 1.050871e-01 3.484953e-01 2.301459e-01 2.289954e-01 5.604981e-01 5.873197e-01 
41 411 0 0 0 7.983834e-02 9.095956e-02 1.237845e-01 8.667565e-02 8.453433e-02 1.160696e-01 1.454164e-01 1.132161e-01 9.310387e-02 8.116856e-02 1.228640e-01 6.563106e-02 4.862655e-02 7.679464e-02 3.186343e-02 9.795690e-02 1.289244e-01 5.174501e-02 8.092904e-02 3.036928e-01 7.332962e-02 6.931966e-02 1.389549e-01 3.114734e-01 1.097407e-01 3.451336e-01 2.337869e-01 2.372246e-01 5.475472e-01 5.915329e-01 
42 421 0 0 0 8.297106e-02 9.095128e-02 1.234233e-01 8.943245e-02 8.588950e-02 1.151132e-01 1.452095e-01 1.149017e-01 9.200784e-02 7.920880e-02 1.232286e-01 6.683745e-02 4.934538e-02 7.957216e-02 3.157204e-02 9.484770e-02 1.254694e-01 4.997756e-02 8.027261e-02 3.069562e-01 7.237506e-02 6.855894e-02 1.369028e-01 3.072547e-01 1.083525e-01 3.522021e-01 2.376185e-01 2.428069e-01 5.304044e-01 5.930159e-01 
43 431 0 0 0 8.704160e-02 8.680643e-02 1.245138e-01 8.588848e-02 8.342306e-02 1.150357e-01 1.495974e-01 1.199510e-01 8.958026e-02 8.141394e-02 1.226993e-01 6.784610e-02 5.012471e-02 7.855584e-02 3.038054e-02 9.279374e-02 1.264980e-01 4.934483e-02 8.124861e-02 3.140867e-01 7.240436e-02 7.005986e-02 1.363873e-01 3.069409e-01 1.062624e-01 3.601976e-01 2.360776e-01 2.448252e-01 5.386995e-01 5.836635e-01 
44 441 0 0 0 8.834693e-02 8.840200e-02 1.243570e-01 8.685981e-02 8.527480e-02 1.167843e-01 1.498687e-01 1.199868e-01 9.093279e-02 8.041650e-02 1.203663e-01 6.899095e-02 4.879336e-02 7.692579e-02 2.947612e-02 8.948467e-02 1.298975e-01 5.028818e-02 8.034775e-02 3.185610e-01 7.545235e-02 7.033014e-02 1.403180e-01 3.157009e-01 1.081649e-01 3.640454e-01 2.377601e-01 2.334287e-01 5.567520e-01 5.824120e-01 
45 451 0 0 0 8.511635e-02 9.472266e-02 1.261734e-01 8.744502e-02 8.413601e-02 1.123610e-01 1.481735e-01 1.198372e-01 9.455045e-02 8.044509e-02 1.163121e-01 7.013388e-02 4.985005e-02 7.607435e-02 2.899724e-02 8.805394e-02 1.272472e-01 5.065749e-02 7.934279e-02 3.320316e-01 7.778674e-02 7.379574e-02 1.366023e-01 3.141202e-01 1.130703e-01 3.625949e-01 2.380037e-01 2.394709e-01 5.710516e-01 5.847999e-01 
46 461 0 0 0 8.211640e-02 8.951722e-02 1.276730e-01 9.061072e-02 8.760748e-02 1.155392e-01 1.485727e-01 1.189666e-01 9.273990e-02 8.370811e-02 1.160912e-01 6.883882e-02 5.067041e-02 7.422305e-02 3.044406e-02 9.043190e-02 1.252712e-01 5.128095e-02 7.905752e-02 3.365413e-01 7.827346e-02 7.174889e-02 1.402018e-01 3.099843e-01 1.178894e-01 3.550189e-01 2.342693e-01 2.326739e-01 5.697664e-01 6.096571e-01 
47 471 0 0 0 8.372025e-02 8.780222e-02 1.310067e-01 9.018228e-02 8.982190e-02 1.138987e-01 1.545859e-01 1.205926e-01 9.376166e-02 8.179623e-02 1.141816e-01 6.884861e-02 4.988863e-02 7.407824e-02 2.939690e-02 8.843493e-02 1.242101e-01 5.140462e-02 8.070691e-02 3.381323e-01 7.827885e-02 7.279632e-02 1.414139e-01 3.131695e-01 1.156529e-01 3.549635e-01 2.369762e-01 2.376412e-01 5.859215e-01 5.936319e-01 
48 481 0 0 0 8.272054e-02 8.524980e-02 1.346289e-01 9.007153e-02 9.301001e-02 1.096674e-01 1.507438e-01 1.209705e-01 9.738907e-02 8.216059e-02 1.084194e-01 6.564799e-02 4.908669e-02 7.254055e-02 2.909586e-02 8.976835e-02 1.283608e-01 5.119485e-02 8.068710e-02 3.304763e-01 7.850493e-02 7.148142e-02 1.448327e-01 3.082656e-01 1.184454e-01 3.505312e-01 2.326260e-01 2.343255e-01 5.684476e-01 6.054137e-01 
49 491 0 0 0 8.265530e-02 8.703573e-02 1.298555e-01 8.986975e-02 9.413172e-02 1.089397e-01 1.526806e-01 1.240034e-01 1.028465e-01 8.101335e-02 1.070555e-01 6.578402e-02 4.976753e-02 7.091893e-02 2.904865e-02 9.102003e-02 1.253608e-01 5.126155e-02 7.989897e-02 3.387317e-01 7.800665e-02 7.002474e-02 1.423491e-01 3.067927e-01 1.157657e-01 3.492099e-01 2.340958e-01 2.370084e-01 5.752910e-01 6.031925e-01 
50 501 0 0 0 8.300279e-02 8.922940e-02 1.309479e-01 8.775460e-02 9.754641e-02 1.065988e-01 1.497308e-01 1.229214e-01 1.024906e-01 8.330232e-02 1.100835e-01 6.409364e-02 4.916787e-02 7.122044e-02 3.051163e-02 9.001496e-02 1.239204e-01 5.156468e-02 7.900536e-02 3.352768e-01 7.850464e-02 7.055961e-02 1.409828e-01 3.106015e-01 1.141051e-01 3.653348e-01 2.319841e-01 2.430824e-01 5.800085e-01 6.065270e-01 
51 511 0 0 0 8.361231e-02 8.772670e-02 1.281599e-01 8.808127e-02 9.623573e-02 1.116454e-01 1.437978e-01 1.246955e-01 1.051781e-01 8.437024e-02 1.101597e-01 6.628253e-02 5.096239e-02 7.061010e-02 3.038691e-02 8.831556e-02 1.220602e-01 5.157528e-02 7.578811e-02 3.416647e-01 7.866176e-02 7.098007e-02 1.402482e-01 3.102339e-01 1.171893e-01 3.694399e-01 2.290732e-01 2.405434e-01 5.862195e-01 6.140051e-01 
52 521 0 0 0 8.512489e-02 8.993088e-02 1.285537e-01 8.628221e-02 9.881577e-02 1.139816e-01 1.363837e-01 1.314450e-01 1.026222e-01 9.110757e-02 1.070192e-01 6.465332e-02 5.030003e-02 7.382837e-02 3.003687e-02 8.661325e-02 1.236191e-01 5.028325e-02 7.459871e-02 3.411940e-01 7.748074e-02 7.014161e-02 1.367672e-01 3.093413e-01 1.156960e-01 3.666968e-01 2.302015e-01 2.393029e-01 5.767839e-01 6.229017e-01 
53 531 0 0 0 8.705053e-02 8.915764e-02 1.295810e-01 8.719611e-02 9.804674e-02 1.117020e-01 1.395755e-01 1.366356e-01 1.041462e-01 8.857191e-02 1.038667e-01 6.540905e-02 5.096308e-02 7.337988e-02 2.901354e-02 8.536198e-02 1.212823e-01 4.874449e-02 7.349929e-02 3.456575e-01 7.593585e-02 6.833053e-02 1.363661e-01 3.114095e-01 1.132742e-01 3.678026e-01 2.304976e-01 2.401638e-01 5.762996e-01 6.261001e-01 
54 541 0 0 0 8.562644e-02 8.802026e-02 1.280436e-01 8.709483e-02 9.777827e-02 1.120930e-01 1.427177e-01 1.382977e-01 1.033286e-01 9.255954e-02 1.013715e-01 6.635173e-02 5.257291e-02 7.314413e-02 2.935066e-02 8.613325e-02 1.210579e-01 4.808271e-02 7.286329e-02 3.500136e-01 7.480072e-02 6.891318e-02 1.331629e-01 3.037555e-01 1.136613e-01 3.702369e-01 2.291033e-01 2.438186e-01 5.714782e-01 6.213286e-01 
55 551 0 0 0 8.988677e-02 8.725858e-02 1.245872e-01 8.852193e-02 9.896467e-02 1.161081e-01 1.431092e-01 1.383280e-01 1.037681e-01 9.513532e-02 1.028175e-01 6.597811e-02 5.364209e-02 7.502596e-02 2.913400e-02 9.145353e-02 1.162042e-01 4.863989e-02 7.349017e-02 3.492797e-01 7.502611e-02 7.085680e-02 1.295375e-01 3.026538e-01 1.159108e-01 3.695031e-01 2.248428e-01 2.420620e-01 5.535478e-01 6.205833e-01 
56 561 0 0 0 8.704789e-02 8.461419e-02 1.224130e-01 8.971710e-02 9.969840e-02 1.152105e-01 1.432546e-01 1.430096e-01 1.047945e-01 9.328412e-02 1.016512e-01 6.620067e-02 5.318294e-02 7.401253e-02 2.923396e-02 8.707846e-02 1.154641e-01 4.920580e-02 7.446188e-02 3.389929e-01 7.317559e-02 6.981861e-02 1.288849e-01 3.020553e-01 1.159389e-01 3.688357e-01 2.188244e-01 2.359524e-01 5.672194e-01 6.283767e-01 
57 571 0 0 0 8.707107e-02 7.728267e-02 1.216298e-01 8.904913e-02 9.610883e-02 1.150868e-01 1.425751e-01 1.417940e-01 1.022690e-01 9.320477e-02 1.036679e-01 6.531298e-02 5.269078e-02 7.610885e-02 2.878979e-02 8.433331e-02 1.143233e-01 4.886417e-02 7.632397e-02 3.419428e-01 6.963474e-02 7.008069e-02 1.297794e-01 3.011909e-01 1.127517e-01 3.642760e-01 2.188928e-01 2.381998e-01 5.782116e-01 6.195698e-01 
58 581 0 0 0 8.944314e-02 7.510491e-02 1.185023e-01 8.532455e-02 9.329185e-02 1.122606e-01 1.477124e-01 1.405554e-01 1.004238e-01 9.547739e-02 1.013869e-01 6.528091e-02 5.298591e-02 8.092762e-02 2.867878e-02 8.593457e-02 1.168444e-01 5.011888e-02 7.469846e-02 3.375952e-01 6.730414e-02 6.950800e-02 1.278359e-01 2.997086e-01 1.129594e-01 3.602417e-01 2.221217e-01 2.338027e-01 5.712512e-01 6.338632e-01 
59 591 0 0 0 9.103455e-02 7.270871e-02 1.200264e-01 8.451171e-02 9.583041e-02 1.104340e-01 1.456854e-01 1.350448e-01 9.941420e-02 9.464855e-02 9.811804e-02 6.678841e-02 5.494212e-02 8.363791e-02 2.885642e-02 8.520457e-02 1.152492e-01 5.074205e-02 7.593109e-02 3.392837e-01 6.700873e-02 6.798863e-02 1.252862e-01 3.021051e-01 1.128910e-01 3.545611e-01 2.207704e-01 2.256824e-01 5.733033e-01 6.284731e-01 
60 601 0 0 0 9.097021e-02 7.499517e-02 1.239830e-01 8.642831e-02 9.686601e-02 1.103344e-01 1.466059e-01 1.361231e-01 1.009381e-01 9.626609e-02 9.547814e-02 6.666772e-02 5.376576e-02 8.224366e-02 2.949453e-02 8.700713e-02 1.170224e-01 5.047089e-02 7.883392e-02 3.330440e-01 6.861751e-02 6.312244e-02 1.266704e-01 3.048853e-01 1.152934e-01 3.514787e-01 2.209543e-01 2.233704e-01 5.795004e-01 6.314482e-01 
61 611 0 0 0 9.069752e-02 7.733665e-02 1.209257e-01 8.459656e-02 9.759274e-02 1.078173e-01 1.494739e-01 1.348427e-01 9.945767e-02 9.100723e-02 9.651212e-02 6.540184e-02 5.438118e-02 8.226771e-02 2.947616e-02 8.616118e-02 1.163871e-01 4.883444e-02 7.555275e-02 3.347061e-01 6.736870e-02 6.311770e-02 1.256240e-01 3.046714e-01 1.148765e-01 3.364365e-01 2.277454e-01 2.262787e-01 5.725792e-01 6.294387e-01 
62 621 0 0 0 8.986891e-02 7.681286e-02 1.198561e-01 8.548855e-02 9.532390e-02 1.064750e-01 1.464981e-01 1.306109e-01 9.744973e-02 9.240006e-02 9.845660e-02 6.591191e-02 5.391207e-02 8.193423e-02 2.977574e-02 8.628535e-02 1.188269e-01 5.081493e-02 7.625678e-02 3.340937e-01 6.630227e-02 6.153820e-02 1.277020e-01 3.027915e-01 1.115767e-01 3.402895e-01 2.174359e-01 2.152555e-01 5.805893e-01 6.200439e-01 
63 631 0 0 0 8.974741e-02 7.683168e-02 1.179009e-01 8.096027e-02 9.493708e-02 1.053718e-01 1.414906e-01 1.288534e-01 9.634092e-02 9.260781e-02 9.897725e-02 6.522985e-02 5.414403e-02 8.191042e-02 2.913490e-02 8.538041e-02 1.210351e-01 5.293576e-02 7.886965e-02 3.354184e-01 6.869833e-02 6.005523e-02 1.232263e-01 3.095840e-01 1.125340e-01 3.446134e-01 2.227792e-01 2.127460e-01 5.751372e-01 6.234855e-01 
64 641 0 0 0 9.011552e-02 7.923371e-02 1.166655e-01 7.842026e-02 9.388255e-02 1.036402e-01 1.422465e-01 1.265279e-01 9.565687e-02 9.190710e-02 9.737591e-02 6.512279e-02 5.535187e-02 8.023147e-02 2.991559e-02 8.560466e-02 1.242445e-01 5.281979e-02 7.898481e-02 3.339833e-01 6.906569e-02 6.054320e-02 1.227784e-01 3.146310e-01 1.181514e-01 3.377569e-01 2.222428e-01 2.114161e-01 5.609232e-01 6.161471e-01 
65 651 0 0 0 8.498877e-02 7.798597e-02 1.157364e-01 7.851988e-02 9.406200e-02 1.055738e-01 1.405536e-01 1.248949e-01 9.514195e-02 9.243063e-02 9.433724e-02 6.402680e-02 5.419402e-02 7.736710e-02 2.952163e-02 8.301357e-02 1.230973e-01 5.260541e-02 7.825107e-02 3.357596e-01 6.703523e-02 6.331159e-02 1.205136e-01 3.191604e-01 1.171263e-01 3.439152e-01 2.215243e-01 2.118366e-01 5.450941e-01 6.135876e-01 
66 661 0 0 0 8.579987e-02 7.998265e-02 1.154171e-01 7.703173e-02 9.384610e-02 1.066614e-01 1.430721e-01 1.241214e-01 9.708148e-02 9.407447e-02 9.755162e-02 6.768401e-02 5.482112e-02 7.631824e-02 3.000202e-02 8.653263e-02 1.225779e-01 5.253971e-02 7.819411e-02 3.357750e-01 6.834470e-02 6.573009e-02 1.209970e-01 3.158743e-01 1.139983e-01 3.469499e-01 2.197349e-01 2.203586e-01 5.414332e-01 6.283904e-01 
67 671 0 0 0 8.653504e-02 8.358279e-02 1.162847e-01 7.897031e-02 9.255323e-02 1.027797e-01 1.400021e-01 1.262035e-01 9.556905e-02 9.650273e-02 9.749870e-02 6.483593e-02 5.444719e-02 8.046522e-02 3.016447e-02 8.430883e-02 1.222929e-01 5.166574e-02 7.860155e-02 3.361907e-01 6.722271e-02 6.205686e-02 1.213124e-01 3.108686e-01 1.151812e-01 3.490259e-01 2.196629e-01 2.194650e-01 5.383925e-01 6.248562e-01 
68 681 0 0 0 8.109161e-02 8.335797e-02 1.152642e-01 7.921888e-02 9.379081e-02 1.012215e-01 1.399653e-01 1.255336e-01 9.769189e-02 9.977383e-02 9.685834e-02 6.554921e-02 5.478333e-02 8.014205e-02 3.099545e-02 8.725530e-02 1.225292e-01 5.143518e-02 7.961876e-02 3.315002e-01 6.869065e-02 6.228657e-02 1.209178e-01 3.028899e-01 1.171219e-01 3.490545e-01 2.232430e-01 2.191312e-01 5.375516e-01 6.172484e-01 
69 691 0 0 0 8.496861e-02 8.847602e-02 1.137056e-01 8.023522e-02 9.382818e-02 1.017397e-01 1.384123e-01 1.238472e-01 9.826105e-02 9.570331e-02 9.643999e-02 6.465198e-02 5.536385e-02 8.119009e-02 3.147786e-02 8.930067e-02 1.275277e-01 5.244272e-02 7.993740e-02 3.273905e-01 6.906832e-02 6.295037e-02 1.189945e-01 3.073690e-01 1.167784e-01 3.458391e-01 2.279268e-01 2.170882e-01 5.404807e-01 6.208401e-01 
70 701 0 0 0 8.802868e-02 8.707494e-02 1.129932e-01 8.131646e-02 9.314938e-02 1.018171e-01 1.364332e-01 1.223537e-01 9.925741e-02 9.735570e-02 9.490820e-02 6.534119e-02 5.509681e-02 8.361700e-02 3.123529e-02 8.980062e-02 1.276600e-01 5.286395e-02 7.976051e-02 3.276523e-01 6.991378e-02 6.402839e-02 1.194798e-01 3.075669e-01 1.152771e-01 3.469063e-01 2.213266e-01 2.125199e-01 5.544191e-01 6.294147e-01 
71 711 0 0 0 8.511377e-02 8.835088e-02 1.136176e-01 8.131832e-02 9.320624e-02 1.037176e-01 1.404033e-01 1.244367e-01 9.804432e-02 9.798929e-02 9.298013e-02 6.884405e-02 5.606288e-02 8.168866e-02 3.140411e-02 9.094091e-02 1.267133e-01 5.269472e-02 7.862406e-02 3.352569e-01 6.898647e-02 6.308523e-02 1.205295e-01 3.075002e-01 1.131783e-01 3.383084e-01 2.178144e-01 2.145482e-01 5.507669e-01 6.213736e-01 
72 721 0 0 0 8.631531e-02 8.873095e-02 1.112613e-01 8.144498e-02 9.399784e-02 9.985436e-02 1.399393e-01 1.269881e-01 9.990494e-02 9.622282e-02 9.066823e-02 6.978068e-02 5.661129e-02 8.380964e-02 3.072350e-02 9.486063e-02 1.192872e-01 5.257068e-02 7.693117e-02 3.342617e-01 6.709319e-02 6.433462e-02 1.175992e-01 3.033468e-01 1.159040e-01 3.434146e-01 2.189609e-01 2.215275e-01 5.550168e-01 6.126475e-01 
73 731 0 0 0 8.588842e-02 8.678622e-02 1.119207e-01 8.172342e-02 9.463165e-02 1.029431e-01 1.435719e-01 1.247490e-01 1.012599e-01 9.644646e-02 8.776310e-02 7.005534e-02 5.661368e-02 8.414944e-02 3.096152e-02 9.260348e-02 1.203221e-01 5.289044e-02 7.599760e-02 3.394954e-01 6.884048e-02 6.404646e-02 1.188810e-01 3.113788e-01 1.188022e-01 3.476953e-01 2.196500e-01 2.228257e-01 5.592651e-01 6.095968e-01 
74 741 0 0 0 8.804969e-02 8.756623e-02 1.140974e-01 8.120185e-02 9.485702e-02 1.028799e-01 1.423844e-01 1.234798e-01 1.006754e-01 9.678371e-02 8.567444e-02 6.971224e-02 5.683177e-02 8.583465e-02 3.060485e-02 8.965037e-02 1.235914e-01 5.365514e-02 7.753163e-02 3.383800e-01 6.934134e-02 6.506597e-02 1.186487e-01 3.059473e-01 1.194466e-01 3.525494e-01 2.141748e-01 2.166798e-01 5.603639e-01 6.043578e-01 
75 751 0 0 0 9.072538e-02 8.610052e-02 1.159483e-01 8.126758e-02 9.285974e-02 1.021366e-01 1.427777e-01 1.259549e-01 1.036011e-01 9.908830e-02 8.607542e-02 7.146120e-02 5.677562e-02 8.525341e-02 3.070731e-02 8.948207e-02 1.236009e-01 5.325950e-02 7.737185e-02 3.398973e-01 6.917543e-02 6.538108e-02 1.168883e-01 3.085256e-01 1.182441e-01 3.563245e-01 2.141072e-01 2.161494e-01 5.636233e-01 5.961981e-01 
76 761 0 0 0 8.863082e-02 8.663378e-02 1.135421e-01 8.164885e-02 9.068606e-02 1.014312e-01 1.419688e-01 1.238890e-01 1.016947e-01 1.022756e-01 8.546605e-02 7.142896e-02 5.709015e-02 8.452029e-02 3.100097e-02 8.891274e-02 1.198775e-01 5.447020e-02 7.602126e-02 3.434382e-01 6.944927e-02 6.708387e-02 1.146099e-01 3.116446e-01 1.212107e-01 3.576126e-01 2.188178e-01 2.151431e-01 5.501450e-01 6.160963e-01 
77 771 0 0 0 8.789388e-02 8.701202e-02 1.150837e-01 7.782905e-02 8.983883e-02 1.025786e-01 1.422646e-01 1.224825e-01 1.023297e-01 1.035841e-01 8.665337e-02 7.099556e-02 5.676917e-02 8.499652e-02 3.139465e-02 8.646510e-02 1.178587e-01 5.445173e-02 7.715498e-02 3.439156e-01 7.026701e-02 6.761817e-02 1.123326e-01 3.069280e-01 1.215537e-01 3.584707e-01 2.138062e-01 2.138861e-01 5.416174e-01 6.017685e-01 
78 781 0 0 0 8.584632e-02 8.603216e-02 1.168180e-01 7.732317e-02 8.806178e-02 1.053643e-01 1.437895e-01 1.214041e-01 1.013347e-01 1.040239e-01 8.907184e-02 7.169801e-02 5.628505e-02 8.453461e-02 3.052684e-02 8.806160e-02 1.189780e-01 5.596323e-02 7.673318e-02 3.363332e-01 7.005498e-02 6.643457e-02 1.136426e-01 3.111790e-01 1.206538e-01 3.539513e-01 2.161893e-01 2.137213e-01 5.554739e-01 6.081293e-01 
79 791 0 0 0 8.636589e-02 8.421229e-02 1.184969e-01 7.670785e-02 8.869286e-02 1.043183e-01 1.442330e-01 1.241061e-01 9.999551e-02 1.051276e-01 9.049403e-02 7.240898e-02 5.699318e-02 8.276810e-02 3.057401e-02 8.937988e-02 1.209552e-01 5.624836e-02 7.563805e-02 3.341924e-01 7.207840e-02 6.687700e-02 1.112950e-01 3.136107e-01 1.191936e-01 3.452757e-01 2.134066e-01 2.145356e-01 5.456258e-01 5.910451e-01 
80 801 0 0 0 8.868149e-02 8.424914e-02 1.193870e-01 7.644399e-02 8.837038e-02 1.047940e-01 1.444626e-01 1.243171e-01 9.947846e-02 1.049456e-01 9.247213e-02 7.253400e-02 5.691322e-02 8.357744e-02 3.009122e-02 9.119305e-02 1.208004e-01 5.622322e-02 7.659943e-02 3.367968e-01 7.220074e-02 6.545943e-02 1.103001e-01 3.120249e-01 1.183341e-01 3.438008e-01 2.135676e-01 2.145911e-01 5.463166e-01 5.877871e-01 
81 811 0 0 0 8.819604e-02 8.415111e-02 1.193487e-01 7.728330e-02 8.985367e-02 1.033009e-01 1.456817e-01 1.251319e-01 9.854044e-02 1.052483e-01 8.863069e-02 7.231281e-02 5.676021e-02 8.486897e-02 3.046860e-02 9.277274e-02 1.208394e-01 5.703851e-02 7.629516e-02 3.327680e-01 7.345375e-02 6.379049e-02 1.116344e-01 3.144866e-01 1.197255e-01 3.386675e-01 2.168327e-01 2.188192e-01 5.438124e-01 5.986156e-01 
82 821 0 0 0 8.837833e-02 8.519946e-02 1.194747e-01 7.713282e-02 9.129299e-02 1.020402e-01 1.469363e-01 1.244874e-01 9.798408e-02 1.041838e-01 9.194305e-02 7.323123e-02 5.636905e-02 8.218378e-02 3.104548e-02 9.197869e-02 1.222190e-01 5.623522e-02 7.717426e-02 3.330394e-01 7.278249e-02 6.162004e-02 1.098442e-01 3.096647e-01 1.195939e-01 3.461201e-01 2.181948e-01 2.202856e-01 5.514776e-01 6.021929e-01 
83 831 0 0 0 8.697209e-02 8.738085e-02 1.224400e-01 7.811693e-02 9.237600e-02 1.013058e-01 1.480754e-01 1.250284e-01 9.757662e-02 9.971682e-02 8.943592e-02 7.423407e-02 5.649793e-02 8.041149e-02 3.117614e-02 9.197057e-02 1.218015e-01 5.606312e-02 7.702427e-02 3.269818e-01 7.368955e-02 6.306086e-02 1.111490e-01 3.078716e-01 1.204902e-01 3.446461e-01 2.205162e-01 2.227542e-01 5.471300e-01 6.060622e-01 
84 841 0 0 0 8.752767e-02 8.654597e-02 1.246667e-01 7.949281e-02 9.179125e-02 1.030086e-01 1.533264e-01 1.249851e-01 9.734495e-02 1.030243e-01 8.998296e-02 7.517259e-02 5.569910e-02 8.017205e-02 3.028881e-02 9.354498e-02 1.206842e-01 5.579499e-02 7.606193e-02 3.258307e-01 7.451522e-02 6.453055e-02 1.138231e-01 3.087845e-01 1.211982e-01 3.413940e-01 2.191819e-01 2.276413e-01 5.519577e-01 5.996645e-01 
85 851 0 0 0 8.754232e-02 8.783410e-02 1.253024e-01 7.890148e-02 9.031446e-02 1.036871e-01 1.568698e-01 1.255156e-01 9.819031e-02 1.030934e-01 8.950173e-02 7.610279e-02 5.541963e-02 7.707474e-02 3.051637e-02 9.390797e-02 1.227234e-01 5.625054e-02 7.454560e-02 3.291626e-01 7.599551e-02 6.492853e-02 1.135634e-01 3.067658e-01 1.215185e-01 3.446716e-01 2.170509e-01 2.273707e-01 5.333995e-01 5.887936e-01 
86 861 0 0 0 8.691716e-02 8.710875e-02 1.252780e-01 7.585956e-02 9.116210e-02 1.058746e-01 1.563148e-01 1.262277e-01 9.848271e-02 1.035165e-01 9.101122e-02 7.494547e-02 5.621171e-02 7.798528e-02 3.061653e-02 9.111408e-02 1.212021e-01 5.695372e-02 7.506746e-02 3.348362e-01 7.581453e-02 6.550040e-02 1.116314e-01 3.041627e-01 1.229226e-01 3.455498e-01 2.163561e-01 2.252027e-01 5.248388e-01 5.999787e-01 
87 871 0 0 0 8.829924e-02 8.774646e-02 1.253917e-01 7.567399e-02 9.072222e-02 1.036097e-01 1.585436e-01 1.237000e-01 9.898921e-02 1.047154e-01 9.007982e-02 7.541901e-02 5.647000e-02 7.811471e-02 3.092380e-02 9.091727e-02 1.196188e-01 5.765637e-02 7.486729e-02 3.310969e-01 7.691513e-02 6.534422e-02 1.140134e-01 3.011981e-01 1.246028e-01 3.404470e-01 2.142846e-01 2.279180e-01 5.138548e-01 6.041405e-01 
88 881 0 0 0 8.860257e-02 8.789633e-02 1.251059e-01 7.585146e-02 9.297510e-02 1.051203e-01 1.552845e-01 1.199929e-01 9.828109e-02 1.050150e-01 9.114242e-02 7.532866e-02 5.692308e-02 7.913862e-02 3.087685e-02 9.178559e-02 1.210067e-01 5.769559e-02 7.536739e-02 3.310648e-01 7.390191e-02 6.385615e-02 1.124448e-01 3.074558e-01 1.231843e-01 3.351422e-01 2.157694e-01 2.224906e-01 5.168346e-01 6.029932e-01 
89 891 0 0 0 9.154852e-02 8.757317e-02 1.268616e-01 7.618846e-02 9.314943e-02 1.044035e-01 1.555220e-01 1.210994e-01 9.713211e-02 1.038039e-01 8.875726e-02 7.396878e-02 5.672373e-02 7.997420e-02 3.015799e-02 9.439571e-02 1.215839e-01 5.798143e-02 7.426800e-02 3.325439e-01 7.456108e-02 6.412488e-02 1.128181e-01 3.058060e-01 1.224440e-01 3.317309e-01 2.184547e-01 2.225514e-01 5.169148e-01 6.106038e-01 
90 901 0 0 0 9.082408e-02 8.649694e-02 1.238411e-01 7.707632e-02 9.273773e-02 1.037304e-01 1.532351e-01 1.224901e-01 9.683454e-02 1.035484e-01 8.971525e-02 7.194155e-02 5.680003e-02 7.871979e-02 3.078303e-02 9.333103e-02 1.228364e-01 5.737715e-02 7.405591e-02 3.358846e-01 7.501516e-02 6.257734e-02 1.137611e-01 3.030101e-01 1.225432e-01 3.299719e-01 2.189345e-01 2.255436e-01 5.107912e-01 6.055466e-01 
91 911 0 0 0 8.962313e-02 8.604619e-02 1.229238e-01 7.843533e-02 9.318396e-02 1.017676e-01 1.553629e-01 1.211249e-01 9.768049e-02 1.033389e-01 9.121410e-02 7.214560e-02 5.627749e-02 7.833735e-02 3.029465e-02 9.423682e-02 1.239741e-01 5.634803e-02 7.489067e-02 3.384335e-01 7.495346e-02 6.232447e-02 1.162406e-01 3.039066e-01 1.229146e-01 3.263983e-01 2.200323e-01 2.286272e-01 5.079371e-01 5.974616e-01 
92 921 0 0 0 8.922342e-02 8.574615e-02 1.222083e-01 8.004785e-02 9.176803e-02 1.029090e-01 1.596544e-01 1.197297e-01 9.657232e-02 1.039417e-01 9.126358e-02 7.149016e-02 5.694939e-02 7.795272e-02 3.052681e-02 9.327518e-02 1.270780e-01 5.597623e-02 7.507883e-02 3.366020e-01 7.439647e-02 6.268868e-02 1.150020e-01 3.054818e-01 1.224909e-01 3.284667e-01 2.236801e-01 2.295268e-01 5.056354e-01 5.930657e-01 
93 931 0 0 0 9.089618e-02 8.642896e-02 1.203332e-01 7.920210e-02 9.111137e-02 1.023393e-01 1.599167e-01 1.182676e-01 9.659182e-02 1.041782e-01 9.020762e-02 7.151340e-02 5.649347e-02 7.653751e-02 3.034284e-02 9.284369e-02 1.283385e-01 5.466871e-02 7.564914e-02 3.400444e-01 7.363817e-02 6.245757e-02 1.172917e-01 3.052183e-01 1.222938e-01 3.238109e-01 2.264543e-01 2.274276e-01 5.002096e-01 5.898136e-01 
94 941 0 0 0 9.049714e-02 8.715066e-02 1.201073e-01 7.776419e-02 9.423024e-02 1.009160e-01 1.583401e-01 1.188865e-01 9.628109e-02 1.049728e-01 8.810080e-02 7.277019e-02 5.587027e-02 7.681405e-02 3.069274e-02 9.212534e-02 1.263984e-01 5.489536e-02 7.623217e-02 3.390206e-01 7.267975e-02 6.457096e-02 1.200644e-01 3.050265e-01 1.224420e-01 3.236289e-01 2.253358e-01 2.270435e-01 4.959182e-01 5.897380e-01 
95 951 0 0 0 9.115245e-02 8.431457e-02 1.184052e-01 7.677642e-02 9.359332e-02 9.962249e-02 1.588393e-01 1.201322e-01 9.667607e-02 1.062775e-01 8.747473e-02 7.284929e-02 5.620322e-02 7.682569e-02 3.066380e-02 9.216329e-02 1.250520e-01 5.486270e-02 7.612100e-02 3.313747e-01 7.159729e-02 6.315535e-02 1.193368e-01 3.060826e-01 1.235352e-01 3.227310e-01 2.242659e-01 2.290578e-01 5.055450e-01 5.744594e-01 
96 961 0 0 0 8.999584e-02 8.521696e-02 1.185168e-01 7.586640e-02 9.233013e-02 9.924790e-02 1.581747e-01 1.214419e-01 9.679400e-02 1.066800e-01 8.838119e-02 7.408735e-02 5.640271e-02 7.564715e-02 3.064595e-02 9.235186e-02 1.249921e-01 5.563371e-02 7.646648e-02 3.328227e-01 7.216794e-02 6.416858e-02 1.184580e-01 3.032546e-01 1.233524e-01 3.173437e-01 2.265260e-01 2.269849e-01 5.151605e-01 5.766017e-01 
97 971 0 0 0 8.942655e-02 8.663618e-02 1.165596e-01 7.726457e-02 9.302827e-02 1.012820e-01 1.574633e-01 1.199384e-01 9.698921e-02 1.056436e-01 8.943877e-02 7.413737e-02 5.579756e-02 7.624225e-02 3.069349e-02 9.093506e-02 1.252601e-01 5.472806e-02 7.597211e-02 3.351728e-01 7.196857e-02 6.536102e-02 1.163259e-01 3.027175e-01 1.212935e-01 3.262672e-01 2.255489e-01 2.280333e-01 5.269675e-01 5.817955e-01 
98 981 0 0 0 9.149378e-02 8.501076e-02 1.161614e-01 7.796229e-02 9.501257e-02 9.983598e-02 1.561610e-01 1.206714e-01 9.559347e-02 1.058113e-01 8.947445e-02 7.370258e-02 5.556399e-02 7.568096e-02 3.047794e-02 9.092052e-02 1.261138e-01 5.445595e-02 7.495054e-02 3.307790e-01 7.345033e-02 6.548575e-02 1.209744e-01 3.099921e-01 1.197846e-01 3.255601e-01 2.275739e-01 2.271620e-01 5.275445e-01 5.794712e-01 
99 991 0 0 0 9.171913e-02 8.484712e-02 1.135755e-01 7.801251e-02 9.388330e-02 9.773735e-02 1.553793e-01 1.210852e-01 9.588552e-02 1.041049e-01 9.109924e-02 7.434737e-02 5.490113e-02 7.577989e-02 3.074345e-02 9.025331e-02 1.261530e-01 5.460855e-02 7.548457e-02 3.299838e-01 7.375928e-02 6.550751e-02 1.212472e-01 3.097218e-01 1.213528e-01 3.271480e-01 2.300311e-01 2.304892e-01 5.270049e-01 5.747108e-01 
100 1001 0 0 0 9.123647e-02 8.510911e-02 1.146257e-01 7.953949e-02 9.263342e-02 9.730506e-02 1.532483e-01 1.201318e-01 9.522314e-02 1.051026e-01 9.055010e-02 7.413865e-02 5.440752e-02 7.605782e-02 3.087836e-02 8.997915e-02 1.257179e-01 5.449601e-02 7.578833e-02 3.317655e-01 7.434695e-02 6.487884e-02 1.193332e-01 3.082872e-01 1.219194e-01 3.284616e-01 2.269147e-01 2.296188e-01 5.262703e-01 5.716656e-01 
101 1011 0 0 0 9.086239e-02 8.548568e-02 1.140666e-01 8.035108e-02 9.216565e-02 9.607538e-02 1.538213e-01 1.218739e-01 9.635906e-02 1.060213e-01 9.042368e-02 7.438578e-02 5.453933e-02 7.443518e-02 3.095721e-02 9.051993e-02 1.276031e-01 5.469543e-02 7.534748e-02 3.370198e-01 7.335003e-02 6.278099e-02 1.157256e-01 3.082630e-01 1.228189e-01 3.257433e-01 2.282580e-01 2.286282e-01 5.323184e-01 5.753729e-01 
102 1021 0 0 0 9.069897e-02 8.364037e-02 1.140661e-01 7.917323e-02 9.311236e-02 9.619022e-02 1.559816e-01 1.228212e-01 9.672930e-02 1.037219e-01 8.932470e-02 7.400503e-02 5.422989e-02 7.468988e-02 3.128000e-02 8.949106e-02 1.278503e-01 5.400456e-02 7.567206e-02 3.322632e-01 7.201206e-02 6.290937e-02 1.174827e-01 3.079820e-01 1.238984e-01 3.235442e-01 2.270182e-01 2.252021e-01 5.270981e-01 5.763051e-01 
103 1031 0 0 0 8.934223e-02 8.439105e-02 1.150753e-01 7.972052e-02 9.256709e-02 9.597384e-02 1.558285e-01 1.192395e-01 9.574431e-02 1.035651e-01 9.162495e-02 7.313534e-02 5.365576e-02 7.461520e-02 3.139103e-02 9.160022e-02 1.292485e-01 5.394427e-02 7.546924e-02 3.312880e-01 7.172673e-02 6.252487e-02 1.200509e-01 3.050929e-01 1.250735e-01 3.236449e-01 2.264080e-01 2.237293e-01 5.261414e-01 5.727726e-01 
104 1041 0 0 0 9.021437e-02 8.542654e-02 1.161595e-01 8.034268e-02 9.255971e-02 9.501000e-02 1.515485e-01 1.185485e-01 9.580807e-02 1.029315e-01 9.271719e-02 7.327463e-02 5.324171e-02 7.466885e-02 3.087634e-02 9.143292e-02 1.281590e-01 5.343392e-02 7.551027e-02 3.322196e-01 7.126808e-02 6.257435e-02 1.225005e-01 3.072062e-01 1.240006e-01 3.245140e-01 2.246184e-01 2.230195e-01 5.322587e-01 5.789335e-01 
105 1051 0 0 0 9.061811e-02 8.387661e-02 1.152536e-01 8.083130e-02 9.289102e-02 9.529232e-02 1.511303e-01 1.190668e-01 9.585495e-02 1.035845e-01 9.330468e-02 7.357090e-02 5.290729e-02 7.506412e-02 3.045180e-02 9.140333e-02 1.272013e-01 5.257678e-02 7.588743e-02 3.329801e-01 7.086250e-02 6.241429e-02 1.222894e-01 3.069504e-01 1.231874e-01 3.279619e-01 2.215621e-01 2.240601e-01 5.391010e-01 5.769245e-01 
106 1061 0 0 0 9.113457e-02 8.276807e-02 1.163495e-01 8.113745e-02 9.349251e-02 9.586797e-02 1.489450e-01 1.180170e-01 9.482404e-02 1.030285e-01 9.382067e-02 7.372499e-02 5.236514e-02 7.560051e-02 3.012639e-02 9.182762e-02 1.292407e-01 5.242628e-02 7.560367e-02 3.353844e-01 7.169877e-02 6.221943e-02 1.224777e-01 3.095309e-01 1.221786e-01 3.330756e-01 2.189011e-01 2.245741e-01 5.382000e-01 5.792571e-01 
107 1071 0 0 0 9.080514e-02 8.362205e-02 1.165615e-01 8.062160e-02 9.365445e-02 9.509716e-02 1.492386e-01 1.168382e-01 9.563195e-02 1.031463e-01 9.351780e-02 7.326653e-02 5.278296e-02 7.619374e-02 3.018768e-02 9.072426e-02 1.295125e-01 5.234403e-02 7.607848e-02 3.352891e-01 7.285039e-02 6.209877e-02 1.220065e-01 3.073338e-01 1.227483e-01 3.318523e-01 2.200038e-01 2.234069e-01 5.543243e-01 5.844255e-01 
108 1081 0 0 0 9.051750e-02 8.191603e-02 1.180901e-01 7.918727e-02 9.225878e-02 9.508198e-02 1.493333e-01 1.193698e-01 9.531255e-02 1.023442e-01 9.375455e-02 7.403918e-02 5.353912e-02 7.616290e-02 3.022368e-02 9.130334e-02 1.283606e-01 5.271496e-02 7.583701e-02 3.307293e-01 7.313826e-02 6.216505e-02 1.198334e-01 3.066885e-01 1.225795e-01 3.333951e-01 2.218970e-01 2.232178e-01 5.567945e-01 5.886623e-01 
109 1091 0 0 0 8.877394e-02 8.216242e-02 1.201075e-01 8.024888e-02 9.238311e-02 9.400786e-02 1.516756e-01 1.203044e-01 9.646397e-02 1.015375e-01 9.424308e-02 7.490133e-02 5.358998e-02 7.659985e-02 3.053089e-02 9.109249e-02 1.275520e-01 5.289493e-02 7.636389e-02 3.323825e-01 7.444045e-02 6.229013e-02 1.213646e-01 3.056290e-01 1.245702e-01 3.331073e-01 2.205217e-01 2.206235e-01 5.555336e-01 5.878285e-01 
110 1101 0 0 0 8.831499e-02 8.257794e-02 1.205992e-01 8.175503e-02 9.203651e-02 9.251518e-02 1.510792e-01 1.192766e-01 9.637665e-02 1.016377e-01 9.300563e-02 7.665266e-02 5.351176e-02 7.538233e-02 3.070210e-02 9.196863e-02 1.247678e-01 5.199047e-02 7.670812e-02 3.348849e-01 7.450196e-02 6.269779e-02 1.217313e-01 3.047410e-01 1.237498e-01 3.322302e-01 2.202683e-01 2.239078e-01 5.643445e-01 5.912582e-01 
111 1111 0 0 0 8.870345e-02 8.203206e-02 1.208432e-01 8.195149e-02 9.334301e-02 9.317351e-02 1.507731e-01 1.192866e-01 9.652426e-02 1.014882e-01 9.370504e-02 7.673886e-02 5.268762e-02 7.536042e-02 3.081197e-02 9.206291e-02 1.248501e-01 5.158957e-02 7.684881e-02 3.364693e-01 7.482787e-02 6.335236e-02 1.215718e-01 3.080275e-01 1.235803e-01 3.311012e-01 2.202992e-01 2.259626e-01 5.523993e-01 5.838281e-01 
112 1121 0 0 0 9.008153e-02 8.083798e-02 1.227140e-01 8.126149e-02 9.409475e-02 9.204579e-02 1.525961e-01 1.169617e-01 9.796249e-02 1.010570e-01 9.424218e-02 7.763283e-02 5.324357e-02 7.547006e-02 3.084972e-02 9.187775e-02 1.220375e-01 5.220666e-02 7.689071e-02 3.360713e-01 7.447569e-02 6.256445e-02 1.197573e-01 3.033788e-01 1.230824e-01 3.324390e-01 2.177450e-01 2.213648e-01 5.521984e-01 5.876888e-01 
113 1131 0 0 0 9.050565e-02 7.998715e-02 1.222336e-01 8.136394e-02 9.360362e-02 9.335195e-02 1.530600e-01 1.164645e-01 9.771299e-02 1.013067e-01 9.342467e-02 7.663852e-02 5.333223e-02 7.575457e-02 3.096984e-02 9.088435e-02 1.199518e-01 5.211490e-02 7.725323e-02 3.346893e-01 7.431620e-02 6.344814e-02 1.193875e-01 3.022139e-01 1.220532e-01 3.345308e-01 2.174607e-01 2.223762e-01 5.519672e-01 5.949030e-01 
114 1141 0 0 0 8.983037e-02 8.081969e-02 1.202609e-01 8.020752e-02 9.266682e-02 9.155068e-02 1.525067e-01 1.185570e-01 9.649488e-02 1.038728e-01 9.210669e-02 7.764623e-02 5.361729e-02 7.430279e-02 3.124026e-02 9.211007e-02 1.193584e-01 5.238164e-02 7.772461e-02 3.315250e-01 7.350679e-02 6.382342e-02 1.176996e-01 3.092857e-01 1.225424e-01 3.399840e-01 2.186376e-01 2.200466e-01 5.532974e-01 5.945997e-01 
115 1151 0 0 0 8.947489e-02 8.015301e-02 1.193808e-01 7.986509e-02 9.373427e-02 9.250140e-02 1.538513e-01 1.206021e-01 9.614602e-02 1.045048e-01 9.282545e-02 7.715950e-02 5.385347e-02 7.466888e-02 3.071828e-02 9.131583e-02 1.202065e-01 5.228572e-02 7.718785e-02 3.288864e-01 7.363550e-02 6.452672e-02 1.188866e-01 3.078596e-01 1.220115e-01 3.356215e-01 2.216775e-01 2.181075e-01 5.481597e-01 5.997713e-01 
116 1161 0 0 0 8.921807e-02 8.174596e-02 1.199829e-01 7.970079e-02 9.219153e-02 9.362972e-02 1.537899e-01 1.228058e-01 9.660453e-02 1.046084e-01 9.310831e-02 7.729600e-02 5.407750e-02 7.393444e-02 3.081962e-02 9.241541e-02 1.224074e-01 5.259128e-02 7.715739e-02 3.265844e-01 7.387938e-02 6.425005e-02 1.183344e-01 3.073143e-01 1.224154e-01 3.357026e-01 2.227917e-01 2.193159e-01 5.416065e-01 6.039620e-01 
117 1171 0 0 0 8.910103e-02 8.319181e-02 1.182490e-01 7.917244e-02 9.267597e-02 9.398425e-02 1.531498e-01 1.232893e-01 9.670775e-02 1.063623e-01 9.247682e-02 7.752433e-02 5.411590e-02 7.354445e-02 3.082839e-02 9.164731e-02 1.234099e-01 5.251125e-02 7.731122e-02 3.264823e-01 7.388328e-02 6.447636e-02 1.182436e-01 3.075566e-01 1.227992e-01 3.332036e-01 2.226778e-01 2.191757e-01 5.428135e-01 6.089922e-01 
118 1181 0 0 0 9.005502e-02 8.422640e-02 1.191946e-01 8.080925e-02 9.264438e-02 9.396623e-02 1.542264e-01 1.243341e-01 9.724430e-02 1.054538e-01 9.217496e-02 7.730711e-02 5.336239e-02 7.170506e-02 3.085761e-02 9.068035e-02 1.231189e-01 5.153551e-02 7.761041e-02 3.284003e-01 7.350404e-02 6.432070e-02 1.169376e-01 3.094825e-01 1.228809e-01 3.326475e-01 2.211430e-01 2.204184e-01 5.500725e-01 6.072152e-01 
119 1191 0 0 0 9.019937e-02 8.427148e-02 1.174874e-01 8.081272e-02 9.309636e-02 9.524595e-02 1.535315e-01 1.238850e-01 9.698098e-02 1.060503e-01 9.277577e-02 7.766509e-02 5.347557e-02 7.171747e-02 3.113424e-02 9.095001e-02 1.225833e-01 5.182973e-02 7.723025e-02 3.280882e-01 7.378859e-02 6.515299e-02 1.204419e-01 3.083531e-01 1.218104e-01 3.321918e-01 2.179121e-01 2.194351e-01 5.459316e-01 6.076755e-01 
120 1201 0 0 0 9.050960e-02 8.421039e-02 1.181396e-01 8.032309e-02 9.244067e-02 9.615241e-02 1.539061e-01 1.233268e-01 9.645529e-02 1.060683e-01 9.350095e-02 7.850500e-02 5.356701e-02 7.193177e-02 3.099121e-02 9.131569e-02 1.205520e-01 5.144972e-02 7.663377e-02 3.289476e-01 7.494740e-02 6.494972e-02 1.199920e-01 3.082209e-01 1.213126e-01 3.321646e-01 2.163244e-01 2.181585e-01 5.465850e-01 6.050393e-01 
121 1211 0 0 0 9.000935e-02 8.407540e-02 1.179742e-01 8.021934e-02 9.221366e-02 9.608920e-02 1.545084e-01 1.208058e-01 9.616664e-02 1.045462e-01 9.444527e-02 7.788439e-02 5.376441e-02 7.299377e-02 3.072284e-02 9.117068e-02 1.208593e-01 5.109456e-02 7.686039e-02 3.287828e-01 7.492787e-02 6.477128e-02 1.214630e-01 3.081682e-01 1.219500e-01 3.306991e-01 2.187384e-01 2.190907e-01 5.484408e-01 6.043895e-01 
122 1221 0 0 0 9.010211e-02 8.535888e-02 1.191252e-01 8.031413e-02 9.170547e-02 9.602419e-02 1.535683e-01 1.208274e-01 9.608823e-02 1.062036e-01 9.455344e-02 7.750351e-02 5.328472e-02 7.264831e-02 3.100606e-02 9.077315e-02 1.194937e-01 5.163546e-02 7.665278e-02 3.290858e-01 7.547531e-02 6.429531e-02 1.215473e-01 3.073576e-01 1.220041e-01 3.263798e-01 2.211720e-01 2.189215e-01 5.437661e-01 6.024848e-01 
123 1231 0 0 0 9.000201e-02 8.403891e-02 1.196736e-01 8.045220e-02 9.270997e-02 9.618040e-02 1.527136e-01 1.193860e-01 9.719732e-02 1.046031e-01 9.547964e-02 7.735362e-02 5.278209e-02 7.283161e-02 3.078903e-02 9.001253e-02 1.189696e-01 5.184118e-02 7.554385e-02 3.310971e-01 7.509495e-02 6.407164e-02 1.198446e-01 3.061032e-01 1.215170e-01 3.271254e-01 2.213276e-01 2.211654e-01 5.460222e-01 5.997448e-01 
124 1241 0 0 0 8.921283e-02 8.506947e-02 1.187469e-01 8.085843e-02 9.197704e-02 9.640415e-02 1.535984e-01 1.198906e-01 9.654317e-02 1.043653e-01 9.565558e-02 7.760763e-02 5.265325e-02 7.369449e-02 3.063295e-02 8.970074e-02 1.184510e-01 5.159545e-02 7.532092e-02 3.324007e-01 7.507743e-02 6.461303e-02 1.194240e-01 3.077073e-01 1.217468e-01 3.267528e-01 2.221910e-01 2.221815e-01 5.496350e-01 5.983912e-01 
125 1251 0 0 0 8.901449e-02 8.540694e-02 1.185095e-01 8.066829e-02 9.275157e-02 9.584508e-02 1.543264e-01 1.195156e-01 9.633924e-02 1.050573e-01 9.554117e-02 7.820251e-02 5.289791e-02 7.308897e-02 3.058745e-02 9.025822e-02 1.177024e-01 5.167993e-02 7.531671e-02 3.324719e-01 7.501351e-02 6.507062e-02 1.203365e-01 3.051651e-01 1.211630e-01 3.256531e-01 2.196477e-01 2.226734e-01 5.463702e-01 5.988292e-01 
126 1261 0 0 0 9.030354e-02 8.403000e-02 1.198046e-01 8.148229e-02 9.216419e-02 9.606437e-02 1.538914e-01 1.200966e-01 9.649516e-02 1.049106e-01 9.511128e-02 7.814718e-02 5.288978e-02 7.330715e-02 3.052580e-02 9.122895e-02 1.178185e-01 5.127506e-02 7.629578e-02 3.337054e-01 7.498138e-02 6.567783e-02 1.197781e-01 3.019461e-01 1.217820e-01 3.248998e-01 2.196691e-01 2.218326e-01 5.415260e-01 6.045108e-01 
127 1271 0 0 0 9.002482e-02 8.324668e-02 1.193170e-01 8.114922e-02 9.180564e-02 9.672313e-02 1.539814e-01 1.208012e-01 9.670459e-02 1.042207e-01 9.531334e-02 7.777748e-02 5.287698e-02 7.273817e-02 3.055078e-02 9.073683e-02 1.172010e-01 5.102975e-02 7.605654e-02 3.326668e-01 7.487157e-02 6.513654e-02 1.197784e-01 3.026597e-01 1.207521e-01 3.263946e-01 2.188218e-01 2.199754e-01 5.416588e-01 6.096896e-01 
128 1281 0 0 0 9.007750e-02 8.321581e-02 1.202785e-01 8.107866e-02 9.312954e-02 9.605023e-02 1.533479e-01 1.217859e-01 9.638379e-02 1.046999e-01 9.601193e-02 7.803250e-02 5.306186e-02 7.283402e-02 3.044204e-02 9.126156e-02 1.174463e-01 5.088713e-02 7.587189e-02 3.331896e-01 7.471063e-02 6.504655e-02 1.207766e-01 3.015582e-01 1.195444e-01 3.248337e-01 2.182892e-01 2.194503e-01 5.427774e-01 6.102243e-01 
129 1291 0 0 0 9.043140e-02 8.327466e-02 1.207277e-01 8.103744e-02 9.319638e-02 9.519283e-02 1.524187e-01 1.211087e-01 9.673319e-02 1.044212e-01 9.665835e-02 7.777647e-02 5.279898e-02 7.194879e-02 3.030344e-02 9.031096e-02 1.183578e-01 5.027020e-02 7.543770e-02 3.336732e-01 7.479585e-02 6.533564e-02 1.214398e-01 3.020454e-01 1.193131e-01 3.285114e-01 2.171225e-01 2.174542e-01 5.482524e-01 6.097068e-01 
130 1301 0 0 0 8.952101e-02 8.336186e-02 1.203952e-01 8.085302e-02 9.267063e-02 9.597668e-02 1.521126e-01 1.208461e-01 9.620754e-02 1.046618e-01 9.735652e-02 7.721074e-02 5.269748e-02 7.319371e-02 3.042527e-02 9.128305e-02 1.193312e-01 5.004829e-02 7.604824e-02 3.346758e-01 7.502398e-02 6.560525e-02 1.220080e-01 3.022116e-01 1.185893e-01 3.292352e-01 2.168244e-01 2.171522e-01 5.496479e-01 6.098922e-01 
131 1311 0 0 0 8.909969e-02 8.345516e-02 1.206777e-01 8.049623e-02 9.247276e-02 9.596921e-02 1.529870e-01 1.220700e-01 9.638795e-02 1.049675e-01 9.743099e-02 7.728708e-02 5.272212e-02 7.321275e-02 3.071845e-02 9.060492e-02 1.191338e-01 5.020290e-02 7.680041e-02 3.326838e-01 7.480860e-02 6.639490e-02 1.226581e-01 3.021676e-01 1.196672e-01 3.265041e-01 2.182212e-01 2.176025e-01 5.516335e-01 6.096559e-01 
132 1321 0 0 0 8.937435e-02 8.435609e-02 1.201703e-01 8.018937e-02 9.286723e-02 9.713925e-02 1.527800e-01 1.213631e-01 9.573166e-02 1.052136e-01 9.759250e-02 7.673341e-02 5.264523e-02 7.350711e-02 3.089343e-02 9.091479e-02 1.199548e-01 5.020507e-02 7.694058e-02 3.351528e-01 7.493363e-02 6.693963e-02 1.229507e-01 3.029554e-01 1.198324e-01 3.285306e-01 2.180443e-01 2.201038e-01 5.545298e-01 6.101600e-01 
133 1331 0 0 0 8.926185e-02 8.363731e-02 1.198355e-01 8.074961e-02 9.344258e-02 9.794285e-02 1.524917e-01 1.203542e-01 9.616013e-02 1.058769e-01 9.797605e-02 7.647070e-02 5.273387e-02 7.375143e-02 3.083694e-02 9.142854e-02 1.192332e-01 5.048093e-02 7.693351e-02 3.373713e-01 7.460030e-02 6.638254e-02 1.225293e-01 3.022718e-01 1.200131e-01 3.288842e-01 2.173902e-01 2.204392e-01 5.615728e-01 6.084589e-01 
134 1341 0 0 0 8.917468e-02 8.371275e-02 1.192654e-01 8.092159e-02 9.294737e-02 9.834461e-02 1.518401e-01 1.212954e-01 9.602846e-02 1.056303e-01 9.743263e-02 7.654810e-02 5.277359e-02 7.417977e-02 3.090300e-02 9.157360e-02 1.198594e-01 5.064503e-02 7.701173e-02 3.361113e-01 7.445659e-02 6.663394e-02 1.225851e-01 3.008681e-01 1.193812e-01 3.269989e-01 2.173273e-01 2.201476e-01 5.652372e-01 6.089789e-01 
135 1351 0 0 0 8.894245e-02 8.308641e-02 1.198937e-01 8.180458e-02 9.297020e-02 9.889529e-02 1.525469e-01 1.210843e-01 9.656249e-02 1.054436e-01 9.777950e-02 7.634851e-02 5.229616e-02 7.464710e-02 3.098585e-02 9.240739e-02 1.202829e-01 5.035279e-02 7.686747e-02 3.340188e-01 7.476401e-02 6.665166e-02 1.214684e-01 3.030151e-01 1.190928e-01 3.282151e-01 2.185747e-01 2.192572e-01 5.621050e-01 6.052260e-01 
136 1361 0 0 0 8.854576e-02 8.325766e-02 1.188843e-01 8.128340e-02 9.263539e-02 9.870809e-02 1.530352e-01 1.211171e-01 9.695797e-02 1.054563e-01 9.804664e-02 7.578289e-02 5.205945e-02 7.444112e-02 3.100908e-02 9.247660e-02 1.210653e-01 5.031536e-02 7.718832e-02 3.349551e-01 7.483984e-02 6.627113e-02 1.218659e-01 3.041859e-01 1.198645e-01 3.280148e-01 2.181398e-01 2.187118e-01 5.605684e-01 6.056317e-01 
137 1371 0 0 0 8.933216e-02 8.372716e-02 1.190226e-01 8.203358e-02 9.248949e-02 9.860961e-02 1.534150e-01 1.209465e-01 9.786497e-02 1.047894e-01 9.704543e-02 7.565591e-02 5.202525e-02 7.400446e-02 3.113809e-02 9.202332e-02 1.204805e-01 5.059725e-02 7.726803e-02 3.355467e-01 7.491178e-02 6.644692e-02 1.216336e-01 3.041332e-01 1.206443e-01 3.287194e-01 2.186131e-01 2.183847e-01 5.546573e-01 6.056161e-01 
138 1381 0 0 0 8.867415e-02 8.323152e-02 1.188607e-01 8.205519e-02 9.214518e-02 9.860571e-02 1.542828e-01 1.206609e-01 9.746368e-02 1.056074e-01 9.614068e-02 7.568693e-02 5.224563e-02 7.379209e-02 3.083065e-02 9.150982e-02 1.205460e-01 5.066408e-02 7.779908e-02 3.369818e-01 7.459816e-02 6.598951e-02 1.210056e-01 3.030848e-01 1.202182e-01 3.286604e-01 2.175407e-01 2.183695e-01 5.518848e-01 6.084860e-01 
139 1391 0 0 0 8.903276e-02 8.386073e-02 1.179539e-01 8.175974e-02 9.198821e-02 9.721859e-02 1.541151e-01 1.202230e-01 9.666820e-02 1.049312e-01 9.611531e-02 7.580914e-02 5.209181e-02 7.330432e-02 3.073135e-02 9.109518e-02 1.203405e-01 5.066966e-02 7.770592e-02 3.382493e-01 7.471940e-02 6.554120e-02 1.216460e-01 3.054557e-01 1.195299e-01 3.279205e-01 2.179480e-01 2.196580e-01 5.529167e-01 6.048970e-01 
140 1401 0 0 0 8.961952e-02 8.300981e-02 1.166311e-01 8.119785e-02 9.168596e-02 9.775394e-02 1.548787e-01 1.189094e-01 9.665394e-02 1.055496e-01 9.616436e-02 7.652209e-02 5.237536e-02 7.280302e-02 3.068190e-02 9.143197e-02 1.192400e-01 5.074719e-02 7.712764e-02 3.380590e-01 7.437331e-02 6.579008e-02 1.214786e-01 3.064174e-01 1.198856e-01 3.280494e-01 2.183538e-01 2.194663e-01 5.514425e-01 6.021143e-01 
141 1411 0 0 0 9.018429e-02 8.317944e-02 1.163567e-01 8.108456e-02 9.210389e-02 9.815300e-02 1.546394e-01 1.190719e-01 9.656201e-02 1.057598e-01 9.599680e-02 7.669878e-02 5.233718e-02 7.327903e-02 3.066912e-02 9.148080e-02 1.188441e-01 5.058263e-02 7.706801e-02 3.370242e-01 7.464825e-02 6.627197e-02 1.212987e-01 3.056796e-01 1.198196e-01 3.300773e-01 2.173392e-01 2.200474e-01 5.561978e-01 6.044298e-01 
142 1421 0 0 0 8.957785e-02 8.263016e-02 1.157012e-01 8.129092e-02 9.211410e-02 9.792648e-02 1.537879e-01 1.196162e-01 9.652699e-02 1.056483e-01 9.601406e-02 7.652852e-02 5.251511e-02 7.384985e-02 3.072200e-02 9.192869e-02 1.188956e-01 5.038995e-02 7.729100e-02 3.372367e-01 7.471817e-02 6.597422e-02 1.207904e-01 3.069974e-01 1.196984e-01 3.279555e-01 2.168150e-01 2.178235e-01 5.589459e-01 6.047391e-01 
143 1431 0 0 0 8.994745e-02 8.277033e-02 1.158405e-01 8.069136e-02 9.183357e-02 9.781791e-02 1.538025e-01 1.193265e-01 9.655716e-02 1.061410e-01 9.532317e-02 7.673129e-02 5.281733e-02 7.346372e-02 3.061555e-02 9.145795e-02 1.192201e-01 5.028055e-02 7.662656e-02 3.368805e-01 7.471436e-02 6.607437e-02 1.205644e-01 3.060301e-01 1.191047e-01 3.269433e-01 2.173091e-01 2.177606e-01 5.584146e-01 6.016261e-01 
144 1441 0 0 0 9.069838e-02 8.229654e-02 1.163290e-01 8.077176e-02 9.220869e-02 9.792968e-02 1.541184e-01 1.200044e-01 9.640528e-02 1.055956e-01 9.497768e-02 7.632016e-02 5.287764e-02 7.337109e-02 3.065213e-02 9.157058e-02 1.196838e-01 5.023938e-02 7.668439e-02 3.362167e-01 7.449745e-02 6.611469e-02 1.208852e-01 3.045853e-01 1.188176e-01 3.275441e-01 2.175051e-01 2.180364e-01 5.583465e-01 6.029652e-01 
145 1451 0 0 0 9.020437e-02 8.272263e-02 1.164084e-01 8.065806e-02 9.215275e-02 9.821957e-02 1.550330e-01 1.205368e-01 9.672091e-02 1.055334e-01 9.445622e-02 7.595323e-02 5.304798e-02 7.339017e-02 3.064431e-02 9.116451e-02 1.193296e-01 4.993833e-02 7.664105e-02 3.354657e-01 7.511906e-02 6.615142e-02 1.209024e-01 3.048011e-01 1.191147e-01 3.247181e-01 2.172023e-01 2.190103e-01 5.568970e-01 6.021098e-01 
146 1461 0 0 0 9.003633e-02 8.290424e-02 1.166454e-01 8.068900e-02 9.233844e-02 9.850788e-02 1.555948e-01 1.202340e-01 9.681149e-02 1.054615e-01 9.505131e-02 7.589561e-02 5.288612e-02 7.336095e-02 3.055134e-02 9.142541e-02 1.202531e-01 4.985753e-02 7.667283e-02 3.335532e-01 7.562052e-02 6.592170e-02 1.202421e-01 3.037921e-01 1.197053e-01 3.245126e-01 2.178012e-01 2.194059e-01 5.529459e-01 6.009444e-01 
147 1471 0 0 0 9.033532e-02 8.297839e-02 1.160441e-01 8.057615e-02 9.187377e-02 9.816769e-02 1.559962e-01 1.192196e-01 9.673683e-02 1.055213e-01 9.464846e-02 7.588838e-02 5.268046e-02 7.276364e-02 3.057840e-02 9.162196e-02 1.193302e-01 4.953853e-02 7.672759e-02 3.360954e-01 7.549476e-02 6.570120e-02 1.198225e-01 3.048635e-01 1.201762e-01 3.235322e-01 2.172269e-01 2.182295e-01 5.556093e-01 6.003134e-01 
148 1481 0 0 0 9.077963e-02 8.292682e-02 1.154780e-01 8.041457e-02 9.174927e-02 9.782937e-02 1.566042e-01 1.184606e-01 9.654808e-02 1.049174e-01 9.496005e-02 7.551430e-02 5.243248e-02 7.233051e-02 3.071985e-02 9.144485e-02 1.195604e-01 4.936384e-02 7.643162e-02 3.356001e-01 7.561430e-02 6.554648e-02 1.204833e-01 3.044402e-01 1.203793e-01 3.240213e-01 2.180933e-01 2.179605e-01 5.552859e-01 6.010170e-01 
149 1491 0 0 0 9.037074e-02 8.266994e-02 1.147865e-01 8.039016e-02 9.171423e-02 9.726962e-02 1.571464e-01 1.186377e-01 9.685415e-02 1.050181e-01 9.536744e-02 7.559580e-02 5.242784e-02 7.246116e-02 3.070734e-02 9.085633e-02 1.187389e-01 4.928296e-02 7.652590e-02 3.374538e-01 7.534014e-02 6.558430e-02 1.200508e-01 3.053941e-01 1.207091e-01 3.240648e-01 2.174155e-01 2.186416e-01 5.564263e-01 5.998589e-01 
150 1501 0 0 0 9.039366e-02 8.201907e-02 1.144289e-01 8.016897e-02 9.146334e-02 9.723214e-02 1.573746e-01 1.190096e-01 9.664908e-02 1.052259e-01 9.514116e-02 7.572602e-02 5.216469e-02 7.265829e-02 3.054849e-02 9.082228e-02 1.189419e-01 4.932658e-02 7.700960e-02 3.368395e-01 7.534159e-02 6.542225e-02 1.196396e-01 3.056940e-01 1.211325e-01 3.226611e-01 2.169437e-01 2.186607e-01 5.559186e-01 5.986853e-01 
151 1511 0 0 0 9.067812e-02 8.211875e-02 1.146167e-01 8.022139e-02 9.202721e-02 9.685601e-02 1.582594e-01 1.183662e-01 9.695316e-02 1.042610e-01 9.461950e-02 7.576066e-02 5.231895e-02 7.232926e-02 3.053317e-02 9.124530e-02 1.188448e-01 4.911871e-02 7.713787e-02 3.380193e-01 7.506170e-02 6.483992e-02 1.199758e-01 3.045637e-01 1.219381e-01 3.221152e-01 2.165621e-01 2.193120e-01 5.579121e-01 5.990154e-01 
152 1521 0 0 0 9.014293e-02 8.180426e-02 1.139948e-01 8.020534e-02 9.241165e-02 9.683663e-02 1.584049e-01 1.185991e-01 9.674358e-02 1.043619e-01 9.480455e-02 7.613101e-02 5.230523e-02 7.223072e-02 3.039644e-02 9.217046e-02 1.187155e-01 4.887905e-02 7.705569e-02 3.380928e-01 7.449036e-02 6.469146e-02 1.195813e-01 3.040618e-01 1.216219e-01 3.208733e-01 2.171377e-01 2.194345e-01 5.649135e-01 5.999612e-01 
153 1531 0 0 0 9.000795e-02 8.162062e-02 1.143502e-01 8.030220e-02 9.246241e-02 9.768489e-02 1.591078e-01 1.187031e-01 9.655962e-02 1.043729e-01 9.469414e-02 7.623786e-02 5.234746e-02 7.193839e-02 3.029866e-02 9.279482e-02 1.193941e-01 4.859171e-02 7.720419e-02 3.383881e-01 7.454570e-02 6.449792e-02 1.188768e-01 3.044927e-01 1.217066e-01 3.218609e-01 2.183615e-01 2.198233e-01 5.677188e-01 6.019765e-01 
154 1541 0 0 0 9.087535e-02 8.193256e-02 1.147648e-01 8.030432e-02 9.245178e-02 9.709020e-02 1.599721e-01 1.197331e-01 9.648584e-02 1.042222e-01 9.462425e-02 7.630120e-02 5.231133e-02 7.213343e-02 2.998248e-02 9.268057e-02 1.191012e-01 4.866812e-02 7.721549e-02 3.402583e-01 7.507683e-02 6.457316e-02 1.190579e-01 3.049580e-01 1.212959e-01 3.220190e-01 2.182506e-01 2.193814e-01 5.693133e-01 6.002687e-01 
155 1551 0 0 0 9.084763e-02 8.161226e-02 1.148281e-01 8.009421e-02 9.286280e-02 9.741598e-02 1.603304e-01 1.198852e-01 9.653915e-02 1.041474e-01 9.465247e-02 7.549619e-02 5.256566e-02 7.201441e-02 2.989098e-02 9.238680e-02 1.191210e-01 4.826475e-02 7.666586e-02 3.388326e-01 7.512365e-02 6.472964e-02 1.181859e-01 3.047756e-01 1.203827e-01 3.223219e-01 2.181381e-01 2.182448e-01 5.694724e-01 6.002205e-01 
156 1561 0 0 0 9.104420e-02 8.226923e-02 1.145065e-01 7.977945e-02 9.279129e-02 9.746493e-02 1.604317e-01 1.199753e-01 9.595057e-02 1.044256e-01 9.502070e-02 7.574423e-02 5.254217e-02 7.181827e-02 2.991730e-02 9.187669e-02 1.196797e-01 4.833749e-02 7.695188e-02 3.381887e-01 7.469809e-02 6.481842e-02 1.182994e-01 3.062580e-01 1.204311e-01 3.238098e-01 2.180612e-01 2.180020e-01 5.709549e-01 5.978123e-01 
157 1571 0 0 0 9.151647e-02 8.222867e-02 1.140923e-01 8.016770e-02 9.272105e-02 9.673221e-02 1.605168e-01 1.190855e-01 9.649794e-02 1.043158e-01 9.463205e-02 7.585200e-02 5.254314e-02 7.110833e-02 2.971220e-02 9.170676e-02 1.192545e-01 4.826214e-02 7.681590e-02 3.385948e-01 7.470595e-02 6.445197e-02 1.191319e-01 3.058604e-01 1.204728e-01 3.225897e-01 2.176889e-01 2.181893e-01 5.711220e-01 5.954444e-01 
158 1581 0 0 0 9.179832e-02 8.293400e-02 1.138910e-01 8.028019e-02 9.214149e-02 9.726560e-02 1.594912e-01 1.193350e-01 9.681471e-02 1.050358e-01 9.517486e-02 7.529274e-02 5.260218e-02 7.177493e-02 2.978374e-02 9.123864e-02 1.200659e-01 4.818440e-02 7.686829e-02 3.377743e-01 7.517733e-02 6.456399e-02 1.189386e-01 3.052700e-01 1.197612e-01 3.237975e-01 2.172916e-01 2.159365e-01 5.713791e-01 5.936003e-01 
159 1591 0 0 0 9.230328e-02 8.270490e-02 1.139492e-01 8.086270e-02 9.227321e-02 9.695047e-02 1.600740e-01 1.190552e-01 9.619283e-02 1.051151e-01 9.514991e-02 7.548169e-02 5.257522e-02 7.204429e-02 2.966283e-02 9.135222e-02 1.198000e-01 4.797298e-02 7.669252e-02 3.363951e-01 7.441887e-02 6.359288e-02 1.189675e-01 3.026592e-01 1.204688e-01 3.244492e-01 2.167100e-01 2.169105e-01 5.734732e-01 5.898745e-01 
160 1601 0 0 0 9.141291e-02 8.260907e-02 1.130834e-01 8.043118e-02 9.226047e-02 9.655203e-02 1.602854e-01 1.197116e-01 9.601374e-02 1.052544e-01 9.455144e-02 7.571491e-02 5.280098e-02 7.212334e-02 2.958147e-02 9.179572e-02 1.205234e-01 4.795577e-02 7.661525e-02 3.371133e-01 7.426872e-02 6.357441e-02 1.193181e-01 3.018633e-01 1.200677e-01 3.229105e-01 2.176590e-01 2.163431e-01 5.719158e-01 5.897394e-01 
161 1611 0 0 0 9.179987e-02 8.214551e-02 1.140168e-01 8.049595e-02 9.217890e-02 9.640236e-02 1.599682e-01 1.188658e-01 9.618103e-02 1.054762e-01 9.468312e-02 7.582416e-02 5.294491e-02 7.199161e-02 2.997023e-02 9.151375e-02 1.200505e-01 4.796028e-02 7.621027e-02 3.378939e-01 7.384678e-02 6.295136e-02 1.196193e-01 3.027120e-01 1.197970e-01 3.232065e-01 2.173094e-01 2.165098e-01 5.742576e-01 5.893005e-01 
162 1621 0 0 0 9.142775e-02 8.187619e-02 1.140321e-01 8.033357e-02 9.236083e-02 9.646854e-02 1.604862e-01 1.186889e-01 9.584829e-02 1.050886e-01 9.445303e-02 7.571519e-02 5.294864e-02 7.189171e-02 2.997970e-02 9.164025e-02 1.201302e-01 4.831822e-02 7.628405e-02 3.392987e-01 7.385426e-02 6.268312e-02 1.191330e-01 3.022995e-01 1.202330e-01 3.241560e-01 2.190097e-01 2.175783e-01 5.742243e-01 5.907366e-01 
163 1631 0 0 0 9.185024e-02 8.245789e-02 1.141399e-01 8.046110e-02 9.206962e-02 9.702895e-02 1.601522e-01 1.188931e-01 9.536652e-02 1.054007e-01 9.452015e-02 7.577359e-02 5.293421e-02 7.196676e-02 2.999637e-02 9.191030e-02 1.210343e-01 4.852756e-02 7.656464e-02 3.407854e-01 7.403900e-02 6.254843e-02 1.192182e-01 3.048802e-01 1.202419e-01 3.221179e-01 2.180882e-01 2.162185e-01 5.717850e-01 5.916176e-01 
164 1641 0 0 0 9.190090e-02 8.289494e-02 1.142953e-01 8.042493e-02 9.212661e-02 9.647608e-02 1.607791e-01 1.198483e-01 9.573463e-02 1.058528e-01 9.463551e-02 7.589762e-02 5.253884e-02 7.212627e-02 2.986165e-02 9.176986e-02 1.209944e-01 4.848163e-02 7.652224e-02 3.414470e-01 7.418740e-02 6.255181e-02 1.193611e-01 3.068439e-01 1.203811e-01 3.204207e-01 2.172321e-01 2.168073e-01 5.720452e-01 5.898940e-01 
165 1651 0 0 0 9.210124e-02 8.272937e-02 1.146625e-01 7.997746e-02 9.151884e-02 9.674136e-02 1.606116e-01 1.205219e-01 9.612110e-02 1.062879e-01 9.514753e-02 7.598889e-02 5.255408e-02 7.187748e-02 2.988993e-02 9.169474e-02 1.206424e-01 4.891121e-02 7.664047e-02 3.398351e-01 7.486175e-02 6.242295e-02 1.197122e-01 3.053694e-01 1.202899e-01 3.211833e-01 2.168966e-01 2.181255e-01 5.702827e-01 5.924660e-01 
166 1661 0 0 0 9.237182e-02 8.315515e-02 1.139034e-01 8.009159e-02 9.189694e-02 9.616889e-02 1.594181e-01 1.206184e-01 9.584270e-02 1.056171e-01 9.533494e-02 7.580798e-02 5.242350e-02 7.196627e-02 2.981625e-02 9.209007e-02 1.215215e-01 4.912173e-02 7.670193e-02 3.392173e-01 7.471908e-02 6.228620e-02 1.208845e-01 3.049011e-01 1.208108e-01 3.224588e-01 2.172945e-01 2.165225e-01 5.686408e-01 5.959719e-01 
167 1671 0 0 0 9.201619e-02 8.322920e-02 1.139961e-01 8.070972e-02 9.207956e-02 9.738364e-02 1.587474e-01 1.207127e-01 9.585690e-02 1.057954e-01 9.519481e-02 7.549878e-02 5.253667e-02 7.172792e-02 2.981152e-02 9.231027e-02 1.212305e-01 4.928853e-02 7.647085e-02 3.388547e-01 7.489485e-02 6.240267e-02 1.203467e-01 3.032682e-01 1.201768e-01 3.226666e-01 2.174379e-01 2.163248e-01 5.660673e-01 5.978126e-01 
168 1681 0 0 0 9.255905e-02 8.397398e-02 1.137559e-01 8.072755e-02 9.220872e-02 9.778710e-02 1.601140e-01 1.204957e-01 9.610226e-02 1.057635e-01 9.497978e-02 7.556543e-02 5.231043e-02 7.134690e-02 2.993044e-02 9.269186e-02 1.212542e-01 4.902698e-02 7.636776e-02 3.399992e-01 7.505595e-02 6.264186e-02 1.204569e-01 3.042039e-01 1.201819e-01 3.213020e-01 2.175010e-01 2.163713e-01 5.692166e-01 5.982955e-01 
169 1691 0 0 0 9.247058e-02 8.387966e-02 1.139025e-01 8.098560e-02 9.261736e-02 9.762125e-02 1.597316e-01 1.200613e-01 9.597942e-02 1.063179e-01 9.496011e-02 7.540546e-02 5.227829e-02 7.159762e-02 2.985799e-02 9.249102e-02 1.204374e-01 4.886192e-02 7.595563e-02 3.403308e-01 7.503287e-02 6.244865e-02 1.205942e-01 3.031568e-01 1.202367e-01 3.220098e-01 2.168206e-01 2.172029e-01 5.703429e-01 5.960769e-01 
170 1701 0 0 0 9.213033e-02 8.365470e-02 1.143367e-01 8.125237e-02 9.253585e-02 9.780379e-02 1.588201e-01 1.194229e-01 9.619605e-02 1.062325e-01 9.534144e-02 7.537600e-02 5.195258e-02 7.170071e-02 3.006893e-02 9.227462e-02 1.202947e-01 4.854244e-02 7.611246e-02 3.406596e-01 7.487425e-02 6.224171e-02 1.207105e-01 3.012021e-01 1.210205e-01 3.226951e-01 2.164885e-01 2.168815e-01 5.727317e-01 5.963802e-01 
171 1711 0 0 0 9.219106e-02 8.334217e-02 1.143126e-01 8.111719e-02 9.307395e-02 9.757964e-02 1.595174e-01 1.200738e-01 9.651307e-02 1.056541e-01 9.526164e-02 7.510850e-02 5.181958e-02 7.174387e-02 3.007531e-02 9.220970e-02 1.205440e-01 4.883582e-02 7.605404e-02 3.402205e-01 7.509135e-02 6.193356e-02 1.205642e-01 3.007345e-01 1.214035e-01 3.209017e-01 2.178715e-01 2.164363e-01 5.727538e-01 5.965266e-01 
172 1721 0 0 0 9.156374e-02 8.379207e-02 1.146963e-01 8.151126e-02 9.306817e-02 9.774615e-02 1.589750e-01 1.206561e-01 9.666617e-02 1.056291e-01 9.534310e-02 7.493494e-02 5.183234e-02 7.186001e-02 3.028270e-02 9.161765e-02 1.201489e-01 4.880122e-02 7.583063e-02 3.392900e-01 7.489767e-02 6.178749e-02 1.195248e-01 2.989292e-01 1.214352e-01 3.218922e-01 2.179016e-01 2.168629e-01 5.736479e-01 5.979492e-01 
173 1731 0 0 0 9.176780e-02 8.313681e-02 1.147172e-01 8.137377e-02 9.301377e-02 9.745784e-02 1.583654e-01 1.209735e-01 9.671357e-02 1.060687e-01 9.499939e-02 7.521818e-02 5.195738e-02 7.207492e-02 3.018277e-02 9.147559e-02 1.196789e-01 4.886567e-02 7.570339e-02 3.372444e-01 7.463867e-02 6.123261e-02 1.193087e-01 2.993060e-01 1.215329e-01 3.228280e-01 2.178921e-01 2.168440e-01 5.741198e-01 5.993089e-01 
174 1741 0 0 0 9.150213e-02 8.289510e-02 1.145948e-01 8.140469e-02 9.290616e-02 9.752392e-02 1.583763e-01 1.208342e-01 9.666647e-02 1.062408e-01 9.550694e-02 7.503266e-02 5.203301e-02 7.240165e-02 3.014367e-02 9.104249e-02 1.193932e-01 4.867090e-02 7.566614e-02 3.386916e-01 7.481100e-02 6.170873e-02 1.190829e-01 3.006784e-01 1.215222e-01 3.221412e-01 2.176114e-01 2.171664e-01 5.752720e-01 5.997524e-01 
175 1751 0 0 0 9.146746e-02 8.264210e-02 1.144051e-01 8.122632e-02 9.290636e-02 9.774633e-02 1.585674e-01 1.207570e-01 9.626950e-02 1.063133e-01 9.509501e-02 7.491845e-02 5.211769e-02 7.242752e-02 3.012532e-02 9.065675e-02 1.193771e-01 4.855162e-02 7.541454e-02 3.383714e-01 7.490143e-02 6.197902e-02 1.195004e-01 3.004251e-01 1.214579e-01 3.219995e-01 2.171805e-01 2.169154e-01 5.747104e-01 5.950828e-01 
176 1761 0 0 0 9.121461e-02 8.280152e-02 1.146342e-01 8.159872e-02 9.295110e-02 9.795744e-02 1.578374e-01 1.207270e-01 9.656265e-02 1.058591e-01 9.587965e-02 7.507439e-02 5.234247e-02 7.223832e-02 3.015007e-02 9.130381e-02 1.199921e-01 4.856047e-02 7.535518e-02 3.373042e-01 7.531550e-02 6.223024e-02 1.194631e-01 2.992823e-01 1.214572e-01 3.212079e-01 2.174845e-01 2.172241e-01 5.736465e-01 5.952439e-01 
177 1771 0 0 0 9.152830e-02 8.285549e-02 1.138843e-01 8.162472e-02 9.294136e-02 9.863890e-02 1.574729e-01 1.208133e-01 9.681171e-02 1.059618e-01 9.612673e-02 7.495307e-02 5.211497e-02 7.251890e-02 3.020153e-02 9.106475e-02 1.203009e-01 4.862858e-02 7.532304e-02 3.361175e-01 7.522256e-02 6.254343e-02 1.190698e-01 3.011018e-01 1.213323e-01 3.211412e-01 2.173670e-01 2.179142e-01 5.719405e-01 5.970726e-01 
178 1781 0 0 0 9.200486e-02 8.272630e-02 1.139002e-01 8.170350e-02 9.277882e-02 9.883236e-02 1.576014e-01 1.206685e-01 9.662262e-02 1.054747e-01 9.641310e-02 7.492098e-02 5.213336e-02 7.277905e-02 3.021694e-02 9.142119e-02 1.198344e-01 4.852659e-02 7.542429e-02 3.367112e-01 7.523130e-02 6.217250e-02 1.192433e-01 3.020396e-01 1.209538e-01 3.210966e-01 2.176367e-01 2.181550e-01 5.717273e-01 5.983488e-01 
179 1791 0 0 0 9.213814e-02 8.270517e-02 1.139446e-01 8.142090e-02 9.293865e-02 9.888814e-02 1.582548e-01 1.203257e-01 9.616904e-02 1.059462e-01 9.619715e-02 7.511086e-02 5.202283e-02 7.301328e-02 3.021914e-02 9.181802e-02 1.197465e-01 4.832913e-02 7.539631e-02 3.368863e-01 7.499148e-02 6.191005e-02 1.188257e-01 3.011592e-01 1.211068e-01 3.196617e-01 2.181380e-01 2.179408e-01 5.745711e-01 5.991533e-01 
180 1801 0 0 0 9.202521e-02 8.269368e-02 1.143889e-01 8.135736e-02 9.305582e-02 9.928146e-02 1.578983e-01 1.204232e-01 9.606177e-02 1.060632e-01 9.679804e-02 7.493007e-02 5.221761e-02 7.335470e-02 3.017906e-02 9.196417e-02 1.196016e-01 4.807222e-02 7.544481e-02 3.373859e-01 7.507098e-02 6.206850e-02 1.185026e-01 3.024661e-01 1.209508e-01 3.185629e-01 2.183684e-01 2.178725e-01 5.746413e-01 5.996609e-01 
181 1811 0 0 0 9.169382e-02 8.279165e-02 1.136543e-01 8.144313e-02 9.309477e-02 9.938644e-02 1.582869e-01 1.201310e-01 9.605314e-02 1.063264e-01 9.677979e-02 7.511115e-02 5.200302e-02 7.340299e-02 3.033358e-02 9.197966e-02 1.197300e-01 4.823848e-02 7.573741e-02 3.382261e-01 7.530344e-02 6.198759e-02 1.182025e-01 3.034853e-01 1.211037e-01 3.193667e-01 2.180178e-01 2.177068e-01 5.744122e-01 5.973759e-01 
182 1821 0 0 0 9.162310e-02 8.321527e-02 1.135863e-01 8.149446e-02 9.302557e-02 9.927081e-02 1.580602e-01 1.207954e-01 9.619515e-02 1.058354e-01 9.694257e-02 7.502950e-02 5.201198e-02 7.413902e-02 3.027756e-02 9.225850e-02 1.200177e-01 4.831044e-02 7.598893e-02 3.389535e-01 7.528255e-02 6.178392e-02 1.181949e-01 3.033186e-01 1.208292e-01 3.197506e-01 2.186481e-01 2.175794e-01 5.759319e-01 5.968400e-01 
183 1831 0 0 0 9.164172e-02 8.311582e-02 1.135833e-01 8.159888e-02 9.325166e-02 9.903935e-02 1.572401e-01 1.208436e-01 9.629864e-02 1.054451e-01 9.729717e-02 7.472220e-02 5.194608e-02 7.440566e-02 3.036622e-02 9.248245e-02 1.201591e-01 4.823128e-02 7.614828e-02 3.388186e-01 7.540755e-02 6.187881e-02 1.181257e-01 3.021738e-01 1.207794e-01 3.209834e-01 2.182893e-01 2.175114e-01 5.785042e-01 5.972246e-01 
184 1841 0 0 0 9.168985e-02 8.323823e-02 1.129346e-01 8.152000e-02 9.286964e-02 9.942205e-02 1.571787e-01 1.206590e-01 9.599040e-02 1.053668e-01 9.755364e-02 7.522404e-02 5.222823e-02 7.433458e-02 3.022073e-02 9.213511e-02 1.200101e-01 4.808732e-02 7.598031e-02 3.382090e-01 7.548738e-02 6.170195e-02 1.176143e-01 3.013730e-01 1.212394e-01 3.198379e-01 2.180381e-01 2.168296e-01 5.793217e-01 5.978244e-01 
185 1851 0 0 0 9.153381e-02 8.357644e-02 1.125697e-01 8.120806e-02 9.273325e-02 9.958619e-02 1.574061e-01 1.198531e-01 9.585964e-02 1.056416e-01 9.728182e-02 7.537815e-02 5.201777e-02 7.394966e-02 3.034133e-02 9.180177e-02 1.201999e-01 4.829542e-02 7.595523e-02 3.374498e-01 7.519930e-02 6.162200e-02 1.174851e-01 3.007840e-01 1.214410e-01 3.189656e-01 2.176191e-01 2.170890e-01 5.792373e-01 5.970903e-01 
186 1861 0 0 0 9.150877e-02 8.370139e-02 1.128764e-01 8.113179e-02 9.269738e-02 9.981771e-02 1.573667e-01 1.194352e-01 9.597698e-02 1.056396e-01 9.718771e-02 7.544453e-02 5.223110e-02 7.395174e-02 3.035726e-02 9.187815e-02 1.202325e-01 4.852773e-02 7.625055e-02 3.375252e-01 7.509889e-02 6.179567e-02 1.178985e-01 3.015702e-01 1.214461e-01 3.183800e-01 2.178182e-01 2.169094e-01 5.787535e-01 5.987753e-01 
187 1871 0 0 0 9.115723e-02 8.383433e-02 1.126765e-01 8.074506e-02 9.242414e-02 9.953798e-02 1.576626e-01 1.197279e-01 9.628355e-02 1.052429e-01 9.755343e-02 7.590529e-02 5.224770e-02 7.445619e-02 3.056237e-02 9.214892e-02 1.204975e-01 4.900551e-02 7.637276e-02 3.356558e-01 7.515424e-02 6.213098e-02 1.186342e-01 3.029802e-01 1.213927e-01 3.186622e-01 2.176319e-01 2.168533e-01 5.778520e-01 5.974871e-01 
188 1881 0 0 0 9.134451e-02 8.380429e-02 1.122498e-01 8.076820e-02 9.205839e-02 9.962010e-02 1.577958e-01 1.188213e-01 9.612699e-02 1.053200e-01 9.756293e-02 7.557221e-02 5.217706e-02 7.465018e-02 3.069898e-02 9.208069e-02 1.207038e-01 4.920135e-02 7.643064e-02 3.351822e-01 7.524122e-02 6.178853e-02 1.185790e-01 3.033636e-01 1.217569e-01 3.186215e-01 2.170585e-01 2.168000e-01 5.755531e-01 5.985652e-01 
189 1891 0 0 0 9.143641e-02 8.388718e-02 1.113779e-01 8.076683e-02 9.170027e-02 9.966191e-02 1.586833e-01 1.190421e-01 9.620450e-02 1.050392e-01 9.746850e-02 7.578281e-02 5.227925e-02 7.427795e-02 3.067979e-02 9.240881e-02 1.203737e-01 4.942948e-02 7.650244e-02 3.356331e-01 7.539937e-02 6.182508e-02 1.193482e-01 3.040267e-01 1.219228e-01 3.186695e-01 2.171468e-01 2.177041e-01 5.724395e-01 5.964607e-01 
190 1901 0 0 0 9.155992e-02 8.374923e-02 1.116255e-01 8.102721e-02 9.209590e-02 9.934767e-02 1.584857e-01 1.194731e-01 9.609045e-02 1.050195e-01 9.729953e-02 7.578455e-02 5.207780e-02 7.412435e-02 3.061561e-02 9.275112e-02 1.204201e-01 4.929182e-02 7.612038e-02 3.354004e-01 7.542537e-02 6.151580e-02 1.188963e-01 3.030376e-01 1.219404e-01 3.187810e-01 2.172257e-01 2.180803e-01 5.719576e-01 5.982448e-01 
191 1911 0 0 0 9.178331e-02 8.372773e-02 1.120956e-01 8.123685e-02 9.196018e-02 1.000134e-01 1.580410e-01 1.198637e-01 9.641383e-02 1.051427e-01 9.706016e-02 7.602004e-02 5.208005e-02 7.458022e-02 3.057173e-02 9.262446e-02 1.201405e-01 4.920088e-02 7.645047e-02 3.355979e-01 7.584953e-02 6.190515e-02 1.192631e-01 3.024991e-01 1.215237e-01 3.185402e-01 2.172150e-01 2.165906e-01 5.711139e-01 5.969481e-01 
192 1921 0 0 0 9.192863e-02 8.376714e-02 1.124229e-01 8.111615e-02 9.178033e-02 1.005198e-01 1.579432e-01 1.200228e-01 9.643854e-02 1.050900e-01 9.735680e-02 7.645559e-02 5.202788e-02 7.471687e-02 3.051312e-02 9.245857e-02 1.198589e-01 4.939778e-02 7.636989e-02 3.352146e-01 7.564133e-02 6.197981e-02 1.192902e-01 3.037914e-01 1.215002e-01 3.184486e-01 2.169535e-01 2.168605e-01 5.735776e-01 5.969300e-01 
193 1931 0 0 0 9.180517e-02 8.388260e-02 1.116756e-01 8.125864e-02 9.152703e-02 1.007649e-01 1.575140e-01 1.200851e-01 9.622476e-02 1.049328e-01 9.742958e-02 7.616912e-02 5.210736e-02 7.485296e-02 3.071166e-02 9.238874e-02 1.198890e-01 4.946384e-02 7.642773e-02 3.336400e-01 7.580534e-02 6.177971e-02 1.191543e-01 3.044569e-01 1.216559e-01 3.184460e-01 2.168404e-01 2.160095e-01 5.754918e-01 5.962485e-01 
194 1941 0 0 0 9.154936e-02 8.420450e-02 1.114697e-01 8.122131e-02 9.153154e-02 1.005780e-01 1.569948e-01 1.199095e-01 9.627352e-02 1.049715e-01 9.778435e-02 7.666175e-02 5.196311e-02 7.480970e-02 3.072246e-02 9.241405e-02 1.200693e-01 4.953124e-02 7.643706e-02 3.335168e-01 7.611409e-02 6.168790e-02 1.185980e-01 3.033514e-01 1.216269e-01 3.185834e-01 2.166749e-01 2.161293e-01 5.743880e-01 5.978294e-01 
195 1951 0 0 0 9.140115e-02 8.446348e-02 1.112951e-01 8.131576e-02 9.128869e-02 1.007731e-01 1.573412e-01 1.204419e-01 9.639627e-02 1.051094e-01 9.780158e-02 7.685955e-02 5.212018e-02 7.522218e-02 3.068910e-02 9.241263e-02 1.196527e-01 4.955607e-02 7.650827e-02 3.341550e-01 7.589834e-02 6.172962e-02 1.184884e-01 3.034890e-01 1.214955e-01 3.182386e-01 2.159549e-01 2.158369e-01 5.735383e-01 5.968233e-01 
196 1961 0 0 0 9.148939e-02 8.442064e-02 1.112332e-01 8.133677e-02 9.134335e-02 1.005600e-01 1.572041e-01 1.202747e-01 9.671211e-02 1.047016e-01 9.832132e-02 7.693352e-02 5.221867e-02 7.542742e-02 3.077867e-02 9.233750e-02 1.198836e-01 4.956730e-02 7.666865e-02 3.337504e-01 7.611595e-02 6.153547e-02 1.185340e-01 3.040446e-01 1.216372e-01 3.172365e-01 2.162384e-01 2.157112e-01 5.736019e-01 5.957453e-01 
197 1971 0 0 0 9.125469e-02 8.480392e-02 1.112749e-01 8.132534e-02 9.146906e-02 1.006881e-01 1.568513e-01 1.197746e-01 9.672653e-02 1.047616e-01 9.824093e-02 7.706303e-02 5.234334e-02 7.539088e-02 3.077917e-02 9.249106e-02 1.195769e-01 4.967952e-02 7.682651e-02 3.350603e-01 7.578984e-02 6.144880e-02 1.186486e-01 3.045273e-01 1.219033e-01 3.176907e-01 2.156542e-01 2.152114e-01 5.737819e-01 5.939102e-01 
198 1981 0 0 0 9.091407e-02 8.490436e-02 1.109925e-01 8.141740e-02 9.149815e-02 1.003368e-01 1.572296e-01 1.197716e-01 9.686095e-02 1.045011e-01 9.858849e-02 7.712647e-02 5.239547e-02 7.578521e-02 3.090974e-02 9.218293e-02 1.187747e-01 4.953830e-02 7.672196e-02 3.355156e-01 7.591456e-02 6.157063e-02 1.185000e-01 3.053489e-01 1.220350e-01 3.183223e-01 2.147833e-01 2.155823e-01 5.749920e-01 5.961061e-01 
199 1991 0 0 0 9.117109e-02 8.488752e-02 1.114087e-01 8.129565e-02 9.172556e-02 1.000930e-01 1.574917e-01 1.199533e-01 9.668262e-02 1.041509e-01 9.778405e-02 7.704121e-02 5.250308e-02 7.547272e-02 3.087599e-02 9.217279e-02 1.184166e-01 4.946976e-02 7.678006e-02 3.371118e-01 7.619439e-02 6.099934e-02 1.177713e-01 3.055159e-01 1.223465e-01 3.180214e-01 2.147023e-01 2.155769e-01 5.757208e-01 5.964672e-01 
200 2001 0 0 0 9.119858e-02 8.494128e-02 1.113719e-01 8.124735e-02 9.178403e-02 1.002171e-01 1.569964e-01 1.197881e-01 9.664551e-02 1.047518e-01 9.799311e-02 7.711410e-02 5.228845e-02 7.540323e-02 3.085383e-02 9.229044e-02 1.188220e-01 4.968472e-02 7.691646e-02 3.366437e-01 7.616508e-02 6.127312e-02 1.182786e-01 3.062136e-01 1.219322e-01 3.184823e-01 2.158588e-01 2.159787e-01 5.762420e-01 5.963663e-01 
