%  columns="iteration, evaluation, sigma, max axis length, min axis length, all principal axes lengths (sorted square roots of eigenvalues of C)" (startseed=212815, 2026/02/15 21:7:57.16)
1 11 3.470670e-02 9.983405e-01 8.024225e-02 8.024225e-02 1.381073e-01 1.542846e-01 1.875503e-01 2.158328e-01 2.455538e-01 2.499364e-01 2.605065e-01 2.702368e-01 2.712944e-01 2.720046e-01 2.721718e-01 2.884558e-01 3.205208e-01 3.208242e-01 3.249975e-01 3.260284e-01 3.399394e-01 3.525058e-01 3.746334e-01 4.614371e-01 4.616019e-01 5.074177e-01 6.150464e-01 6.892037e-01 9.227078e-01 9.746072e-01 9.983405e-01 
2 21 3.301886e-02 9.970492e-01 8.009746e-02 8.009746e-02 1.380237e-01 1.544537e-01 1.874992e-01 2.157119e-01 2.450578e-01 2.506597e-01 2.598537e-01 2.698544e-01 2.708136e-01 2.715125e-01 2.724034e-01 2.883709e-01 3.201691e-01 3.212106e-01 3.244337e-01 3.252327e-01 3.407189e-01 3.519074e-01 3.745118e-01 4.604921e-01 4.610942e-01 5.081679e-01 6.140073e-01 6.876247e-01 9.224141e-01 9.732284e-01 9.970492e-01 
3 31 3.251964e-02 9.953437e-01 7.995762e-02 7.995762e-02 1.378768e-01 1.543505e-01 1.877416e-01 2.154040e-01 2.445680e-01 2.520275e-01 2.594504e-01 2.693918e-01 2.703824e-01 2.710780e-01 2.727659e-01 2.879278e-01 3.195957e-01 3.216926e-01 3.245531e-01 3.260546e-01 3.410020e-01 3.518837e-01 3.738578e-01 4.594596e-01 4.612182e-01 5.077752e-01 6.126919e-01 6.860051e-01 9.209297e-01 9.708902e-01 9.953437e-01 
4 41 3.225790e-02 9.931363e-01 7.981279e-02 7.981279e-02 1.376533e-01 1.540027e-01 1.877212e-01 2.149837e-01 2.440121e-01 2.526736e-01 2.593679e-01 2.687473e-01 2.700422e-01 2.708068e-01 2.733535e-01 2.875912e-01 3.190316e-01 3.212701e-01 3.244659e-01 3.289695e-01 3.410073e-01 3.509761e-01 3.733347e-01 4.585097e-01 4.614133e-01 5.075742e-01 6.118423e-01 6.846728e-01 9.193866e-01 9.691074e-01 9.931363e-01 
5 51 3.191669e-02 9.922636e-01 7.968997e-02 7.968997e-02 1.374280e-01 1.537103e-01 1.873726e-01 2.147152e-01 2.438551e-01 2.525689e-01 2.589751e-01 2.682356e-01 2.702570e-01 2.705311e-01 2.737265e-01 2.883782e-01 3.188888e-01 3.208908e-01 3.247168e-01 3.312016e-01 3.408481e-01 3.504575e-01 3.730364e-01 4.581815e-01 4.602168e-01 5.074758e-01 6.108069e-01 6.840569e-01 9.191822e-01 9.688913e-01 9.922636e-01 
6 61 3.102149e-02 9.906556e-01 7.964084e-02 7.964084e-02 1.371207e-01 1.534549e-01 1.875491e-01 2.144645e-01 2.442402e-01 2.525761e-01 2.592679e-01 2.678403e-01 2.697699e-01 2.700646e-01 2.734703e-01 2.882941e-01 3.181598e-01 3.207098e-01 3.251061e-01 3.324164e-01 3.409286e-01 3.512091e-01 3.742885e-01 4.583215e-01 4.597593e-01 5.082563e-01 6.098242e-01 6.835540e-01 9.185525e-01 9.694437e-01 9.906556e-01 
7 71 2.997497e-02 9.897809e-01 7.974954e-02 7.974954e-02 1.370873e-01 1.532105e-01 1.875457e-01 2.151208e-01 2.437875e-01 2.521468e-01 2.590434e-01 2.675290e-01 2.695112e-01 2.696768e-01 2.727519e-01 2.879992e-01 3.175731e-01 3.199530e-01 3.247446e-01 3.325585e-01 3.404509e-01 3.508812e-01 3.741287e-01 4.574475e-01 4.589855e-01 5.085273e-01 6.087392e-01 6.822096e-01 9.182480e-01 9.678216e-01 9.897809e-01 
8 81 2.933270e-02 9.873169e-01 7.973338e-02 7.973338e-02 1.373315e-01 1.531486e-01 1.875639e-01 2.157115e-01 2.432385e-01 2.515018e-01 2.585305e-01 2.670596e-01 2.689681e-01 2.699380e-01 2.721270e-01 2.880932e-01 3.169585e-01 3.193915e-01 3.251906e-01 3.321074e-01 3.396611e-01 3.506007e-01 3.735117e-01 4.575131e-01 4.578105e-01 5.092919e-01 6.095577e-01 6.808136e-01 9.165138e-01 9.677724e-01 9.873169e-01 
9 91 2.900295e-02 9.865664e-01 7.981037e-02 7.981037e-02 1.371512e-01 1.530499e-01 1.880375e-01 2.156208e-01 2.427158e-01 2.509741e-01 2.579435e-01 2.675312e-01 2.684801e-01 2.699995e-01 2.725287e-01 2.878926e-01 3.166319e-01 3.185653e-01 3.253974e-01 3.317301e-01 3.399576e-01 3.500637e-01 3.731074e-01 4.572527e-01 4.580559e-01 5.095497e-01 6.085844e-01 6.793297e-01 9.142612e-01 9.661875e-01 9.865664e-01 
10 101 2.841956e-02 9.861892e-01 7.993598e-02 7.993598e-02 1.370982e-01 1.526881e-01 1.879683e-01 2.160583e-01 2.429513e-01 2.504389e-01 2.573316e-01 2.669384e-01 2.683102e-01 2.694504e-01 2.729583e-01 2.872663e-01 3.163033e-01 3.182600e-01 3.269705e-01 3.311752e-01 3.405502e-01 3.493108e-01 3.726616e-01 4.567910e-01 4.571943e-01 5.092596e-01 6.073205e-01 6.776840e-01 9.121510e-01 9.660943e-01 9.861892e-01 
11 111 2.808241e-02 9.865300e-01 7.978975e-02 7.978975e-02 1.372177e-01 1.524284e-01 1.877395e-01 2.161031e-01 2.425731e-01 2.499622e-01 2.568880e-01 2.665912e-01 2.683407e-01 2.687964e-01 2.730797e-01 2.868335e-01 3.158471e-01 3.175698e-01 3.264960e-01 3.306652e-01 3.429936e-01 3.490328e-01 3.720894e-01 4.560522e-01 4.568681e-01 5.088618e-01 6.066776e-01 6.758985e-01 9.141873e-01 9.666201e-01 9.865300e-01 
12 121 2.714885e-02 9.855290e-01 7.988768e-02 7.988768e-02 1.372286e-01 1.523649e-01 1.879474e-01 2.160737e-01 2.420257e-01 2.494063e-01 2.562716e-01 2.659496e-01 2.678940e-01 2.684704e-01 2.728846e-01 2.871622e-01 3.159356e-01 3.167983e-01 3.266341e-01 3.304959e-01 3.436709e-01 3.485253e-01 3.726097e-01 4.551555e-01 4.560815e-01 5.085183e-01 6.051637e-01 6.742164e-01 9.133785e-01 9.655635e-01 9.855290e-01 
13 131 2.597034e-02 9.838384e-01 7.985977e-02 7.985977e-02 1.369973e-01 1.531190e-01 1.876683e-01 2.157143e-01 2.415059e-01 2.488849e-01 2.565512e-01 2.655325e-01 2.674288e-01 2.686988e-01 2.728617e-01 2.867939e-01 3.152200e-01 3.169283e-01 3.261380e-01 3.300619e-01 3.436243e-01 3.482492e-01 3.723729e-01 4.548684e-01 4.571482e-01 5.082561e-01 6.039585e-01 6.724436e-01 9.121696e-01 9.647026e-01 9.838384e-01 
14 141 2.479993e-02 9.817732e-01 7.970837e-02 7.970837e-02 1.366797e-01 1.533530e-01 1.874509e-01 2.153431e-01 2.410968e-01 2.489349e-01 2.563124e-01 2.656341e-01 2.670076e-01 2.691535e-01 2.730718e-01 2.862833e-01 3.150931e-01 3.162970e-01 3.256439e-01 3.296698e-01 3.436055e-01 3.476259e-01 3.734324e-01 4.537777e-01 4.572293e-01 5.073698e-01 6.033908e-01 6.708548e-01 9.104581e-01 9.642565e-01 9.817732e-01 
15 151 2.373782e-02 9.792947e-01 7.952452e-02 7.952452e-02 1.364612e-01 1.536221e-01 1.871809e-01 2.148318e-01 2.407174e-01 2.485298e-01 2.559018e-01 2.659319e-01 2.663371e-01 2.691024e-01 2.727257e-01 2.873538e-01 3.143906e-01 3.159911e-01 3.255361e-01 3.293468e-01 3.432161e-01 3.475923e-01 3.727884e-01 4.527125e-01 4.570835e-01 5.071841e-01 6.018953e-01 6.696441e-01 9.087479e-01 9.625579e-01 9.792947e-01 
16 161 2.311794e-02 9.773739e-01 7.984999e-02 7.984999e-02 1.362432e-01 1.536234e-01 1.871824e-01 2.145123e-01 2.410170e-01 2.478899e-01 2.555250e-01 2.656302e-01 2.659572e-01 2.689839e-01 2.722787e-01 2.872897e-01 3.141646e-01 3.157688e-01 3.247928e-01 3.302704e-01 3.427840e-01 3.491252e-01 3.725457e-01 4.521807e-01 4.559872e-01 5.063038e-01 6.026512e-01 6.683036e-01 9.070545e-01 9.609209e-01 9.773739e-01 
17 171 2.238581e-02 9.752957e-01 7.989072e-02 7.989072e-02 1.360318e-01 1.533907e-01 1.870746e-01 2.144550e-01 2.410481e-01 2.474833e-01 2.554596e-01 2.651834e-01 2.653714e-01 2.686091e-01 2.720486e-01 2.875548e-01 3.139319e-01 3.150907e-01 3.239795e-01 3.299888e-01 3.421388e-01 3.487815e-01 3.724772e-01 4.521114e-01 4.560385e-01 5.056545e-01 6.021448e-01 6.666672e-01 9.049384e-01 9.595529e-01 9.752957e-01 
18 181 2.154583e-02 9.736366e-01 7.992729e-02 7.992729e-02 1.361968e-01 1.531957e-01 1.868462e-01 2.141558e-01 2.406680e-01 2.473176e-01 2.552555e-01 2.649041e-01 2.652694e-01 2.684483e-01 2.717687e-01 2.873899e-01 3.135852e-01 3.150869e-01 3.233334e-01 3.301054e-01 3.422385e-01 3.482649e-01 3.726835e-01 4.517899e-01 4.565111e-01 5.044260e-01 6.012684e-01 6.653308e-01 9.034482e-01 9.599433e-01 9.736366e-01 
19 191 2.108251e-02 9.718916e-01 7.987070e-02 7.987070e-02 1.364003e-01 1.531774e-01 1.868065e-01 2.164447e-01 2.401856e-01 2.473430e-01 2.553362e-01 2.643866e-01 2.672268e-01 2.682596e-01 2.714082e-01 2.878961e-01 3.129095e-01 3.151583e-01 3.228729e-01 3.297865e-01 3.420629e-01 3.482344e-01 3.719762e-01 4.506463e-01 4.559022e-01 5.045065e-01 6.010779e-01 6.640437e-01 9.018733e-01 9.587648e-01 9.718916e-01 
20 201 2.079604e-02 9.700216e-01 7.976167e-02 7.976167e-02 1.365080e-01 1.529686e-01 1.863802e-01 2.169433e-01 2.408533e-01 2.467635e-01 2.547365e-01 2.641368e-01 2.674413e-01 2.685022e-01 2.709966e-01 2.881999e-01 3.125796e-01 3.147344e-01 3.224889e-01 3.290331e-01 3.412759e-01 3.494312e-01 3.728014e-01 4.506304e-01 4.553098e-01 5.041767e-01 5.997797e-01 6.630229e-01 9.027637e-01 9.571012e-01 9.700216e-01 
21 211 2.057219e-02 9.685467e-01 7.966077e-02 7.966077e-02 1.368422e-01 1.525824e-01 1.859421e-01 2.175027e-01 2.405535e-01 2.462675e-01 2.550491e-01 2.634656e-01 2.677883e-01 2.698457e-01 2.712835e-01 2.884824e-01 3.121715e-01 3.143300e-01 3.227434e-01 3.287499e-01 3.404880e-01 3.497613e-01 3.721620e-01 4.508591e-01 4.550109e-01 5.042581e-01 5.986473e-01 6.631726e-01 9.014292e-01 9.548671e-01 9.685467e-01 
22 221 2.016685e-02 9.666970e-01 7.957091e-02 7.957091e-02 1.366231e-01 1.523424e-01 1.856248e-01 2.172526e-01 2.406781e-01 2.456748e-01 2.551095e-01 2.633961e-01 2.672514e-01 2.698618e-01 2.712259e-01 2.907391e-01 3.120590e-01 3.136965e-01 3.224155e-01 3.285613e-01 3.398586e-01 3.496492e-01 3.735096e-01 4.497609e-01 4.541703e-01 5.032137e-01 5.972445e-01 6.619467e-01 9.000138e-01 9.529513e-01 9.666970e-01 
23 231 1.992008e-02 9.651841e-01 7.947243e-02 7.947243e-02 1.363114e-01 1.521981e-01 1.855771e-01 2.171209e-01 2.409688e-01 2.450848e-01 2.546955e-01 2.630408e-01 2.667975e-01 2.693951e-01 2.734808e-01 2.913590e-01 3.115753e-01 3.129663e-01 3.225089e-01 3.280754e-01 3.405454e-01 3.496939e-01 3.734303e-01 4.492715e-01 4.546469e-01 5.024196e-01 5.976417e-01 6.601875e-01 8.995500e-01 9.508210e-01 9.651841e-01 
24 241 1.948611e-02 9.644108e-01 7.930762e-02 7.930762e-02 1.361737e-01 1.521658e-01 1.853908e-01 2.168810e-01 2.406563e-01 2.447843e-01 2.543644e-01 2.624376e-01 2.662050e-01 2.688588e-01 2.743783e-01 2.918298e-01 3.112100e-01 3.124204e-01 3.219229e-01 3.281174e-01 3.402084e-01 3.491508e-01 3.734814e-01 4.487224e-01 4.553447e-01 5.012320e-01 5.982943e-01 6.587113e-01 8.976595e-01 9.503377e-01 9.644108e-01 
25 251 1.886869e-02 9.630454e-01 7.912808e-02 7.912808e-02 1.358702e-01 1.520396e-01 1.849040e-01 2.164375e-01 2.407940e-01 2.443850e-01 2.545499e-01 2.621871e-01 2.657121e-01 2.689323e-01 2.743890e-01 2.912823e-01 3.111782e-01 3.128343e-01 3.214614e-01 3.282508e-01 3.397901e-01 3.486510e-01 3.735151e-01 4.481023e-01 4.545926e-01 5.003903e-01 5.971937e-01 6.571543e-01 8.960145e-01 9.484796e-01 9.630454e-01 
26 261 1.826834e-02 9.634511e-01 7.900196e-02 7.900196e-02 1.356184e-01 1.518746e-01 1.845654e-01 2.162544e-01 2.406663e-01 2.437846e-01 2.545070e-01 2.620390e-01 2.652432e-01 2.687596e-01 2.749328e-01 2.907160e-01 3.106898e-01 3.127985e-01 3.214335e-01 3.279220e-01 3.398486e-01 3.478738e-01 3.732456e-01 4.478449e-01 4.548537e-01 4.998347e-01 5.963139e-01 6.557533e-01 8.958370e-01 9.472318e-01 9.634511e-01 
27 271 1.810742e-02 9.611169e-01 7.888170e-02 7.888170e-02 1.353276e-01 1.522169e-01 1.841210e-01 2.157819e-01 2.402576e-01 2.433622e-01 2.539851e-01 2.618452e-01 2.657298e-01 2.683622e-01 2.757453e-01 2.901070e-01 3.113107e-01 3.142660e-01 3.208197e-01 3.277110e-01 3.421506e-01 3.477444e-01 3.732849e-01 4.469244e-01 4.544329e-01 4.997408e-01 5.959559e-01 6.544564e-01 8.945056e-01 9.488577e-01 9.611169e-01 
28 281 1.779299e-02 9.597604e-01 7.880921e-02 7.880921e-02 1.351562e-01 1.525067e-01 1.837957e-01 2.158144e-01 2.400902e-01 2.429591e-01 2.535294e-01 2.615191e-01 2.653220e-01 2.682519e-01 2.760032e-01 2.897002e-01 3.109714e-01 3.138688e-01 3.208542e-01 3.276373e-01 3.421747e-01 3.476087e-01 3.734073e-01 4.471392e-01 4.549970e-01 5.000145e-01 5.947714e-01 6.528876e-01 8.929926e-01 9.479904e-01 9.597604e-01 
29 291 1.739450e-02 9.604347e-01 7.888267e-02 7.888267e-02 1.350007e-01 1.528825e-01 1.833444e-01 2.152579e-01 2.399496e-01 2.429754e-01 2.531537e-01 2.609677e-01 2.659831e-01 2.679036e-01 2.754378e-01 2.890141e-01 3.109093e-01 3.139867e-01 3.203694e-01 3.272735e-01 3.423202e-01 3.476309e-01 3.740387e-01 4.466495e-01 4.551749e-01 4.990728e-01 5.943981e-01 6.516740e-01 8.907860e-01 9.474503e-01 9.604347e-01 
30 301 1.715326e-02 9.590093e-01 7.880538e-02 7.880538e-02 1.346941e-01 1.534975e-01 1.829474e-01 2.147536e-01 2.393834e-01 2.423832e-01 2.525606e-01 2.604612e-01 2.668438e-01 2.677696e-01 2.753287e-01 2.887014e-01 3.108900e-01 3.134423e-01 3.202316e-01 3.275655e-01 3.424601e-01 3.470157e-01 3.740220e-01 4.461523e-01 4.543848e-01 5.002139e-01 5.937228e-01 6.501181e-01 8.913388e-01 9.466229e-01 9.590093e-01 
31 311 1.684136e-02 9.579624e-01 7.875991e-02 7.875991e-02 1.344547e-01 1.537803e-01 1.831512e-01 2.142779e-01 2.389451e-01 2.421250e-01 2.521086e-01 2.604215e-01 2.670771e-01 2.692974e-01 2.758772e-01 2.892563e-01 3.113852e-01 3.132905e-01 3.204349e-01 3.279604e-01 3.428205e-01 3.461422e-01 3.735935e-01 4.455640e-01 4.540120e-01 5.009687e-01 5.927758e-01 6.484832e-01 8.903531e-01 9.454509e-01 9.579624e-01 
32 321 1.644864e-02 9.560805e-01 7.865114e-02 7.865114e-02 1.342553e-01 1.538312e-01 1.833159e-01 2.143040e-01 2.384078e-01 2.419157e-01 2.519048e-01 2.602559e-01 2.668969e-01 2.694237e-01 2.760850e-01 2.888341e-01 3.111218e-01 3.125636e-01 3.199607e-01 3.287122e-01 3.424886e-01 3.456238e-01 3.731034e-01 4.448916e-01 4.544257e-01 5.009873e-01 5.921219e-01 6.471772e-01 8.913741e-01 9.456306e-01 9.560805e-01 
33 331 1.617632e-02 9.553721e-01 7.857818e-02 7.857818e-02 1.339990e-01 1.550070e-01 1.829659e-01 2.144863e-01 2.379452e-01 2.418062e-01 2.515106e-01 2.601235e-01 2.664413e-01 2.690133e-01 2.754315e-01 2.886875e-01 3.107147e-01 3.127704e-01 3.197714e-01 3.289705e-01 3.429124e-01 3.455488e-01 3.731736e-01 4.442046e-01 4.533484e-01 5.012645e-01 5.925135e-01 6.455140e-01 8.911823e-01 9.447021e-01 9.553721e-01 
34 341 1.597027e-02 9.550326e-01 7.899242e-02 7.899242e-02 1.338973e-01 1.556513e-01 1.830916e-01 2.142503e-01 2.375119e-01 2.414197e-01 2.510385e-01 2.594502e-01 2.659839e-01 2.684726e-01 2.753139e-01 2.881198e-01 3.102822e-01 3.123191e-01 3.212334e-01 3.293067e-01 3.426705e-01 3.453970e-01 3.726807e-01 4.440557e-01 4.532286e-01 5.002421e-01 5.922750e-01 6.440040e-01 8.927525e-01 9.428665e-01 9.550326e-01 
35 351 1.555780e-02 9.528181e-01 7.915559e-02 7.915559e-02 1.338063e-01 1.557555e-01 1.828602e-01 2.139204e-01 2.370467e-01 2.417808e-01 2.510146e-01 2.588606e-01 2.654394e-01 2.681370e-01 2.748500e-01 2.875554e-01 3.097863e-01 3.118897e-01 3.207255e-01 3.290111e-01 3.420251e-01 3.453346e-01 3.724461e-01 4.434582e-01 4.528998e-01 5.006062e-01 5.938684e-01 6.428351e-01 8.937075e-01 9.404791e-01 9.528181e-01 
36 361 1.508516e-02 9.521264e-01 7.905337e-02 7.905337e-02 1.335581e-01 1.558692e-01 1.825092e-01 2.134394e-01 2.366521e-01 2.411647e-01 2.511011e-01 2.581986e-01 2.656671e-01 2.680058e-01 2.743868e-01 2.871690e-01 3.092782e-01 3.112621e-01 3.207844e-01 3.284128e-01 3.421906e-01 3.457412e-01 3.723554e-01 4.428703e-01 4.524912e-01 5.007543e-01 5.961068e-01 6.415751e-01 8.927069e-01 9.401473e-01 9.521264e-01 
37 371 1.455969e-02 9.500949e-01 7.889191e-02 7.889191e-02 1.334645e-01 1.556275e-01 1.821877e-01 2.132625e-01 2.368377e-01 2.408880e-01 2.506366e-01 2.575371e-01 2.659390e-01 2.676251e-01 2.737436e-01 2.867100e-01 3.086584e-01 3.110051e-01 3.204145e-01 3.285219e-01 3.419474e-01 3.454878e-01 3.716361e-01 4.419692e-01 4.524889e-01 5.012221e-01 5.967641e-01 6.401212e-01 8.913407e-01 9.408221e-01 9.500949e-01 
38 381 1.420830e-02 9.477219e-01 7.884698e-02 7.884698e-02 1.331988e-01 1.554471e-01 1.820113e-01 2.127832e-01 2.363259e-01 2.411473e-01 2.502073e-01 2.571009e-01 2.654981e-01 2.671560e-01 2.732677e-01 2.861166e-01 3.079598e-01 3.104143e-01 3.200197e-01 3.278188e-01 3.412755e-01 3.462773e-01 3.713138e-01 4.419117e-01 4.529292e-01 5.018907e-01 5.968676e-01 6.385948e-01 8.900262e-01 9.393714e-01 9.477219e-01 
39 391 1.387911e-02 9.453278e-01 7.884833e-02 7.884833e-02 1.329291e-01 1.556056e-01 1.821241e-01 2.123021e-01 2.359737e-01 2.413666e-01 2.498359e-01 2.572901e-01 2.653408e-01 2.669034e-01 2.731297e-01 2.854098e-01 3.072984e-01 3.100973e-01 3.196984e-01 3.274481e-01 3.406675e-01 3.459365e-01 3.707273e-01 4.412038e-01 4.526856e-01 5.017900e-01 5.988833e-01 6.371625e-01 8.878850e-01 9.381122e-01 9.453278e-01 
40 401 1.366468e-02 9.443559e-01 7.870380e-02 7.870380e-02 1.328299e-01 1.553647e-01 1.821952e-01 2.118215e-01 2.354776e-01 2.415913e-01 2.495087e-01 2.577245e-01 2.647041e-01 2.668550e-01 2.735535e-01 2.850479e-01 3.071639e-01 3.093641e-01 3.191812e-01 3.274300e-01 3.406908e-01 3.467303e-01 3.710667e-01 4.404781e-01 4.522993e-01 5.010686e-01 5.993686e-01 6.358349e-01 8.866214e-01 9.379199e-01 9.443559e-01 
41 411 1.357631e-02 9.423551e-01 7.863837e-02 7.863837e-02 1.326681e-01 1.552181e-01 1.818821e-01 2.118358e-01 2.350771e-01 2.427547e-01 2.489494e-01 2.577147e-01 2.654500e-01 2.669397e-01 2.730203e-01 2.843730e-01 3.072577e-01 3.097577e-01 3.186097e-01 3.272516e-01 3.401266e-01 3.469497e-01 3.706668e-01 4.407878e-01 4.516738e-01 5.011562e-01 6.009843e-01 6.349937e-01 8.857802e-01 9.356386e-01 9.423551e-01 
42 421 1.343535e-02 9.407053e-01 7.860988e-02 7.860988e-02 1.326499e-01 1.549215e-01 1.817674e-01 2.114322e-01 2.345230e-01 2.429087e-01 2.487329e-01 2.576488e-01 2.654639e-01 2.672767e-01 2.727102e-01 2.841631e-01 3.070002e-01 3.094258e-01 3.180223e-01 3.264693e-01 3.394197e-01 3.466325e-01 3.714562e-01 4.399621e-01 4.510017e-01 5.006666e-01 6.014019e-01 6.334414e-01 8.839694e-01 9.332840e-01 9.407053e-01 
43 431 1.322019e-02 9.425424e-01 7.845855e-02 7.845855e-02 1.324598e-01 1.546473e-01 1.814433e-01 2.111417e-01 2.345856e-01 2.433290e-01 2.483009e-01 2.575318e-01 2.648963e-01 2.678014e-01 2.720728e-01 2.846041e-01 3.066807e-01 3.092560e-01 3.180148e-01 3.259313e-01 3.399501e-01 3.468202e-01 3.714392e-01 4.404958e-01 4.503844e-01 5.014190e-01 6.016996e-01 6.321588e-01 8.817974e-01 9.319752e-01 9.425424e-01 
44 441 1.321518e-02 9.436095e-01 7.838339e-02 7.838339e-02 1.322188e-01 1.543068e-01 1.817419e-01 2.108905e-01 2.344832e-01 2.433831e-01 2.488887e-01 2.574151e-01 2.644123e-01 2.685341e-01 2.714380e-01 2.846669e-01 3.066914e-01 3.093857e-01 3.180995e-01 3.253591e-01 3.402562e-01 3.481782e-01 3.709570e-01 4.406144e-01 4.495372e-01 5.007587e-01 6.008514e-01 6.311776e-01 8.809376e-01 9.300483e-01 9.436095e-01 
45 451 1.332261e-02 9.420207e-01 7.837496e-02 7.837496e-02 1.323503e-01 1.539832e-01 1.843020e-01 2.107369e-01 2.339691e-01 2.429989e-01 2.491968e-01 2.573815e-01 2.637739e-01 2.686706e-01 2.710462e-01 2.844223e-01 3.062024e-01 3.091515e-01 3.175230e-01 3.246220e-01 3.401016e-01 3.510139e-01 3.706289e-01 4.402033e-01 4.493177e-01 4.999569e-01 6.002828e-01 6.296767e-01 8.802826e-01 9.302424e-01 9.420207e-01 
46 461 1.328266e-02 9.400258e-01 7.818602e-02 7.818602e-02 1.322555e-01 1.537250e-01 1.851674e-01 2.105189e-01 2.337340e-01 2.425261e-01 2.486230e-01 2.569082e-01 2.631579e-01 2.684924e-01 2.705939e-01 2.838860e-01 3.059011e-01 3.089216e-01 3.172730e-01 3.247326e-01 3.402747e-01 3.526456e-01 3.710622e-01 4.393023e-01 4.513728e-01 4.991033e-01 5.991720e-01 6.283324e-01 8.787877e-01 9.284156e-01 9.400258e-01 
47 471 1.335285e-02 9.375817e-01 7.806643e-02 7.806643e-02 1.320168e-01 1.535866e-01 1.852820e-01 2.100746e-01 2.335754e-01 2.419940e-01 2.488748e-01 2.567284e-01 2.631229e-01 2.683213e-01 2.703167e-01 2.841265e-01 3.062144e-01 3.083586e-01 3.172497e-01 3.244637e-01 3.397969e-01 3.568639e-01 3.709432e-01 4.383738e-01 4.514394e-01 4.985148e-01 6.005107e-01 6.274539e-01 8.773334e-01 9.265667e-01 9.375817e-01 
48 481 1.344606e-02 9.360306e-01 7.787331e-02 7.787331e-02 1.321685e-01 1.535645e-01 1.852767e-01 2.099241e-01 2.334125e-01 2.416479e-01 2.486891e-01 2.562977e-01 2.626348e-01 2.678605e-01 2.697918e-01 2.842421e-01 3.061600e-01 3.080719e-01 3.168180e-01 3.237718e-01 3.399863e-01 3.617927e-01 3.707205e-01 4.378205e-01 4.508621e-01 4.973205e-01 6.007472e-01 6.261456e-01 8.768645e-01 9.250841e-01 9.360306e-01 
49 491 1.339450e-02 9.335203e-01 7.775560e-02 7.775560e-02 1.319004e-01 1.534250e-01 1.853390e-01 2.094910e-01 2.336763e-01 2.410678e-01 2.482482e-01 2.559923e-01 2.625314e-01 2.677044e-01 2.692601e-01 2.840659e-01 3.053881e-01 3.074147e-01 3.161507e-01 3.233281e-01 3.395748e-01 3.673747e-01 3.699181e-01 4.386962e-01 4.507645e-01 4.965898e-01 5.996553e-01 6.247999e-01 8.763880e-01 9.231996e-01 9.335203e-01 
50 501 1.326508e-02 9.311918e-01 7.768766e-02 7.768766e-02 1.321210e-01 1.531671e-01 1.850061e-01 2.096078e-01 2.332391e-01 2.405397e-01 2.488681e-01 2.553884e-01 2.621318e-01 2.677710e-01 2.685863e-01 2.837916e-01 3.048924e-01 3.068918e-01 3.155143e-01 3.228434e-01 3.386698e-01 3.687480e-01 3.721803e-01 4.393702e-01 4.502153e-01 4.969086e-01 6.002481e-01 6.232571e-01 8.750251e-01 9.232680e-01 9.311918e-01 
51 511 1.309279e-02 9.288212e-01 7.770355e-02 7.770355e-02 1.320223e-01 1.530665e-01 1.849116e-01 2.091955e-01 2.326395e-01 2.402635e-01 2.486461e-01 2.560115e-01 2.616801e-01 2.675936e-01 2.687008e-01 2.832960e-01 3.040644e-01 3.063480e-01 3.148418e-01 3.220224e-01 3.377489e-01 3.679621e-01 3.753165e-01 4.389615e-01 4.493818e-01 4.963854e-01 5.995321e-01 6.219709e-01 8.736941e-01 9.236840e-01 9.288212e-01 
52 521 1.303717e-02 9.276345e-01 7.780978e-02 7.780978e-02 1.318264e-01 1.529036e-01 1.845542e-01 2.087434e-01 2.322534e-01 2.400643e-01 2.484313e-01 2.563860e-01 2.620266e-01 2.680369e-01 2.685468e-01 2.831648e-01 3.035407e-01 3.056659e-01 3.140330e-01 3.217189e-01 3.385509e-01 3.671185e-01 3.784850e-01 4.396818e-01 4.489179e-01 4.960047e-01 6.001846e-01 6.203922e-01 8.718997e-01 9.265288e-01 9.276345e-01 
53 531 1.325144e-02 9.267784e-01 7.778595e-02 7.778595e-02 1.315633e-01 1.531733e-01 1.841645e-01 2.082679e-01 2.317479e-01 2.397813e-01 2.491038e-01 2.559502e-01 2.618320e-01 2.676744e-01 2.687723e-01 2.826060e-01 3.037821e-01 3.071246e-01 3.138533e-01 3.217842e-01 3.384694e-01 3.664350e-01 3.836232e-01 4.437448e-01 4.482461e-01 4.953744e-01 5.986729e-01 6.193746e-01 8.696323e-01 9.253759e-01 9.267784e-01 
54 541 1.345102e-02 9.258371e-01 7.768974e-02 7.768974e-02 1.314669e-01 1.532060e-01 1.837543e-01 2.077533e-01 2.316010e-01 2.393616e-01 2.489259e-01 2.558818e-01 2.615963e-01 2.680620e-01 2.688565e-01 2.821281e-01 3.030845e-01 3.066590e-01 3.136275e-01 3.210737e-01 3.381928e-01 3.665400e-01 3.874927e-01 4.451513e-01 4.476178e-01 4.958711e-01 6.000202e-01 6.181261e-01 8.678766e-01 9.235910e-01 9.258371e-01 
55 551 1.361435e-02 9.284410e-01 7.750570e-02 7.750570e-02 1.312733e-01 1.529665e-01 1.844904e-01 2.077033e-01 2.317029e-01 2.388915e-01 2.492654e-01 2.553922e-01 2.619456e-01 2.674423e-01 2.697112e-01 2.817545e-01 3.030670e-01 3.062810e-01 3.130269e-01 3.202425e-01 3.380665e-01 3.676856e-01 3.888408e-01 4.458906e-01 4.471778e-01 4.950517e-01 6.019862e-01 6.166085e-01 8.674860e-01 9.229373e-01 9.284410e-01 
56 561 1.373850e-02 9.294051e-01 7.735753e-02 7.735753e-02 1.311529e-01 1.526155e-01 1.842727e-01 2.081997e-01 2.325742e-01 2.383794e-01 2.490272e-01 2.550292e-01 2.620131e-01 2.670007e-01 2.737019e-01 2.811469e-01 3.030560e-01 3.057950e-01 3.130590e-01 3.198644e-01 3.375664e-01 3.674487e-01 3.887282e-01 4.451486e-01 4.477073e-01 4.943834e-01 6.017576e-01 6.159604e-01 8.662273e-01 9.208887e-01 9.294051e-01 
57 571 1.391922e-02 9.303398e-01 7.721659e-02 7.721659e-02 1.309930e-01 1.525422e-01 1.842717e-01 2.079924e-01 2.329942e-01 2.399356e-01 2.486157e-01 2.548062e-01 2.619893e-01 2.663323e-01 2.751579e-01 2.814574e-01 3.024795e-01 3.056181e-01 3.130081e-01 3.195283e-01 3.380683e-01 3.673159e-01 3.911488e-01 4.448111e-01 4.477525e-01 4.943957e-01 6.021075e-01 6.144664e-01 8.646582e-01 9.196403e-01 9.303398e-01 
58 581 1.409872e-02 9.282667e-01 7.726127e-02 7.726127e-02 1.309931e-01 1.522186e-01 1.844082e-01 2.081504e-01 2.337161e-01 2.402411e-01 2.481886e-01 2.542610e-01 2.616650e-01 2.656330e-01 2.760688e-01 2.812704e-01 3.031764e-01 3.049776e-01 3.125599e-01 3.200540e-01 3.377097e-01 3.666048e-01 3.916909e-01 4.450167e-01 4.474956e-01 4.945787e-01 6.024816e-01 6.129017e-01 8.677350e-01 9.177839e-01 9.282667e-01 
59 591 1.390540e-02 9.263830e-01 7.714692e-02 7.714692e-02 1.307002e-01 1.521017e-01 1.840804e-01 2.080282e-01 2.335281e-01 2.401171e-01 2.477548e-01 2.538298e-01 2.611771e-01 2.655144e-01 2.759706e-01 2.820861e-01 3.027469e-01 3.051150e-01 3.124870e-01 3.205574e-01 3.372594e-01 3.663308e-01 3.918494e-01 4.450000e-01 4.467465e-01 4.935977e-01 6.010908e-01 6.119878e-01 8.674336e-01 9.175635e-01 9.263830e-01 
60 601 1.388735e-02 9.269411e-01 7.706355e-02 7.706355e-02 1.303600e-01 1.521251e-01 1.843358e-01 2.078039e-01 2.337055e-01 2.397989e-01 2.472064e-01 2.536827e-01 2.610962e-01 2.655607e-01 2.761428e-01 2.836231e-01 3.024987e-01 3.044960e-01 3.120956e-01 3.220232e-01 3.375835e-01 3.663162e-01 3.919369e-01 4.447725e-01 4.464047e-01 4.937912e-01 6.000114e-01 6.105675e-01 8.661753e-01 9.162057e-01 9.269411e-01 
61 611 1.390604e-02 9.252587e-01 7.690486e-02 7.690486e-02 1.302010e-01 1.519226e-01 1.848153e-01 2.079374e-01 2.333566e-01 2.392173e-01 2.469427e-01 2.531506e-01 2.612460e-01 2.656661e-01 2.758154e-01 2.839035e-01 3.019555e-01 3.038340e-01 3.124775e-01 3.236585e-01 3.367960e-01 3.655743e-01 3.920520e-01 4.443038e-01 4.463053e-01 4.937628e-01 5.995318e-01 6.092146e-01 8.653689e-01 9.144901e-01 9.252587e-01 
62 621 1.379300e-02 9.241579e-01 7.675447e-02 7.675447e-02 1.299147e-01 1.516474e-01 1.846918e-01 2.082384e-01 2.332952e-01 2.391158e-01 2.463910e-01 2.527940e-01 2.612091e-01 2.655441e-01 2.752414e-01 2.841159e-01 3.018406e-01 3.030325e-01 3.121751e-01 3.242406e-01 3.367588e-01 3.653217e-01 3.919232e-01 4.437181e-01 4.454772e-01 4.932094e-01 5.988913e-01 6.079133e-01 8.681654e-01 9.124955e-01 9.241579e-01 
63 631 1.395024e-02 9.227061e-01 7.664560e-02 7.664560e-02 1.296668e-01 1.514921e-01 1.844063e-01 2.101761e-01 2.331639e-01 2.389361e-01 2.459568e-01 2.524306e-01 2.607607e-01 2.655303e-01 2.745706e-01 2.840717e-01 3.010149e-01 3.027351e-01 3.133024e-01 3.266427e-01 3.365174e-01 3.649272e-01 3.923025e-01 4.434417e-01 4.466122e-01 4.926700e-01 5.981304e-01 6.064677e-01 8.675521e-01 9.114446e-01 9.227061e-01 
64 641 1.394101e-02 9.216559e-01 7.662599e-02 7.662599e-02 1.294714e-01 1.514717e-01 1.845356e-01 2.100461e-01 2.332617e-01 2.383369e-01 2.458417e-01 2.520322e-01 2.607165e-01 2.660413e-01 2.740894e-01 2.854600e-01 3.003390e-01 3.027458e-01 3.127736e-01 3.276249e-01 3.358934e-01 3.648504e-01 3.920600e-01 4.426925e-01 4.465857e-01 4.932069e-01 5.992141e-01 6.051785e-01 8.659850e-01 9.101604e-01 9.216559e-01 
65 651 1.427492e-02 9.207851e-01 7.646853e-02 7.646853e-02 1.297593e-01 1.515820e-01 1.856516e-01 2.101915e-01 2.344650e-01 2.382048e-01 2.458429e-01 2.517064e-01 2.603873e-01 2.658263e-01 2.737811e-01 2.856072e-01 2.996841e-01 3.026465e-01 3.129773e-01 3.289125e-01 3.353764e-01 3.652530e-01 3.922737e-01 4.422950e-01 4.469762e-01 4.928336e-01 5.980461e-01 6.043699e-01 8.651402e-01 9.081391e-01 9.207851e-01 
66 661 1.430932e-02 9.195768e-01 7.634717e-02 7.634717e-02 1.298803e-01 1.515822e-01 1.855885e-01 2.098508e-01 2.343583e-01 2.380153e-01 2.460219e-01 2.517216e-01 2.598706e-01 2.658219e-01 2.745572e-01 2.853878e-01 2.991275e-01 3.035730e-01 3.123763e-01 3.304145e-01 3.362058e-01 3.652294e-01 3.916092e-01 4.422355e-01 4.469549e-01 4.923234e-01 5.976908e-01 6.027743e-01 8.632656e-01 9.059846e-01 9.195768e-01 
67 671 1.423976e-02 9.195103e-01 7.617467e-02 7.617467e-02 1.300886e-01 1.513427e-01 1.854829e-01 2.094169e-01 2.344751e-01 2.375225e-01 2.458454e-01 2.514052e-01 2.593683e-01 2.657642e-01 2.747255e-01 2.857700e-01 2.986773e-01 3.038192e-01 3.125465e-01 3.312086e-01 3.367444e-01 3.651162e-01 3.913175e-01 4.417431e-01 4.467820e-01 4.912619e-01 5.964510e-01 6.022160e-01 8.614909e-01 9.040543e-01 9.195103e-01 
68 681 1.429586e-02 9.186261e-01 7.620504e-02 7.620504e-02 1.300702e-01 1.513305e-01 1.855458e-01 2.090794e-01 2.340740e-01 2.374269e-01 2.463206e-01 2.515467e-01 2.587809e-01 2.653488e-01 2.744189e-01 2.856573e-01 2.984366e-01 3.055039e-01 3.119249e-01 3.314188e-01 3.366956e-01 3.643123e-01 3.907050e-01 4.407542e-01 4.466493e-01 4.912683e-01 5.978191e-01 6.014363e-01 8.606664e-01 9.021036e-01 9.186261e-01 
69 691 1.409497e-02 9.173028e-01 7.612608e-02 7.612608e-02 1.297903e-01 1.511609e-01 1.852038e-01 2.090724e-01 2.335608e-01 2.369608e-01 2.463965e-01 2.512468e-01 2.585309e-01 2.650811e-01 2.741267e-01 2.859296e-01 2.978424e-01 3.054863e-01 3.112059e-01 3.319564e-01 3.368977e-01 3.638572e-01 3.901157e-01 4.406033e-01 4.461917e-01 4.910797e-01 5.965855e-01 6.003601e-01 8.589274e-01 9.018091e-01 9.173028e-01 
70 701 1.386522e-02 9.172426e-01 7.602926e-02 7.602926e-02 1.296517e-01 1.509047e-01 1.856312e-01 2.092273e-01 2.335395e-01 2.364989e-01 2.463984e-01 2.507180e-01 2.580665e-01 2.648933e-01 2.736059e-01 2.855357e-01 2.971903e-01 3.053047e-01 3.110270e-01 3.318140e-01 3.374013e-01 3.631654e-01 3.900431e-01 4.398274e-01 4.454731e-01 4.911580e-01 5.964073e-01 6.010918e-01 8.577982e-01 9.000406e-01 9.172426e-01 
71 711 1.349858e-02 9.165561e-01 7.605481e-02 7.605481e-02 1.294881e-01 1.505247e-01 1.855582e-01 2.090285e-01 2.331304e-01 2.364744e-01 2.464963e-01 2.504337e-01 2.576433e-01 2.646151e-01 2.733978e-01 2.849302e-01 2.966171e-01 3.053253e-01 3.112811e-01 3.312639e-01 3.375360e-01 3.628249e-01 3.900641e-01 4.389342e-01 4.446513e-01 4.911013e-01 5.960522e-01 6.017121e-01 8.577860e-01 8.977787e-01 9.165561e-01 
72 721 1.325202e-02 9.149504e-01 7.597158e-02 7.597158e-02 1.292497e-01 1.501348e-01 1.855145e-01 2.086208e-01 2.328063e-01 2.366175e-01 2.466083e-01 2.505627e-01 2.569891e-01 2.642440e-01 2.731927e-01 2.842725e-01 2.962163e-01 3.047017e-01 3.106197e-01 3.314213e-01 3.377351e-01 3.625250e-01 3.896920e-01 4.403991e-01 4.436581e-01 4.921174e-01 5.992098e-01 6.025084e-01 8.560954e-01 8.953670e-01 9.149504e-01 
73 731 1.319867e-02 9.135687e-01 7.595024e-02 7.595024e-02 1.291028e-01 1.501252e-01 1.852060e-01 2.082646e-01 2.326074e-01 2.362808e-01 2.468384e-01 2.513412e-01 2.569790e-01 2.641160e-01 2.729824e-01 2.835824e-01 2.968006e-01 3.049008e-01 3.099177e-01 3.309794e-01 3.377301e-01 3.619998e-01 3.896480e-01 4.396963e-01 4.425792e-01 4.947405e-01 5.980532e-01 6.053048e-01 8.545606e-01 8.941967e-01 9.135687e-01 
74 741 1.313651e-02 9.127122e-01 7.588324e-02 7.588324e-02 1.287693e-01 1.498740e-01 1.848134e-01 2.081685e-01 2.321415e-01 2.360853e-01 2.469896e-01 2.512075e-01 2.570382e-01 2.637885e-01 2.733489e-01 2.828429e-01 2.964830e-01 3.062436e-01 3.093003e-01 3.302794e-01 3.378206e-01 3.619476e-01 3.887423e-01 4.389763e-01 4.442597e-01 4.954448e-01 5.972048e-01 6.059846e-01 8.534074e-01 8.927974e-01 9.127122e-01 
75 751 1.258048e-02 9.110131e-01 7.572187e-02 7.572187e-02 1.287376e-01 1.495366e-01 1.848649e-01 2.078917e-01 2.317973e-01 2.358393e-01 2.468425e-01 2.512790e-01 2.570696e-01 2.635006e-01 2.734822e-01 2.824806e-01 2.964889e-01 3.060871e-01 3.088522e-01 3.297472e-01 3.384698e-01 3.620042e-01 3.880297e-01 4.378686e-01 4.446017e-01 4.955367e-01 5.961775e-01 6.068731e-01 8.518110e-01 8.928725e-01 9.110131e-01 
76 761 1.220611e-02 9.092682e-01 7.558510e-02 7.558510e-02 1.285159e-01 1.498181e-01 1.849967e-01 2.083027e-01 2.325058e-01 2.353843e-01 2.468133e-01 2.510329e-01 2.571563e-01 2.632382e-01 2.730049e-01 2.820873e-01 2.961215e-01 3.056810e-01 3.084669e-01 3.308286e-01 3.382624e-01 3.629676e-01 3.872880e-01 4.378142e-01 4.444165e-01 4.964590e-01 5.947543e-01 6.060218e-01 8.511578e-01 8.910742e-01 9.092682e-01 
77 771 1.198135e-02 9.077790e-01 7.559817e-02 7.559817e-02 1.282192e-01 1.495766e-01 1.857356e-01 2.083336e-01 2.323621e-01 2.351467e-01 2.465454e-01 2.507249e-01 2.567421e-01 2.630032e-01 2.730086e-01 2.816435e-01 2.956471e-01 3.057316e-01 3.087354e-01 3.309833e-01 3.378395e-01 3.661952e-01 3.865717e-01 4.372298e-01 4.448701e-01 4.953780e-01 5.933409e-01 6.062739e-01 8.514847e-01 8.894059e-01 9.077790e-01 
78 781 1.203424e-02 9.082708e-01 7.564731e-02 7.564731e-02 1.279907e-01 1.498172e-01 1.857754e-01 2.084725e-01 2.325290e-01 2.348276e-01 2.468466e-01 2.510721e-01 2.562774e-01 2.627545e-01 2.727331e-01 2.815067e-01 2.950914e-01 3.051576e-01 3.086047e-01 3.319283e-01 3.369892e-01 3.667585e-01 3.880057e-01 4.384392e-01 4.447291e-01 4.962292e-01 5.932477e-01 6.051536e-01 8.517064e-01 8.873149e-01 9.082708e-01 
79 791 1.207331e-02 9.093156e-01 7.566198e-02 7.566198e-02 1.278023e-01 1.496401e-01 1.854220e-01 2.080927e-01 2.321588e-01 2.344194e-01 2.467750e-01 2.506980e-01 2.563124e-01 2.628155e-01 2.722589e-01 2.808438e-01 2.951691e-01 3.051898e-01 3.079450e-01 3.315957e-01 3.361488e-01 3.670994e-01 3.894484e-01 4.390479e-01 4.442858e-01 4.957315e-01 5.919797e-01 6.077337e-01 8.512320e-01 8.857482e-01 9.093156e-01 
80 801 1.202747e-02 9.092661e-01 7.555035e-02 7.555035e-02 1.276798e-01 1.494684e-01 1.857266e-01 2.086421e-01 2.321844e-01 2.350334e-01 2.465854e-01 2.505665e-01 2.563412e-01 2.624803e-01 2.721714e-01 2.805481e-01 2.953676e-01 3.050332e-01 3.073445e-01 3.309586e-01 3.358674e-01 3.670815e-01 3.892127e-01 4.390922e-01 4.444970e-01 4.951386e-01 5.918036e-01 6.073087e-01 8.503538e-01 8.858108e-01 9.092661e-01 
81 811 1.202083e-02 9.085290e-01 7.548382e-02 7.548382e-02 1.274553e-01 1.493446e-01 1.855717e-01 2.083988e-01 2.318620e-01 2.348354e-01 2.460289e-01 2.501813e-01 2.560568e-01 2.623564e-01 2.729686e-01 2.801296e-01 2.951106e-01 3.052043e-01 3.074862e-01 3.310845e-01 3.353667e-01 3.662513e-01 3.894632e-01 4.387720e-01 4.459440e-01 4.950612e-01 5.908016e-01 6.060142e-01 8.507145e-01 8.845312e-01 9.085290e-01 
82 821 1.204510e-02 9.063217e-01 7.530576e-02 7.530576e-02 1.272603e-01 1.496534e-01 1.859812e-01 2.080953e-01 2.319407e-01 2.349198e-01 2.458601e-01 2.502903e-01 2.557109e-01 2.622254e-01 2.740159e-01 2.795475e-01 2.945194e-01 3.051146e-01 3.070401e-01 3.310038e-01 3.349169e-01 3.660279e-01 3.898830e-01 4.385237e-01 4.467531e-01 4.945269e-01 5.903489e-01 6.060111e-01 8.500283e-01 8.835665e-01 9.063217e-01 
83 831 1.222764e-02 9.045096e-01 7.523216e-02 7.523216e-02 1.269392e-01 1.493407e-01 1.857474e-01 2.078918e-01 2.333710e-01 2.348131e-01 2.457037e-01 2.505538e-01 2.551768e-01 2.620604e-01 2.742339e-01 2.794630e-01 2.942960e-01 3.049684e-01 3.063837e-01 3.319912e-01 3.345159e-01 3.656390e-01 3.895602e-01 4.378147e-01 4.525972e-01 4.952590e-01 5.890176e-01 6.050337e-01 8.514427e-01 8.814183e-01 9.045096e-01 
84 841 1.235270e-02 9.033575e-01 7.531326e-02 7.531326e-02 1.267632e-01 1.490799e-01 1.856111e-01 2.074420e-01 2.334019e-01 2.345510e-01 2.452312e-01 2.503932e-01 2.546212e-01 2.618621e-01 2.739194e-01 2.791586e-01 2.935876e-01 3.044056e-01 3.061862e-01 3.329854e-01 3.348224e-01 3.652919e-01 3.892995e-01 4.372905e-01 4.549230e-01 4.958478e-01 5.887507e-01 6.041335e-01 8.543609e-01 8.792971e-01 9.033575e-01 
85 851 1.255716e-02 9.019133e-01 7.526282e-02 7.526282e-02 1.264998e-01 1.491751e-01 1.855019e-01 2.070682e-01 2.332057e-01 2.346493e-01 2.452489e-01 2.504008e-01 2.543443e-01 2.618786e-01 2.735699e-01 2.787992e-01 2.929922e-01 3.039655e-01 3.056876e-01 3.332344e-01 3.354001e-01 3.648669e-01 3.885741e-01 4.364525e-01 4.556014e-01 4.992672e-01 5.883828e-01 6.038096e-01 8.564677e-01 8.772959e-01 9.019133e-01 
86 861 1.256416e-02 9.005471e-01 7.516716e-02 7.516716e-02 1.264282e-01 1.489665e-01 1.854434e-01 2.068228e-01 2.328220e-01 2.345306e-01 2.452383e-01 2.506797e-01 2.550476e-01 2.616360e-01 2.736523e-01 2.782183e-01 2.924564e-01 3.033897e-01 3.057431e-01 3.328596e-01 3.354161e-01 3.642846e-01 3.883327e-01 4.363714e-01 4.551233e-01 5.001461e-01 5.873009e-01 6.027171e-01 8.567714e-01 8.757935e-01 9.005471e-01 
87 871 1.257095e-02 8.992756e-01 7.500351e-02 7.500351e-02 1.263482e-01 1.486586e-01 1.851919e-01 2.066641e-01 2.322874e-01 2.340967e-01 2.450632e-01 2.507126e-01 2.549578e-01 2.616863e-01 2.732193e-01 2.779516e-01 2.917569e-01 3.031255e-01 3.057264e-01 3.324540e-01 3.356895e-01 3.636610e-01 3.878473e-01 4.364398e-01 4.542950e-01 5.005004e-01 5.878438e-01 6.026752e-01 8.608579e-01 8.745828e-01 8.992756e-01 
88 881 1.268285e-02 8.976488e-01 7.488117e-02 7.488117e-02 1.262549e-01 1.483978e-01 1.854367e-01 2.068011e-01 2.318041e-01 2.337007e-01 2.444817e-01 2.506257e-01 2.553031e-01 2.615264e-01 2.727517e-01 2.777754e-01 2.914719e-01 3.024716e-01 3.052047e-01 3.319005e-01 3.361986e-01 3.628921e-01 3.897152e-01 4.380309e-01 4.540684e-01 5.034091e-01 5.868385e-01 6.020730e-01 8.620032e-01 8.734188e-01 8.976488e-01 
89 891 1.266136e-02 8.973082e-01 7.491442e-02 7.491442e-02 1.261185e-01 1.482053e-01 1.857763e-01 2.063843e-01 2.313010e-01 2.332093e-01 2.441004e-01 2.502654e-01 2.555490e-01 2.613340e-01 2.729856e-01 2.777458e-01 2.911264e-01 3.018501e-01 3.054169e-01 3.313220e-01 3.376378e-01 3.625891e-01 3.902677e-01 4.404293e-01 4.538393e-01 5.033293e-01 5.856263e-01 6.011937e-01 8.606010e-01 8.719344e-01 8.973082e-01 
90 901 1.227457e-02 8.958835e-01 7.479251e-02 7.479251e-02 1.260022e-01 1.481632e-01 1.855311e-01 2.059797e-01 2.313266e-01 2.331005e-01 2.439289e-01 2.500700e-01 2.550334e-01 2.607761e-01 2.729529e-01 2.772873e-01 2.907457e-01 3.018649e-01 3.055773e-01 3.310678e-01 3.385467e-01 3.620084e-01 3.908075e-01 4.406576e-01 4.544469e-01 5.028243e-01 5.847192e-01 6.013217e-01 8.592088e-01 8.699341e-01 8.958835e-01 
91 911 1.183656e-02 8.938707e-01 7.467965e-02 7.467965e-02 1.258288e-01 1.482392e-01 1.850724e-01 2.057601e-01 2.312923e-01 2.331095e-01 2.434657e-01 2.497173e-01 2.545430e-01 2.602833e-01 2.724611e-01 2.769018e-01 2.900779e-01 3.014797e-01 3.051731e-01 3.304308e-01 3.381314e-01 3.619498e-01 3.903374e-01 4.399155e-01 4.545255e-01 5.038532e-01 5.834321e-01 6.013804e-01 8.574657e-01 8.684697e-01 8.938707e-01 
92 921 1.145226e-02 8.917593e-01 7.457136e-02 7.457136e-02 1.258612e-01 1.480019e-01 1.847348e-01 2.057806e-01 2.307415e-01 2.331910e-01 2.430738e-01 2.491581e-01 2.543250e-01 2.597152e-01 2.721528e-01 2.766417e-01 2.893365e-01 3.008867e-01 3.046526e-01 3.296268e-01 3.382433e-01 3.616951e-01 3.902734e-01 4.402490e-01 4.557838e-01 5.040445e-01 5.822252e-01 6.007375e-01 8.567333e-01 8.667797e-01 8.917593e-01 
93 931 1.113263e-02 8.945033e-01 7.458661e-02 7.458661e-02 1.256993e-01 1.477504e-01 1.843185e-01 2.060971e-01 2.304691e-01 2.329974e-01 2.426900e-01 2.488821e-01 2.541281e-01 2.594000e-01 2.716165e-01 2.762696e-01 2.891548e-01 3.004277e-01 3.052610e-01 3.307840e-01 3.378472e-01 3.626265e-01 3.894200e-01 4.411356e-01 4.579196e-01 5.037097e-01 5.821826e-01 5.997262e-01 8.566139e-01 8.653028e-01 8.945033e-01 
94 941 1.102498e-02 8.954623e-01 7.448208e-02 7.448208e-02 1.253610e-01 1.474572e-01 1.842001e-01 2.059163e-01 2.303319e-01 2.331232e-01 2.424973e-01 2.483344e-01 2.536764e-01 2.589468e-01 2.713461e-01 2.767623e-01 2.895277e-01 3.003387e-01 3.047843e-01 3.309295e-01 3.370329e-01 3.622723e-01 3.890443e-01 4.417986e-01 4.606994e-01 5.030911e-01 5.811941e-01 6.025193e-01 8.556328e-01 8.633187e-01 8.954623e-01 
95 951 1.066748e-02 8.932313e-01 7.441601e-02 7.441601e-02 1.251841e-01 1.471443e-01 1.838244e-01 2.061432e-01 2.304383e-01 2.329593e-01 2.422190e-01 2.483204e-01 2.530314e-01 2.586480e-01 2.714172e-01 2.767870e-01 2.890123e-01 3.000646e-01 3.041592e-01 3.302950e-01 3.368273e-01 3.627526e-01 3.894978e-01 4.412981e-01 4.610066e-01 5.023922e-01 5.803831e-01 6.030772e-01 8.555398e-01 8.637936e-01 8.932313e-01 
96 961 1.023843e-02 8.917537e-01 7.436307e-02 7.436307e-02 1.251085e-01 1.469282e-01 1.834813e-01 2.061069e-01 2.299691e-01 2.329104e-01 2.417103e-01 2.479557e-01 2.526155e-01 2.582635e-01 2.710668e-01 2.774242e-01 2.905364e-01 2.997349e-01 3.034070e-01 3.295153e-01 3.363910e-01 3.626001e-01 3.888515e-01 4.406265e-01 4.614009e-01 5.015658e-01 5.851596e-01 6.026681e-01 8.539468e-01 8.629133e-01 8.917537e-01 
97 971 9.922945e-03 8.896732e-01 7.424920e-02 7.424920e-02 1.251787e-01 1.467068e-01 1.831084e-01 2.056799e-01 2.297336e-01 2.329304e-01 2.421100e-01 2.484229e-01 2.522846e-01 2.588517e-01 2.709542e-01 2.780125e-01 2.904890e-01 2.999282e-01 3.029458e-01 3.293913e-01 3.359349e-01 3.619118e-01 3.881870e-01 4.400250e-01 4.614801e-01 5.013849e-01 5.849447e-01 6.017847e-01 8.519799e-01 8.607910e-01 8.896732e-01 
98 981 9.765745e-03 8.874194e-01 7.423092e-02 7.423092e-02 1.253422e-01 1.463304e-01 1.827135e-01 2.053082e-01 2.296028e-01 2.334608e-01 2.417480e-01 2.486761e-01 2.522919e-01 2.589005e-01 2.706256e-01 2.774837e-01 2.923817e-01 2.993159e-01 3.023494e-01 3.305004e-01 3.354540e-01 3.614158e-01 3.876865e-01 4.399575e-01 4.613452e-01 5.001265e-01 5.837360e-01 6.005304e-01 8.498199e-01 8.596637e-01 8.874194e-01 
99 991 9.466610e-03 8.878417e-01 7.407753e-02 7.407753e-02 1.255680e-01 1.461762e-01 1.825633e-01 2.050175e-01 2.295286e-01 2.331304e-01 2.413644e-01 2.484803e-01 2.519930e-01 2.587883e-01 2.709140e-01 2.768138e-01 2.927072e-01 2.989923e-01 3.020899e-01 3.304937e-01 3.352409e-01 3.614797e-01 3.870725e-01 4.388460e-01 4.603614e-01 4.991665e-01 5.827384e-01 6.009875e-01 8.504008e-01 8.578337e-01 8.878417e-01 
100 1001 9.270974e-03 8.888494e-01 7.400026e-02 7.400026e-02 1.255217e-01 1.460875e-01 1.822943e-01 2.047760e-01 2.291142e-01 2.328859e-01 2.410356e-01 2.483019e-01 2.516375e-01 2.586174e-01 2.708541e-01 2.764533e-01 2.930712e-01 2.988018e-01 3.026098e-01 3.300718e-01 3.345170e-01 3.610304e-01 3.863107e-01 4.381660e-01 4.594006e-01 4.980657e-01 5.811524e-01 6.060010e-01 8.498389e-01 8.559016e-01 8.888494e-01 
101 1011 9.001472e-03 8.876253e-01 7.386036e-02 7.386036e-02 1.252099e-01 1.458893e-01 1.819055e-01 2.044761e-01 2.289020e-01 2.329071e-01 2.406255e-01 2.479964e-01 2.515128e-01 2.593380e-01 2.704910e-01 2.759941e-01 2.939222e-01 2.984005e-01 3.023427e-01 3.297861e-01 3.338369e-01 3.604497e-01 3.855459e-01 4.374614e-01 4.581286e-01 4.971882e-01 5.801461e-01 6.071872e-01 8.497415e-01 8.550489e-01 8.876253e-01 
102 1021 8.617715e-03 8.869623e-01 7.373901e-02 7.373901e-02 1.249134e-01 1.456377e-01 1.817402e-01 2.039801e-01 2.283298e-01 2.325313e-01 2.403143e-01 2.479779e-01 2.515539e-01 2.594900e-01 2.699717e-01 2.754675e-01 2.936655e-01 2.979735e-01 3.021797e-01 3.290675e-01 3.350019e-01 3.599910e-01 3.846852e-01 4.383716e-01 4.572098e-01 4.963855e-01 5.796500e-01 6.078330e-01 8.480373e-01 8.547416e-01 8.869623e-01 
103 1031 8.397968e-03 8.866858e-01 7.370430e-02 7.370430e-02 1.249624e-01 1.454141e-01 1.813583e-01 2.037094e-01 2.293967e-01 2.323546e-01 2.409994e-01 2.476322e-01 2.511856e-01 2.593008e-01 2.698367e-01 2.748136e-01 2.944162e-01 2.981734e-01 3.016353e-01 3.283324e-01 3.348455e-01 3.593141e-01 3.841057e-01 4.389279e-01 4.572399e-01 4.951763e-01 5.792240e-01 6.078817e-01 8.460897e-01 8.528535e-01 8.866858e-01 
104 1041 8.160723e-03 8.868681e-01 7.381173e-02 7.381173e-02 1.248104e-01 1.456376e-01 1.809070e-01 2.033775e-01 2.290052e-01 2.323425e-01 2.405384e-01 2.473825e-01 2.514821e-01 2.588762e-01 2.692222e-01 2.743908e-01 2.941139e-01 2.978939e-01 3.011229e-01 3.279441e-01 3.369557e-01 3.584254e-01 3.831971e-01 4.387897e-01 4.567840e-01 4.946569e-01 5.782397e-01 6.074564e-01 8.444502e-01 8.510968e-01 8.868681e-01 
105 1051 7.961781e-03 8.848039e-01 7.378722e-02 7.378722e-02 1.247516e-01 1.455216e-01 1.812557e-01 2.030609e-01 2.287044e-01 2.318345e-01 2.399331e-01 2.468135e-01 2.510828e-01 2.584184e-01 2.689404e-01 2.739710e-01 2.935355e-01 2.972754e-01 3.009437e-01 3.276265e-01 3.387312e-01 3.576858e-01 3.826665e-01 4.378165e-01 4.559951e-01 4.946669e-01 5.772127e-01 6.063479e-01 8.426551e-01 8.495192e-01 8.848039e-01 
106 1061 7.926330e-03 8.830327e-01 7.367517e-02 7.367517e-02 1.249352e-01 1.455030e-01 1.810822e-01 2.027405e-01 2.287575e-01 2.318278e-01 2.393821e-01 2.463172e-01 2.514228e-01 2.578586e-01 2.692127e-01 2.736934e-01 2.929509e-01 2.970695e-01 3.001458e-01 3.272093e-01 3.411354e-01 3.569930e-01 3.823859e-01 4.376608e-01 4.573018e-01 4.939551e-01 5.777167e-01 6.050164e-01 8.407890e-01 8.478140e-01 8.830327e-01 
107 1071 7.842081e-03 8.817841e-01 7.359703e-02 7.359703e-02 1.250583e-01 1.452916e-01 1.809559e-01 2.022854e-01 2.283901e-01 2.316933e-01 2.394203e-01 2.463205e-01 2.512430e-01 2.581159e-01 2.693832e-01 2.730055e-01 2.925793e-01 2.965174e-01 2.997024e-01 3.267419e-01 3.424784e-01 3.563694e-01 3.817770e-01 4.385031e-01 4.568630e-01 4.941740e-01 5.768243e-01 6.036520e-01 8.389566e-01 8.466399e-01 8.817841e-01 
108 1081 7.770267e-03 8.826062e-01 7.358334e-02 7.358334e-02 1.250258e-01 1.454054e-01 1.808916e-01 2.021589e-01 2.280759e-01 2.313057e-01 2.391443e-01 2.462763e-01 2.508454e-01 2.579149e-01 2.690872e-01 2.724202e-01 2.918437e-01 2.960979e-01 2.997104e-01 3.267400e-01 3.436482e-01 3.557083e-01 3.826745e-01 4.383267e-01 4.561736e-01 4.939903e-01 5.757894e-01 6.044713e-01 8.387329e-01 8.455771e-01 8.826062e-01 
109 1091 7.540903e-03 8.811473e-01 7.347193e-02 7.347193e-02 1.251655e-01 1.451623e-01 1.810911e-01 2.016718e-01 2.277653e-01 2.307633e-01 2.388062e-01 2.462067e-01 2.508691e-01 2.582284e-01 2.686907e-01 2.721273e-01 2.913693e-01 2.955848e-01 2.992529e-01 3.261586e-01 3.439396e-01 3.555973e-01 3.820535e-01 4.394489e-01 4.551941e-01 4.942145e-01 5.751242e-01 6.048652e-01 8.374747e-01 8.445612e-01 8.811473e-01 
110 1101 7.379818e-03 8.802837e-01 7.330920e-02 7.330920e-02 1.251148e-01 1.449130e-01 1.808935e-01 2.015121e-01 2.273459e-01 2.304186e-01 2.388208e-01 2.461341e-01 2.509148e-01 2.579193e-01 2.685429e-01 2.716650e-01 2.907234e-01 2.961093e-01 2.995056e-01 3.255236e-01 3.434087e-01 3.547476e-01 3.818832e-01 4.388792e-01 4.539870e-01 4.943911e-01 5.741120e-01 6.041924e-01 8.358795e-01 8.439653e-01 8.802837e-01 
111 1111 7.139256e-03 8.795539e-01 7.331754e-02 7.331754e-02 1.249457e-01 1.454613e-01 1.807446e-01 2.011733e-01 2.270260e-01 2.300485e-01 2.383718e-01 2.457339e-01 2.508720e-01 2.576960e-01 2.685380e-01 2.710731e-01 2.899246e-01 2.963267e-01 2.989062e-01 3.249017e-01 3.432293e-01 3.541767e-01 3.833891e-01 4.380681e-01 4.535958e-01 4.941677e-01 5.731943e-01 6.041025e-01 8.339653e-01 8.437887e-01 8.795539e-01 
112 1121 6.937609e-03 8.795390e-01 7.318443e-02 7.318443e-02 1.249750e-01 1.453618e-01 1.809968e-01 2.008558e-01 2.265055e-01 2.300622e-01 2.389328e-01 2.453552e-01 2.507758e-01 2.577441e-01 2.691225e-01 2.706064e-01 2.891587e-01 2.963394e-01 2.985692e-01 3.246212e-01 3.435853e-01 3.544756e-01 3.838080e-01 4.378333e-01 4.532456e-01 4.940506e-01 5.720093e-01 6.050551e-01 8.334142e-01 8.482823e-01 8.795390e-01 
113 1131 6.659584e-03 8.786698e-01 7.302800e-02 7.302800e-02 1.259431e-01 1.452471e-01 1.808948e-01 2.003639e-01 2.267143e-01 2.297386e-01 2.392085e-01 2.448026e-01 2.505050e-01 2.573758e-01 2.694968e-01 2.711532e-01 2.886668e-01 2.967507e-01 2.981685e-01 3.242990e-01 3.430647e-01 3.542388e-01 3.828161e-01 4.369026e-01 4.524412e-01 4.938435e-01 5.711593e-01 6.044398e-01 8.319098e-01 8.464442e-01 8.786698e-01 
114 1141 6.282118e-03 8.769779e-01 7.289817e-02 7.289817e-02 1.259034e-01 1.449281e-01 1.805080e-01 1.999544e-01 2.263152e-01 2.298854e-01 2.388683e-01 2.442207e-01 2.501311e-01 2.567555e-01 2.688530e-01 2.721592e-01 2.879461e-01 2.959697e-01 2.982352e-01 3.237061e-01 3.431288e-01 3.547574e-01 3.821151e-01 4.365342e-01 4.521023e-01 4.936691e-01 5.700864e-01 6.031799e-01 8.298506e-01 8.451166e-01 8.769779e-01 
115 1151 6.049137e-03 8.753936e-01 7.281163e-02 7.281163e-02 1.258454e-01 1.447627e-01 1.802172e-01 2.001834e-01 2.258526e-01 2.297951e-01 2.386594e-01 2.437430e-01 2.506364e-01 2.563655e-01 2.695757e-01 2.723643e-01 2.877456e-01 2.958135e-01 2.977326e-01 3.230599e-01 3.426053e-01 3.539640e-01 3.820121e-01 4.355881e-01 4.515342e-01 4.931879e-01 5.695790e-01 6.032586e-01 8.281587e-01 8.441999e-01 8.753936e-01 
116 1161 5.890180e-03 8.746278e-01 7.278366e-02 7.278366e-02 1.256470e-01 1.445644e-01 1.799578e-01 1.998829e-01 2.261725e-01 2.307102e-01 2.381919e-01 2.438737e-01 2.508221e-01 2.565494e-01 2.689791e-01 2.722903e-01 2.875845e-01 2.955033e-01 2.970204e-01 3.223299e-01 3.421916e-01 3.547746e-01 3.815602e-01 4.345603e-01 4.508787e-01 4.922967e-01 5.681539e-01 6.024984e-01 8.270589e-01 8.469410e-01 8.746278e-01 
117 1171 5.672676e-03 8.745213e-01 7.317194e-02 7.317194e-02 1.254833e-01 1.442838e-01 1.796518e-01 1.996804e-01 2.260477e-01 2.311414e-01 2.377901e-01 2.436232e-01 2.502386e-01 2.559246e-01 2.684590e-01 2.721418e-01 2.868449e-01 2.952256e-01 2.973927e-01 3.223215e-01 3.420510e-01 3.539586e-01 3.809859e-01 4.337319e-01 4.503158e-01 4.911500e-01 5.675920e-01 6.011421e-01 8.253754e-01 8.481174e-01 8.745213e-01 
118 1181 5.473578e-03 8.728199e-01 7.321350e-02 7.321350e-02 1.256709e-01 1.441108e-01 1.794899e-01 1.993627e-01 2.262328e-01 2.310440e-01 2.371669e-01 2.431546e-01 2.507685e-01 2.556167e-01 2.682112e-01 2.726377e-01 2.865013e-01 2.946126e-01 2.976153e-01 3.221510e-01 3.414472e-01 3.535795e-01 3.804499e-01 4.337641e-01 4.496113e-01 4.903134e-01 5.663333e-01 6.004865e-01 8.234910e-01 8.487678e-01 8.728199e-01 
119 1191 5.304362e-03 8.706769e-01 7.319610e-02 7.319610e-02 1.256196e-01 1.437763e-01 1.793657e-01 1.990011e-01 2.269549e-01 2.308147e-01 2.369827e-01 2.426711e-01 2.503826e-01 2.550259e-01 2.675424e-01 2.721148e-01 2.858095e-01 2.942408e-01 2.974503e-01 3.219297e-01 3.411931e-01 3.541483e-01 3.799868e-01 4.331223e-01 4.493695e-01 4.903564e-01 5.649969e-01 5.993379e-01 8.215754e-01 8.512175e-01 8.706769e-01 
120 1201 5.251685e-03 8.692302e-01 7.303356e-02 7.303356e-02 1.256454e-01 1.444966e-01 1.792871e-01 1.986246e-01 2.268721e-01 2.308033e-01 2.369003e-01 2.429467e-01 2.503560e-01 2.550699e-01 2.674734e-01 2.715660e-01 2.851854e-01 2.942579e-01 2.975087e-01 3.211787e-01 3.406632e-01 3.558203e-01 3.796017e-01 4.322352e-01 4.490542e-01 4.912910e-01 5.643921e-01 5.981022e-01 8.202123e-01 8.538541e-01 8.692302e-01 
121 1211 5.145310e-03 8.669824e-01 7.286653e-02 7.286653e-02 1.253977e-01 1.445902e-01 1.797292e-01 1.984119e-01 2.270688e-01 2.310410e-01 2.370587e-01 2.428397e-01 2.500054e-01 2.547387e-01 2.675877e-01 2.709108e-01 2.847581e-01 2.945398e-01 2.971201e-01 3.204799e-01 3.401374e-01 3.563664e-01 3.793480e-01 4.320402e-01 4.481650e-01 4.936310e-01 5.630150e-01 5.987827e-01 8.183015e-01 8.541264e-01 8.669824e-01 
122 1221 5.020668e-03 8.665430e-01 7.282113e-02 7.282113e-02 1.258550e-01 1.454550e-01 1.795888e-01 1.984113e-01 2.265284e-01 2.307281e-01 2.368988e-01 2.426155e-01 2.496248e-01 2.543152e-01 2.673114e-01 2.703071e-01 2.845920e-01 2.939647e-01 2.967465e-01 3.214219e-01 3.395653e-01 3.563700e-01 3.787585e-01 4.310688e-01 4.471588e-01 4.936562e-01 5.620573e-01 5.981633e-01 8.162830e-01 8.537904e-01 8.665430e-01 
123 1231 4.978130e-03 8.663512e-01 7.288176e-02 7.288176e-02 1.261495e-01 1.462222e-01 1.794701e-01 1.980755e-01 2.261068e-01 2.306506e-01 2.365384e-01 2.421806e-01 2.490492e-01 2.542874e-01 2.667076e-01 2.703035e-01 2.847383e-01 2.933348e-01 2.969877e-01 3.211398e-01 3.389726e-01 3.569660e-01 3.778925e-01 4.302596e-01 4.473189e-01 4.938629e-01 5.619723e-01 5.970503e-01 8.157588e-01 8.538993e-01 8.663512e-01 
124 1241 5.050323e-03 8.654172e-01 7.288355e-02 7.288355e-02 1.261783e-01 1.470216e-01 1.791505e-01 1.977392e-01 2.257984e-01 2.302986e-01 2.360727e-01 2.416849e-01 2.485533e-01 2.556704e-01 2.663052e-01 2.697179e-01 2.840617e-01 2.934242e-01 3.005077e-01 3.212712e-01 3.394812e-01 3.573243e-01 3.772550e-01 4.296401e-01 4.471515e-01 4.935340e-01 5.605446e-01 5.978260e-01 8.177094e-01 8.518763e-01 8.654172e-01 
125 1251 5.010763e-03 8.645848e-01 7.288335e-02 7.288335e-02 1.260092e-01 1.473044e-01 1.789106e-01 1.977895e-01 2.253478e-01 2.305351e-01 2.360204e-01 2.411112e-01 2.484376e-01 2.555926e-01 2.655989e-01 2.690912e-01 2.834580e-01 2.934308e-01 3.020051e-01 3.208390e-01 3.400494e-01 3.578132e-01 3.766453e-01 4.292742e-01 4.466298e-01 4.934206e-01 5.600389e-01 5.968823e-01 8.166156e-01 8.508603e-01 8.645848e-01 
126 1261 4.924113e-03 8.635880e-01 7.275005e-02 7.275005e-02 1.258856e-01 1.471486e-01 1.787238e-01 1.977095e-01 2.260706e-01 2.306897e-01 2.365649e-01 2.410290e-01 2.478755e-01 2.557214e-01 2.655819e-01 2.686416e-01 2.830492e-01 2.930192e-01 3.023184e-01 3.202722e-01 3.391536e-01 3.569856e-01 3.756047e-01 4.283910e-01 4.459968e-01 4.927884e-01 5.591571e-01 5.967176e-01 8.152393e-01 8.499355e-01 8.635880e-01 
127 1271 4.873517e-03 8.622142e-01 7.272488e-02 7.272488e-02 1.257800e-01 1.469705e-01 1.784246e-01 1.977200e-01 2.260149e-01 2.317679e-01 2.365013e-01 2.405580e-01 2.482474e-01 2.555695e-01 2.649263e-01 2.681010e-01 2.826248e-01 2.927162e-01 3.017824e-01 3.198603e-01 3.384255e-01 3.566261e-01 3.748084e-01 4.296587e-01 4.457273e-01 4.951300e-01 5.586079e-01 5.964845e-01 8.133758e-01 8.480828e-01 8.622142e-01 
128 1281 4.849638e-03 8.614862e-01 7.285360e-02 7.285360e-02 1.257761e-01 1.467404e-01 1.780529e-01 1.982877e-01 2.255787e-01 2.316845e-01 2.364343e-01 2.407986e-01 2.482317e-01 2.556603e-01 2.653013e-01 2.673759e-01 2.827421e-01 2.922207e-01 3.021006e-01 3.192250e-01 3.385398e-01 3.577163e-01 3.739164e-01 4.331083e-01 4.447518e-01 4.945281e-01 5.578423e-01 5.960403e-01 8.130885e-01 8.472023e-01 8.614862e-01 
129 1291 4.708528e-03 8.599691e-01 7.283934e-02 7.283934e-02 1.257640e-01 1.466274e-01 1.780298e-01 1.979593e-01 2.251994e-01 2.318108e-01 2.359980e-01 2.404234e-01 2.479739e-01 2.552198e-01 2.652151e-01 2.670072e-01 2.824331e-01 2.918096e-01 3.022638e-01 3.184776e-01 3.386504e-01 3.575711e-01 3.729589e-01 4.335040e-01 4.443077e-01 4.942919e-01 5.564544e-01 5.953828e-01 8.119353e-01 8.454481e-01 8.599691e-01 
130 1301 4.576722e-03 8.603909e-01 7.280488e-02 7.280488e-02 1.257637e-01 1.465002e-01 1.779707e-01 1.976509e-01 2.247042e-01 2.317662e-01 2.362109e-01 2.402058e-01 2.477574e-01 2.550720e-01 2.647613e-01 2.663959e-01 2.818675e-01 2.913805e-01 3.018454e-01 3.179002e-01 3.381439e-01 3.579209e-01 3.750296e-01 4.336393e-01 4.440073e-01 4.934941e-01 5.564738e-01 5.941049e-01 8.103047e-01 8.443914e-01 8.603909e-01 
131 1311 4.514259e-03 8.596145e-01 7.293623e-02 7.293623e-02 1.256487e-01 1.462500e-01 1.778374e-01 1.974692e-01 2.245354e-01 2.313850e-01 2.358828e-01 2.402884e-01 2.475358e-01 2.550050e-01 2.646436e-01 2.657372e-01 2.819050e-01 2.916266e-01 3.012346e-01 3.173321e-01 3.373731e-01 3.572327e-01 3.747585e-01 4.349854e-01 4.434426e-01 4.927777e-01 5.550302e-01 5.947571e-01 8.085621e-01 8.422675e-01 8.596145e-01 
132 1321 4.641271e-03 8.623096e-01 7.311336e-02 7.311336e-02 1.255001e-01 1.462156e-01 1.779455e-01 1.972336e-01 2.259883e-01 2.313024e-01 2.360046e-01 2.399408e-01 2.471702e-01 2.550344e-01 2.645336e-01 2.660759e-01 2.818905e-01 2.914326e-01 3.005954e-01 3.174187e-01 3.368442e-01 3.567484e-01 3.744674e-01 4.402353e-01 4.425098e-01 4.944627e-01 5.552863e-01 5.948507e-01 8.064900e-01 8.444134e-01 8.623096e-01 
133 1331 4.718242e-03 8.612856e-01 7.323213e-02 7.323213e-02 1.252905e-01 1.461019e-01 1.780258e-01 1.969374e-01 2.263038e-01 2.308910e-01 2.358432e-01 2.395095e-01 2.465931e-01 2.545914e-01 2.646788e-01 2.662897e-01 2.826139e-01 2.906697e-01 3.001205e-01 3.170551e-01 3.360783e-01 3.568231e-01 3.741233e-01 4.411848e-01 4.426764e-01 4.946918e-01 5.548915e-01 5.949214e-01 8.044808e-01 8.462089e-01 8.612856e-01 
134 1341 4.774771e-03 8.593567e-01 7.360709e-02 7.360709e-02 1.252360e-01 1.463481e-01 1.780173e-01 1.966060e-01 2.268770e-01 2.303469e-01 2.353490e-01 2.399271e-01 2.465581e-01 2.550354e-01 2.642816e-01 2.659501e-01 2.823636e-01 2.900023e-01 2.997046e-01 3.164615e-01 3.362798e-01 3.584264e-01 3.737484e-01 4.408333e-01 4.427646e-01 4.942315e-01 5.546157e-01 5.953480e-01 8.040394e-01 8.457108e-01 8.593567e-01 
135 1351 4.786838e-03 8.586775e-01 7.365496e-02 7.365496e-02 1.254842e-01 1.462383e-01 1.778264e-01 1.964022e-01 2.269299e-01 2.298875e-01 2.349486e-01 2.416205e-01 2.464358e-01 2.549669e-01 2.645878e-01 2.660217e-01 2.830161e-01 2.896428e-01 2.996000e-01 3.156923e-01 3.354539e-01 3.580500e-01 3.732396e-01 4.401660e-01 4.421078e-01 4.932879e-01 5.532674e-01 5.944450e-01 8.024696e-01 8.441221e-01 8.586775e-01 
136 1361 4.769654e-03 8.567527e-01 7.363507e-02 7.363507e-02 1.253589e-01 1.459738e-01 1.784505e-01 1.966108e-01 2.266798e-01 2.298581e-01 2.350723e-01 2.417131e-01 2.462500e-01 2.551319e-01 2.646323e-01 2.676537e-01 2.828866e-01 2.894029e-01 2.990020e-01 3.153845e-01 3.348898e-01 3.578996e-01 3.730057e-01 4.397599e-01 4.428683e-01 4.937014e-01 5.526882e-01 5.945592e-01 8.008889e-01 8.432698e-01 8.567527e-01 
137 1371 4.695587e-03 8.559674e-01 7.371776e-02 7.371776e-02 1.259780e-01 1.456986e-01 1.783937e-01 1.969789e-01 2.262073e-01 2.293759e-01 2.348003e-01 2.419430e-01 2.461152e-01 2.550959e-01 2.641450e-01 2.686519e-01 2.823912e-01 2.888497e-01 2.982481e-01 3.152700e-01 3.342148e-01 3.584325e-01 3.722314e-01 4.396455e-01 4.447503e-01 4.948495e-01 5.520894e-01 5.935402e-01 7.988325e-01 8.425348e-01 8.559674e-01 
138 1381 4.659421e-03 8.557761e-01 7.411386e-02 7.411386e-02 1.258499e-01 1.457192e-01 1.783360e-01 1.970832e-01 2.261137e-01 2.290162e-01 2.345383e-01 2.423087e-01 2.457502e-01 2.547855e-01 2.645731e-01 2.687648e-01 2.829273e-01 2.892973e-01 2.990008e-01 3.151857e-01 3.337091e-01 3.582940e-01 3.715644e-01 4.410027e-01 4.446539e-01 4.936201e-01 5.510608e-01 5.925657e-01 7.975218e-01 8.452808e-01 8.557761e-01 
139 1391 4.686845e-03 8.538534e-01 7.471735e-02 7.471735e-02 1.256685e-01 1.456924e-01 1.779522e-01 1.970998e-01 2.257748e-01 2.285840e-01 2.341829e-01 2.426842e-01 2.454946e-01 2.563616e-01 2.640488e-01 2.688695e-01 2.840124e-01 2.892198e-01 2.987996e-01 3.151294e-01 3.341826e-01 3.591537e-01 3.727267e-01 4.399975e-01 4.452140e-01 4.941761e-01 5.500179e-01 5.917257e-01 7.959415e-01 8.455333e-01 8.538534e-01 
140 1401 4.675962e-03 8.520555e-01 7.519634e-02 7.519634e-02 1.253793e-01 1.462771e-01 1.780939e-01 1.970627e-01 2.257333e-01 2.280783e-01 2.337436e-01 2.423391e-01 2.449934e-01 2.558775e-01 2.637640e-01 2.682829e-01 2.854114e-01 2.889198e-01 2.985619e-01 3.144788e-01 3.335828e-01 3.587515e-01 3.721434e-01 4.395181e-01 4.453959e-01 4.932322e-01 5.486036e-01 5.919764e-01 7.941973e-01 8.448489e-01 8.520555e-01 
141 1411 4.644199e-03 8.514283e-01 7.538846e-02 7.538846e-02 1.250790e-01 1.460618e-01 1.778280e-01 1.966520e-01 2.257005e-01 2.275112e-01 2.336188e-01 2.417103e-01 2.447065e-01 2.557531e-01 2.631756e-01 2.696174e-01 2.856662e-01 2.895479e-01 2.991406e-01 3.145429e-01 3.328332e-01 3.583044e-01 3.718810e-01 4.390818e-01 4.449177e-01 4.951994e-01 5.475288e-01 5.907138e-01 7.927360e-01 8.432428e-01 8.514283e-01 
142 1421 4.647022e-03 8.503308e-01 7.571077e-02 7.571077e-02 1.248231e-01 1.459297e-01 1.780838e-01 1.969704e-01 2.251244e-01 2.270658e-01 2.331406e-01 2.419068e-01 2.445254e-01 2.564438e-01 2.630422e-01 2.691115e-01 2.854454e-01 2.890008e-01 3.007649e-01 3.138794e-01 3.319200e-01 3.595794e-01 3.712704e-01 4.383509e-01 4.447374e-01 4.949687e-01 5.462903e-01 5.896830e-01 7.908744e-01 8.415841e-01 8.503308e-01 
143 1431 4.660366e-03 8.483935e-01 7.574838e-02 7.574838e-02 1.245695e-01 1.456631e-01 1.780768e-01 1.968859e-01 2.256512e-01 2.267552e-01 2.326181e-01 2.413804e-01 2.441938e-01 2.564660e-01 2.623949e-01 2.690626e-01 2.872959e-01 2.884642e-01 3.011308e-01 3.131518e-01 3.317017e-01 3.635778e-01 3.707340e-01 4.376336e-01 4.442975e-01 4.958867e-01 5.456861e-01 5.887053e-01 7.891475e-01 8.401222e-01 8.483935e-01 
144 1441 4.656186e-03 8.462958e-01 7.567601e-02 7.567601e-02 1.242356e-01 1.455580e-01 1.782240e-01 1.967782e-01 2.255730e-01 2.274469e-01 2.320538e-01 2.410364e-01 2.436489e-01 2.560012e-01 2.622386e-01 2.696893e-01 2.875255e-01 2.879953e-01 3.011011e-01 3.132196e-01 3.311412e-01 3.658228e-01 3.713724e-01 4.367551e-01 4.433825e-01 4.953750e-01 5.454703e-01 5.879129e-01 7.882100e-01 8.403971e-01 8.462958e-01 
145 1451 4.648294e-03 8.494048e-01 7.577614e-02 7.577614e-02 1.239335e-01 1.452763e-01 1.781096e-01 1.968541e-01 2.257323e-01 2.274017e-01 2.314646e-01 2.406374e-01 2.438969e-01 2.559724e-01 2.626980e-01 2.693088e-01 2.869637e-01 2.882274e-01 3.016573e-01 3.128055e-01 3.307397e-01 3.658313e-01 3.737672e-01 4.360097e-01 4.427255e-01 4.956989e-01 5.445490e-01 5.870800e-01 7.884140e-01 8.389185e-01 8.494048e-01 
146 1461 4.635475e-03 8.494420e-01 7.566682e-02 7.566682e-02 1.239106e-01 1.449207e-01 1.777696e-01 1.966509e-01 2.255132e-01 2.280711e-01 2.310743e-01 2.400713e-01 2.432840e-01 2.558872e-01 2.622458e-01 2.693361e-01 2.867966e-01 2.880800e-01 3.014730e-01 3.126619e-01 3.301995e-01 3.654965e-01 3.761809e-01 4.350206e-01 4.421437e-01 4.954196e-01 5.433941e-01 5.858639e-01 7.870061e-01 8.376441e-01 8.494420e-01 
147 1471 4.628458e-03 8.494434e-01 7.550139e-02 7.550139e-02 1.237184e-01 1.450916e-01 1.774279e-01 1.964500e-01 2.255101e-01 2.290035e-01 2.315472e-01 2.396910e-01 2.429611e-01 2.553596e-01 2.622073e-01 2.688044e-01 2.861720e-01 2.880755e-01 3.023571e-01 3.126702e-01 3.303086e-01 3.653079e-01 3.778761e-01 4.341736e-01 4.412626e-01 4.965457e-01 5.428113e-01 5.848612e-01 7.854354e-01 8.362610e-01 8.494434e-01 
148 1481 4.566491e-03 8.489306e-01 7.544671e-02 7.544671e-02 1.234164e-01 1.447648e-01 1.772060e-01 1.960732e-01 2.253545e-01 2.297410e-01 2.317822e-01 2.391732e-01 2.431592e-01 2.547526e-01 2.620081e-01 2.685548e-01 2.855404e-01 2.876507e-01 3.025121e-01 3.124486e-01 3.298557e-01 3.645342e-01 3.787508e-01 4.335639e-01 4.403500e-01 4.958764e-01 5.417885e-01 5.840910e-01 7.835171e-01 8.342444e-01 8.489306e-01 
149 1491 4.416164e-03 8.488902e-01 7.555993e-02 7.555993e-02 1.232413e-01 1.444628e-01 1.768322e-01 1.960250e-01 2.248768e-01 2.296092e-01 2.321400e-01 2.390292e-01 2.427212e-01 2.543572e-01 2.617463e-01 2.682657e-01 2.847631e-01 2.869823e-01 3.024346e-01 3.118114e-01 3.291831e-01 3.639614e-01 3.788026e-01 4.330443e-01 4.394722e-01 4.956904e-01 5.407740e-01 5.843477e-01 7.815408e-01 8.325840e-01 8.488902e-01 
150 1501 4.251469e-03 8.481795e-01 7.563055e-02 7.563055e-02 1.231457e-01 1.441202e-01 1.769626e-01 1.955555e-01 2.245219e-01 2.290853e-01 2.321788e-01 2.385324e-01 2.429551e-01 2.539498e-01 2.613913e-01 2.683319e-01 2.842735e-01 2.864095e-01 3.019577e-01 3.119678e-01 3.285878e-01 3.635981e-01 3.788435e-01 4.329075e-01 4.383734e-01 4.962474e-01 5.406012e-01 5.831933e-01 7.801941e-01 8.308520e-01 8.481795e-01 
151 1511 4.205127e-03 8.465922e-01 7.590359e-02 7.590359e-02 1.229713e-01 1.438793e-01 1.767967e-01 1.956008e-01 2.241152e-01 2.287892e-01 2.325431e-01 2.383045e-01 2.432487e-01 2.534893e-01 2.609752e-01 2.678037e-01 2.837154e-01 2.858677e-01 3.017105e-01 3.136842e-01 3.286284e-01 3.629184e-01 3.794245e-01 4.320149e-01 4.383966e-01 4.966247e-01 5.393133e-01 5.822830e-01 7.797950e-01 8.299280e-01 8.465922e-01 
152 1521 4.159169e-03 8.458875e-01 7.591847e-02 7.591847e-02 1.228231e-01 1.435434e-01 1.766965e-01 1.954181e-01 2.242157e-01 2.282533e-01 2.327255e-01 2.380127e-01 2.433243e-01 2.532226e-01 2.603444e-01 2.680875e-01 2.837470e-01 2.866665e-01 3.013623e-01 3.139947e-01 3.280729e-01 3.630039e-01 3.800806e-01 4.321320e-01 4.374444e-01 4.968926e-01 5.382640e-01 5.815925e-01 7.787881e-01 8.310379e-01 8.458875e-01 
153 1531 4.055932e-03 8.467892e-01 7.594086e-02 7.594086e-02 1.226450e-01 1.432327e-01 1.765483e-01 1.952115e-01 2.241105e-01 2.280155e-01 2.324373e-01 2.377599e-01 2.434980e-01 2.528125e-01 2.598192e-01 2.679919e-01 2.837246e-01 2.869729e-01 3.017115e-01 3.141224e-01 3.283282e-01 3.630973e-01 3.799785e-01 4.314135e-01 4.366429e-01 4.967411e-01 5.380863e-01 5.815450e-01 7.773952e-01 8.298558e-01 8.467892e-01 
154 1541 3.891115e-03 8.478451e-01 7.598780e-02 7.598780e-02 1.224879e-01 1.430229e-01 1.764619e-01 1.949851e-01 2.237728e-01 2.286665e-01 2.321070e-01 2.374508e-01 2.433902e-01 2.523367e-01 2.596376e-01 2.675805e-01 2.832861e-01 2.866671e-01 3.017975e-01 3.134892e-01 3.279617e-01 3.624109e-01 3.798741e-01 4.319966e-01 4.356172e-01 4.965710e-01 5.367189e-01 5.807620e-01 7.763208e-01 8.284136e-01 8.478451e-01 
155 1551 3.755287e-03 8.479535e-01 7.584254e-02 7.584254e-02 1.222613e-01 1.427085e-01 1.765548e-01 1.945576e-01 2.233172e-01 2.283414e-01 2.320952e-01 2.369851e-01 2.443330e-01 2.517844e-01 2.595785e-01 2.671485e-01 2.826551e-01 2.862676e-01 3.023678e-01 3.133030e-01 3.278208e-01 3.615652e-01 3.796352e-01 4.322637e-01 4.375534e-01 4.960726e-01 5.358875e-01 5.814261e-01 7.749376e-01 8.268065e-01 8.479535e-01 
156 1561 3.686655e-03 8.465279e-01 7.567832e-02 7.567832e-02 1.219656e-01 1.424430e-01 1.767394e-01 1.948201e-01 2.232259e-01 2.284077e-01 2.316631e-01 2.365164e-01 2.453136e-01 2.520599e-01 2.592242e-01 2.668813e-01 2.832940e-01 2.860064e-01 3.032237e-01 3.125736e-01 3.280118e-01 3.613834e-01 3.795899e-01 4.320482e-01 4.378653e-01 4.959681e-01 5.347010e-01 5.804086e-01 7.738511e-01 8.264308e-01 8.465279e-01 
157 1571 3.545008e-03 8.454606e-01 7.561981e-02 7.561981e-02 1.216847e-01 1.420901e-01 1.767826e-01 1.943940e-01 2.233727e-01 2.280256e-01 2.312905e-01 2.372675e-01 2.457095e-01 2.518134e-01 2.590498e-01 2.667497e-01 2.826476e-01 2.860092e-01 3.033736e-01 3.120734e-01 3.287716e-01 3.605586e-01 3.793530e-01 4.314110e-01 4.375450e-01 4.949456e-01 5.337812e-01 5.792264e-01 7.726981e-01 8.252848e-01 8.454606e-01 
158 1581 3.491135e-03 8.434583e-01 7.550551e-02 7.550551e-02 1.217770e-01 1.417295e-01 1.768523e-01 1.947277e-01 2.229226e-01 2.275178e-01 2.312844e-01 2.371336e-01 2.456942e-01 2.516661e-01 2.585866e-01 2.687231e-01 2.829153e-01 2.856177e-01 3.042816e-01 3.116837e-01 3.280061e-01 3.604826e-01 3.797299e-01 4.316393e-01 4.371510e-01 4.942631e-01 5.323759e-01 5.784277e-01 7.707773e-01 8.235862e-01 8.434583e-01 
159 1591 3.441379e-03 8.438125e-01 7.530768e-02 7.530768e-02 1.215642e-01 1.415964e-01 1.766854e-01 1.942839e-01 2.226021e-01 2.269707e-01 2.311252e-01 2.368651e-01 2.456066e-01 2.512825e-01 2.580921e-01 2.688735e-01 2.838659e-01 2.850898e-01 3.058569e-01 3.124171e-01 3.279782e-01 3.596646e-01 3.790392e-01 4.319136e-01 4.360854e-01 4.930532e-01 5.318147e-01 5.792205e-01 7.692563e-01 8.232280e-01 8.438125e-01 
160 1601 3.407948e-03 8.417565e-01 7.526717e-02 7.526717e-02 1.216037e-01 1.415824e-01 1.765428e-01 1.939397e-01 2.224443e-01 2.269131e-01 2.313545e-01 2.363011e-01 2.453397e-01 2.511751e-01 2.575162e-01 2.690792e-01 2.837466e-01 2.846735e-01 3.083055e-01 3.120503e-01 3.286158e-01 3.588471e-01 3.785774e-01 4.320755e-01 4.353425e-01 4.928963e-01 5.306345e-01 5.792235e-01 7.677520e-01 8.231742e-01 8.417565e-01 
161 1611 3.314655e-03 8.437436e-01 7.519170e-02 7.519170e-02 1.214929e-01 1.414452e-01 1.766098e-01 1.934998e-01 2.219473e-01 2.266437e-01 2.310911e-01 2.365101e-01 2.453460e-01 2.514841e-01 2.569363e-01 2.689413e-01 2.836948e-01 2.852638e-01 3.088247e-01 3.118400e-01 3.281705e-01 3.579928e-01 3.781764e-01 4.317719e-01 4.344131e-01 4.925757e-01 5.301414e-01 5.802816e-01 7.660340e-01 8.212032e-01 8.437436e-01 
162 1621 3.296823e-03 8.449903e-01 7.522117e-02 7.522117e-02 1.213184e-01 1.413103e-01 1.763513e-01 1.934142e-01 2.213598e-01 2.261940e-01 2.311044e-01 2.365018e-01 2.449228e-01 2.513670e-01 2.563946e-01 2.687066e-01 2.832745e-01 2.845932e-01 3.085161e-01 3.127134e-01 3.278903e-01 3.576375e-01 3.776868e-01 4.307940e-01 4.361075e-01 4.934864e-01 5.304008e-01 5.791912e-01 7.676886e-01 8.207006e-01 8.449903e-01 
163 1631 3.236532e-03 8.437793e-01 7.511007e-02 7.511007e-02 1.211227e-01 1.410507e-01 1.760095e-01 1.930566e-01 2.209518e-01 2.258143e-01 2.307386e-01 2.365057e-01 2.443909e-01 2.514386e-01 2.560385e-01 2.680503e-01 2.830482e-01 2.839202e-01 3.083086e-01 3.134630e-01 3.276166e-01 3.570374e-01 3.777999e-01 4.306274e-01 4.367822e-01 4.934103e-01 5.295472e-01 5.780967e-01 7.676944e-01 8.201952e-01 8.437793e-01 
164 1641 3.195126e-03 8.445373e-01 7.503721e-02 7.503721e-02 1.211199e-01 1.408853e-01 1.756489e-01 1.928479e-01 2.205001e-01 2.253523e-01 2.305118e-01 2.359861e-01 2.443442e-01 2.510916e-01 2.561084e-01 2.679285e-01 2.830349e-01 2.834015e-01 3.080259e-01 3.134688e-01 3.274974e-01 3.565775e-01 3.775204e-01 4.303530e-01 4.389329e-01 4.928597e-01 5.294150e-01 5.779387e-01 7.666128e-01 8.190023e-01 8.445373e-01 
165 1651 3.228699e-03 8.521481e-01 7.490856e-02 7.490856e-02 1.213383e-01 1.406011e-01 1.754670e-01 1.924984e-01 2.201265e-01 2.250703e-01 2.306925e-01 2.358403e-01 2.441079e-01 2.512248e-01 2.558503e-01 2.682298e-01 2.826826e-01 2.833267e-01 3.074708e-01 3.139599e-01 3.272860e-01 3.560699e-01 3.786874e-01 4.305369e-01 4.405663e-01 4.917950e-01 5.315573e-01 5.768095e-01 7.651097e-01 8.199243e-01 8.521481e-01 
166 1661 3.239307e-03 8.535678e-01 7.493771e-02 7.493771e-02 1.222448e-01 1.404907e-01 1.751379e-01 1.921721e-01 2.197389e-01 2.247275e-01 2.304677e-01 2.360978e-01 2.438650e-01 2.507019e-01 2.553697e-01 2.679583e-01 2.826302e-01 2.857594e-01 3.067441e-01 3.137238e-01 3.271137e-01 3.552990e-01 3.788523e-01 4.299996e-01 4.419195e-01 4.910025e-01 5.316230e-01 5.767778e-01 7.634351e-01 8.188586e-01 8.535678e-01 
167 1671 3.236154e-03 8.528556e-01 7.522075e-02 7.522075e-02 1.221527e-01 1.409373e-01 1.753935e-01 1.919335e-01 2.194638e-01 2.247952e-01 2.301892e-01 2.355803e-01 2.438653e-01 2.501909e-01 2.551961e-01 2.678732e-01 2.819404e-01 2.864093e-01 3.075237e-01 3.133563e-01 3.264094e-01 3.545023e-01 3.781731e-01 4.293678e-01 4.432660e-01 4.901362e-01 5.305948e-01 5.765899e-01 7.625674e-01 8.171474e-01 8.528556e-01 
168 1681 3.270994e-03 8.517298e-01 7.522058e-02 7.522058e-02 1.219690e-01 1.411993e-01 1.752056e-01 1.918977e-01 2.192537e-01 2.245260e-01 2.296851e-01 2.351646e-01 2.437813e-01 2.500562e-01 2.550541e-01 2.692416e-01 2.817995e-01 2.879716e-01 3.070740e-01 3.143464e-01 3.263358e-01 3.543409e-01 3.774426e-01 4.292167e-01 4.452689e-01 4.903122e-01 5.295499e-01 5.772592e-01 7.629551e-01 8.184233e-01 8.517298e-01 
169 1691 3.285705e-03 8.499157e-01 7.527636e-02 7.527636e-02 1.218248e-01 1.410275e-01 1.750935e-01 1.915908e-01 2.187321e-01 2.244643e-01 2.297334e-01 2.349129e-01 2.433385e-01 2.499216e-01 2.553672e-01 2.699235e-01 2.811196e-01 2.891162e-01 3.064473e-01 3.144551e-01 3.257640e-01 3.549645e-01 3.781270e-01 4.288250e-01 4.466970e-01 4.899049e-01 5.288687e-01 5.768425e-01 7.644884e-01 8.184706e-01 8.499157e-01 
170 1701 3.228311e-03 8.485696e-01 7.541965e-02 7.541965e-02 1.217416e-01 1.409277e-01 1.747785e-01 1.914165e-01 2.184981e-01 2.239687e-01 2.295867e-01 2.349121e-01 2.433970e-01 2.497650e-01 2.548035e-01 2.700005e-01 2.809537e-01 2.893722e-01 3.059608e-01 3.146633e-01 3.252241e-01 3.547935e-01 3.774818e-01 4.280706e-01 4.484158e-01 4.896890e-01 5.283985e-01 5.764114e-01 7.632895e-01 8.172856e-01 8.485696e-01 
171 1711 3.188509e-03 8.497479e-01 7.530304e-02 7.530304e-02 1.215315e-01 1.408458e-01 1.748983e-01 1.910392e-01 2.186527e-01 2.234306e-01 2.292967e-01 2.350530e-01 2.454621e-01 2.499508e-01 2.560384e-01 2.697716e-01 2.803442e-01 2.891882e-01 3.052903e-01 3.148829e-01 3.246035e-01 3.542708e-01 3.769629e-01 4.271670e-01 4.490700e-01 4.899567e-01 5.274154e-01 5.759452e-01 7.624368e-01 8.177750e-01 8.497479e-01 
172 1721 3.089995e-03 8.508495e-01 7.518611e-02 7.518611e-02 1.213593e-01 1.406928e-01 1.745818e-01 1.910152e-01 2.183174e-01 2.230038e-01 2.288735e-01 2.346386e-01 2.452687e-01 2.499421e-01 2.561430e-01 2.695463e-01 2.800853e-01 2.900256e-01 3.050211e-01 3.144337e-01 3.242737e-01 3.537592e-01 3.760484e-01 4.260267e-01 4.488304e-01 4.895347e-01 5.262638e-01 5.748556e-01 7.612753e-01 8.176454e-01 8.508495e-01 
173 1731 2.980242e-03 8.504041e-01 7.502434e-02 7.502434e-02 1.212891e-01 1.409355e-01 1.742501e-01 1.908536e-01 2.181784e-01 2.226801e-01 2.288274e-01 2.343984e-01 2.451198e-01 2.496327e-01 2.561199e-01 2.692107e-01 2.795560e-01 2.902240e-01 3.044858e-01 3.142214e-01 3.237229e-01 3.531170e-01 3.759988e-01 4.253901e-01 4.481106e-01 4.897556e-01 5.252089e-01 5.738661e-01 7.599795e-01 8.157340e-01 8.504041e-01 
174 1741 2.910538e-03 8.485484e-01 7.489147e-02 7.489147e-02 1.210791e-01 1.411879e-01 1.738394e-01 1.909960e-01 2.182614e-01 2.232423e-01 2.285663e-01 2.341189e-01 2.455404e-01 2.494200e-01 2.563548e-01 2.688261e-01 2.796086e-01 2.909058e-01 3.038476e-01 3.140269e-01 3.233742e-01 3.527306e-01 3.751561e-01 4.247145e-01 4.474014e-01 4.891195e-01 5.251743e-01 5.734227e-01 7.582829e-01 8.143119e-01 8.485484e-01 
175 1751 2.851064e-03 8.501605e-01 7.482724e-02 7.482724e-02 1.211984e-01 1.410497e-01 1.734717e-01 1.909625e-01 2.179365e-01 2.228620e-01 2.289822e-01 2.341732e-01 2.453035e-01 2.490063e-01 2.559269e-01 2.691892e-01 2.791190e-01 2.906281e-01 3.039146e-01 3.134339e-01 3.228059e-01 3.519702e-01 3.754975e-01 4.239688e-01 4.480346e-01 4.883351e-01 5.274556e-01 5.729442e-01 7.568189e-01 8.127975e-01 8.501605e-01 
176 1761 2.809381e-03 8.489520e-01 7.470949e-02 7.470949e-02 1.212513e-01 1.413889e-01 1.731575e-01 1.910921e-01 2.175578e-01 2.228070e-01 2.289818e-01 2.340148e-01 2.451474e-01 2.508673e-01 2.560444e-01 2.688875e-01 2.785634e-01 2.906586e-01 3.034557e-01 3.129345e-01 3.226944e-01 3.513981e-01 3.751667e-01 4.239301e-01 4.480754e-01 4.878431e-01 5.294191e-01 5.734368e-01 7.562779e-01 8.110702e-01 8.489520e-01 
177 1771 2.757903e-03 8.503979e-01 7.471391e-02 7.471391e-02 1.210587e-01 1.414554e-01 1.727866e-01 1.906025e-01 2.170429e-01 2.223518e-01 2.286837e-01 2.339117e-01 2.449944e-01 2.510847e-01 2.557520e-01 2.691670e-01 2.795127e-01 2.901533e-01 3.027717e-01 3.127000e-01 3.220741e-01 3.520000e-01 3.748086e-01 4.232545e-01 4.478692e-01 4.869476e-01 5.292579e-01 5.738218e-01 7.552557e-01 8.099423e-01 8.503979e-01 
178 1781 2.737315e-03 8.574236e-01 7.479841e-02 7.479841e-02 1.210110e-01 1.414686e-01 1.725491e-01 1.906043e-01 2.168588e-01 2.222001e-01 2.282876e-01 2.349992e-01 2.447253e-01 2.506344e-01 2.557929e-01 2.688388e-01 2.792151e-01 2.899894e-01 3.022467e-01 3.133499e-01 3.214137e-01 3.534636e-01 3.739457e-01 4.224691e-01 4.474142e-01 4.858071e-01 5.283795e-01 5.739120e-01 7.544870e-01 8.102411e-01 8.574236e-01 
179 1791 2.710862e-03 8.595174e-01 7.507908e-02 7.507908e-02 1.207878e-01 1.419218e-01 1.725020e-01 1.902320e-01 2.168302e-01 2.220273e-01 2.282106e-01 2.347800e-01 2.443979e-01 2.501192e-01 2.558587e-01 2.686512e-01 2.788399e-01 2.894000e-01 3.016605e-01 3.133135e-01 3.208766e-01 3.544401e-01 3.740950e-01 4.231397e-01 4.465337e-01 4.853321e-01 5.274997e-01 5.749324e-01 7.541373e-01 8.088751e-01 8.595174e-01 
180 1801 2.722970e-03 8.614196e-01 7.506625e-02 7.506625e-02 1.210208e-01 1.417710e-01 1.721955e-01 1.905302e-01 2.166146e-01 2.215645e-01 2.277158e-01 2.350576e-01 2.441455e-01 2.505695e-01 2.564655e-01 2.683822e-01 2.781656e-01 2.887435e-01 3.020797e-01 3.130009e-01 3.202621e-01 3.565019e-01 3.734222e-01 4.228753e-01 4.459251e-01 4.854568e-01 5.278488e-01 5.740428e-01 7.525775e-01 8.083802e-01 8.614196e-01 
181 1811 2.771216e-03 8.631993e-01 7.509038e-02 7.509038e-02 1.210758e-01 1.415115e-01 1.717794e-01 1.902218e-01 2.166107e-01 2.214931e-01 2.274660e-01 2.350815e-01 2.441328e-01 2.510439e-01 2.578730e-01 2.680367e-01 2.779387e-01 2.884556e-01 3.016968e-01 3.126316e-01 3.202681e-01 3.581467e-01 3.729126e-01 4.223806e-01 4.457059e-01 4.848602e-01 5.271867e-01 5.739125e-01 7.519340e-01 8.082913e-01 8.631993e-01 
182 1821 2.789136e-03 8.634692e-01 7.505666e-02 7.505666e-02 1.211349e-01 1.412530e-01 1.715811e-01 1.897505e-01 2.165178e-01 2.212060e-01 2.269600e-01 2.357010e-01 2.436424e-01 2.508072e-01 2.586708e-01 2.677034e-01 2.780229e-01 2.879614e-01 3.017074e-01 3.121224e-01 3.208764e-01 3.594598e-01 3.724321e-01 4.219148e-01 4.450506e-01 4.844803e-01 5.263001e-01 5.735790e-01 7.503025e-01 8.104967e-01 8.634692e-01 
183 1831 2.794863e-03 8.687099e-01 7.498213e-02 7.498213e-02 1.219388e-01 1.409940e-01 1.717514e-01 1.896260e-01 2.163721e-01 2.209187e-01 2.269292e-01 2.358106e-01 2.439810e-01 2.506393e-01 2.592511e-01 2.670825e-01 2.775819e-01 2.873748e-01 3.019242e-01 3.115913e-01 3.207952e-01 3.601790e-01 3.719712e-01 4.214994e-01 4.445763e-01 4.837220e-01 5.259298e-01 5.729204e-01 7.495916e-01 8.134659e-01 8.687099e-01 
184 1841 2.814607e-03 8.734982e-01 7.483121e-02 7.483121e-02 1.218831e-01 1.409958e-01 1.716276e-01 1.904721e-01 2.159761e-01 2.207760e-01 2.267692e-01 2.357223e-01 2.435423e-01 2.500336e-01 2.602636e-01 2.665551e-01 2.771686e-01 2.870728e-01 3.020568e-01 3.114305e-01 3.202254e-01 3.604014e-01 3.718037e-01 4.206711e-01 4.443396e-01 4.836928e-01 5.250469e-01 5.736215e-01 7.483103e-01 8.142157e-01 8.734982e-01 
185 1851 2.800276e-03 8.777106e-01 7.474492e-02 7.474492e-02 1.216778e-01 1.407008e-01 1.716284e-01 1.904688e-01 2.158676e-01 2.204255e-01 2.270556e-01 2.356011e-01 2.431988e-01 2.496815e-01 2.605348e-01 2.659045e-01 2.767867e-01 2.864464e-01 3.021023e-01 3.109327e-01 3.196871e-01 3.606643e-01 3.713364e-01 4.198796e-01 4.437934e-01 4.834974e-01 5.242752e-01 5.734596e-01 7.462462e-01 8.137387e-01 8.777106e-01 
186 1861 2.768580e-03 8.787608e-01 7.463373e-02 7.463373e-02 1.215573e-01 1.403545e-01 1.712331e-01 1.904060e-01 2.160842e-01 2.206722e-01 2.267821e-01 2.365782e-01 2.430506e-01 2.504836e-01 2.605037e-01 2.654381e-01 2.763203e-01 2.867884e-01 3.019761e-01 3.103317e-01 3.192326e-01 3.604782e-01 3.710257e-01 4.214003e-01 4.428441e-01 4.823430e-01 5.236642e-01 5.725356e-01 7.447497e-01 8.132596e-01 8.787608e-01 
187 1871 2.744943e-03 8.819787e-01 7.459423e-02 7.459423e-02 1.216674e-01 1.405540e-01 1.709989e-01 1.910459e-01 2.157731e-01 2.203639e-01 2.269364e-01 2.369904e-01 2.434388e-01 2.499842e-01 2.602212e-01 2.650572e-01 2.759623e-01 2.864268e-01 3.022779e-01 3.103363e-01 3.189284e-01 3.605543e-01 3.701187e-01 4.225678e-01 4.426920e-01 4.811335e-01 5.231388e-01 5.714046e-01 7.429256e-01 8.112850e-01 8.819787e-01 
188 1881 2.759539e-03 8.816690e-01 7.455672e-02 7.455672e-02 1.216066e-01 1.411682e-01 1.706625e-01 1.915930e-01 2.155110e-01 2.211168e-01 2.270272e-01 2.373260e-01 2.429279e-01 2.512999e-01 2.598083e-01 2.645673e-01 2.759183e-01 2.858215e-01 3.020786e-01 3.096323e-01 3.182908e-01 3.600219e-01 3.696917e-01 4.249533e-01 4.420683e-01 4.802268e-01 5.246263e-01 5.709131e-01 7.418296e-01 8.124504e-01 8.816690e-01 
189 1891 2.854737e-03 8.825348e-01 7.446191e-02 7.446191e-02 1.218423e-01 1.409367e-01 1.705609e-01 1.912563e-01 2.150259e-01 2.211134e-01 2.290574e-01 2.391127e-01 2.425608e-01 2.522782e-01 2.608630e-01 2.640568e-01 2.752907e-01 2.858178e-01 3.016265e-01 3.089664e-01 3.178158e-01 3.605241e-01 3.699880e-01 4.267441e-01 4.431884e-01 4.811636e-01 5.249078e-01 5.701499e-01 7.400340e-01 8.110668e-01 8.825348e-01 
190 1901 2.915257e-03 8.829499e-01 7.442150e-02 7.442150e-02 1.218305e-01 1.406284e-01 1.701292e-01 1.908254e-01 2.156800e-01 2.207169e-01 2.299379e-01 2.396956e-01 2.425822e-01 2.521062e-01 2.614397e-01 2.636398e-01 2.747020e-01 2.864838e-01 3.019791e-01 3.083131e-01 3.174658e-01 3.601245e-01 3.695398e-01 4.265813e-01 4.476078e-01 4.820062e-01 5.242809e-01 5.689793e-01 7.382370e-01 8.095923e-01 8.829499e-01 
191 1911 2.981271e-03 8.830442e-01 7.429234e-02 7.429234e-02 1.218484e-01 1.404643e-01 1.697241e-01 1.906277e-01 2.153669e-01 2.206274e-01 2.301506e-01 2.397625e-01 2.432160e-01 2.525039e-01 2.615533e-01 2.633389e-01 2.742183e-01 2.872071e-01 3.021516e-01 3.078651e-01 3.171029e-01 3.595711e-01 3.686849e-01 4.278234e-01 4.498580e-01 4.831909e-01 5.230031e-01 5.700991e-01 7.364347e-01 8.081188e-01 8.830442e-01 
192 1921 3.056452e-03 8.824546e-01 7.415521e-02 7.415521e-02 1.219487e-01 1.403381e-01 1.694216e-01 1.904033e-01 2.150521e-01 2.203363e-01 2.299319e-01 2.400598e-01 2.439608e-01 2.525842e-01 2.618071e-01 2.633508e-01 2.735685e-01 2.878744e-01 3.018157e-01 3.077139e-01 3.174255e-01 3.597730e-01 3.677916e-01 4.273384e-01 4.503660e-01 4.859508e-01 5.226557e-01 5.709604e-01 7.344732e-01 8.074019e-01 8.824546e-01 
193 1931 3.129091e-03 8.810706e-01 7.405231e-02 7.405231e-02 1.219497e-01 1.408127e-01 1.690258e-01 1.900713e-01 2.145458e-01 2.201407e-01 2.297586e-01 2.399077e-01 2.442959e-01 2.526221e-01 2.612722e-01 2.638784e-01 2.734167e-01 2.882673e-01 3.018692e-01 3.069016e-01 3.170681e-01 3.615679e-01 3.670389e-01 4.280385e-01 4.502242e-01 4.875486e-01 5.228978e-01 5.703252e-01 7.355727e-01 8.065061e-01 8.810706e-01 
194 1941 3.138179e-03 8.801618e-01 7.393229e-02 7.393229e-02 1.218577e-01 1.405644e-01 1.686986e-01 1.896426e-01 2.140290e-01 2.197671e-01 2.292390e-01 2.393972e-01 2.443447e-01 2.522119e-01 2.614584e-01 2.636747e-01 2.731942e-01 2.882646e-01 3.025219e-01 3.065328e-01 3.169894e-01 3.617468e-01 3.662834e-01 4.275587e-01 4.513502e-01 4.915861e-01 5.230832e-01 5.693065e-01 7.342989e-01 8.068007e-01 8.801618e-01 
195 1951 3.121840e-03 8.792579e-01 7.386039e-02 7.386039e-02 1.216574e-01 1.404064e-01 1.686552e-01 1.897683e-01 2.135366e-01 2.197639e-01 2.298156e-01 2.394684e-01 2.439483e-01 2.519225e-01 2.610160e-01 2.630783e-01 2.727543e-01 2.887105e-01 3.022370e-01 3.060548e-01 3.162143e-01 3.637109e-01 3.672762e-01 4.267599e-01 4.510052e-01 4.921499e-01 5.239538e-01 5.678195e-01 7.342238e-01 8.059479e-01 8.792579e-01 
196 1961 3.051422e-03 8.799649e-01 7.370838e-02 7.370838e-02 1.214206e-01 1.400380e-01 1.685425e-01 1.894003e-01 2.133645e-01 2.192942e-01 2.299036e-01 2.397696e-01 2.448296e-01 2.520840e-01 2.607606e-01 2.635460e-01 2.721602e-01 2.887350e-01 3.015576e-01 3.057445e-01 3.154488e-01 3.638106e-01 3.664151e-01 4.262158e-01 4.502818e-01 4.926788e-01 5.241681e-01 5.672860e-01 7.331338e-01 8.059570e-01 8.799649e-01 
197 1971 2.987919e-03 8.775876e-01 7.359653e-02 7.359653e-02 1.211426e-01 1.399217e-01 1.689160e-01 1.894645e-01 2.131987e-01 2.190574e-01 2.296922e-01 2.400301e-01 2.452650e-01 2.522733e-01 2.602706e-01 2.633955e-01 2.720165e-01 2.882857e-01 3.017533e-01 3.055108e-01 3.154219e-01 3.644089e-01 3.659697e-01 4.263504e-01 4.507401e-01 4.932024e-01 5.231460e-01 5.664932e-01 7.321974e-01 8.051677e-01 8.775876e-01 
198 1981 2.949094e-03 8.760559e-01 7.353902e-02 7.353902e-02 1.208636e-01 1.397284e-01 1.686633e-01 1.892693e-01 2.128240e-01 2.185411e-01 2.291399e-01 2.396273e-01 2.451644e-01 2.520628e-01 2.600962e-01 2.630278e-01 2.716515e-01 2.885900e-01 3.016890e-01 3.058225e-01 3.147224e-01 3.655661e-01 3.669657e-01 4.257301e-01 4.498852e-01 4.949767e-01 5.221124e-01 5.659621e-01 7.307631e-01 8.039342e-01 8.760559e-01 
199 1991 2.900853e-03 8.755080e-01 7.337237e-02 7.337237e-02 1.207320e-01 1.395429e-01 1.689900e-01 1.891876e-01 2.124510e-01 2.183995e-01 2.291646e-01 2.396855e-01 2.450904e-01 2.522630e-01 2.599032e-01 2.632780e-01 2.713996e-01 2.881348e-01 3.018760e-01 3.063678e-01 3.143828e-01 3.652865e-01 3.664610e-01 4.248427e-01 4.490201e-01 4.953073e-01 5.209251e-01 5.654868e-01 7.291388e-01 8.028487e-01 8.755080e-01 
200 2001 2.870213e-03 8.758797e-01 7.337591e-02 7.337591e-02 1.205942e-01 1.394580e-01 1.689410e-01 1.892896e-01 2.123943e-01 2.180725e-01 2.290208e-01 2.393239e-01 2.450855e-01 2.541699e-01 2.598490e-01 2.627761e-01 2.708286e-01 2.885024e-01 3.013918e-01 3.061299e-01 3.139006e-01 3.648981e-01 3.659206e-01 4.264635e-01 4.484801e-01 4.954288e-01 5.223001e-01 5.641319e-01 7.280751e-01 8.013107e-01 8.758797e-01 
