%  columns=["iteration, evaluation, sigma, void, void, stds==sigma*sqrt(diag(C))" (startseed=212815, 2026/02/15 21:7:57.16)
1 11 3.470670e-02 0 0 1.113529e-02 9.428254e-03 1.112599e-02 8.524372e-03 9.441205e-03 1.131334e-02 1.761043e-02 1.601869e-02 1.001132e-02 1.179673e-02 1.128203e-02 8.673682e-03 4.793969e-03 9.380972e-03 2.785056e-03 9.431466e-03 1.300227e-02 5.355015e-03 6.509281e-03 3.382531e-02 9.041424e-03 7.491267e-03 1.601675e-02 3.202405e-02 1.223293e-02 3.464902e-02 2.391997e-02 2.134617e-02 
2 21 3.301886e-02 0 0 1.057863e-02 8.981184e-03 1.060170e-02 8.096779e-03 8.966781e-03 1.073805e-02 1.677842e-02 1.520494e-02 9.522659e-03 1.124945e-02 1.071107e-02 8.276053e-03 4.558213e-03 8.912044e-03 2.644894e-03 8.952728e-03 1.236452e-02 5.101108e-03 6.192244e-03 3.213524e-02 8.580199e-03 7.123460e-03 1.522464e-02 3.045808e-02 1.161932e-02 3.291897e-02 2.270436e-02 2.027372e-02 
3 31 3.251964e-02 0 0 1.041520e-02 8.844129e-03 1.046935e-02 7.959407e-03 8.815628e-03 1.056294e-02 1.651082e-02 1.494136e-02 9.364194e-03 1.107883e-02 1.056732e-02 8.209379e-03 4.484884e-03 8.770822e-03 2.600541e-03 8.807801e-03 1.215615e-02 5.020608e-03 6.110061e-03 3.157279e-02 8.438120e-03 7.007271e-03 1.499792e-02 2.994941e-02 1.144229e-02 3.236584e-02 2.230845e-02 1.992400e-02 
4 41 3.225790e-02 0 0 1.033953e-02 8.801628e-03 1.039105e-02 7.878705e-03 8.731701e-03 1.046827e-02 1.636856e-02 1.479073e-02 9.278376e-03 1.098441e-02 1.052970e-02 8.185705e-03 4.441622e-03 8.678005e-03 2.574984e-03 8.721960e-03 1.204030e-02 4.969170e-03 6.063411e-03 3.126348e-02 8.369670e-03 6.938276e-03 1.488280e-02 2.965755e-02 1.132124e-02 3.203240e-02 2.208540e-02 1.973646e-02 
5 51 3.191669e-02 0 0 1.021785e-02 8.736225e-03 1.032995e-02 7.797167e-03 8.630878e-03 1.035857e-02 1.618792e-02 1.462434e-02 9.207138e-03 1.085424e-02 1.044187e-02 8.109395e-03 4.387465e-03 8.565664e-03 2.543808e-03 8.632085e-03 1.190157e-02 4.907304e-03 5.990035e-03 3.092387e-02 8.266948e-03 6.858595e-03 1.468653e-02 2.933580e-02 1.118426e-02 3.166798e-02 2.183227e-02 1.949472e-02 
6 61 3.102149e-02 0 0 9.910306e-03 8.484211e-03 1.004736e-02 7.593055e-03 8.371593e-03 1.008232e-02 1.575329e-02 1.421986e-02 8.947584e-03 1.054592e-02 1.016787e-02 7.894987e-03 4.254824e-03 8.315286e-03 2.471135e-03 8.376297e-03 1.160644e-02 4.762075e-03 5.830599e-03 3.006543e-02 8.050414e-03 6.659413e-03 1.425997e-02 2.849830e-02 1.089554e-02 3.073087e-02 2.120448e-02 1.891720e-02 
7 71 2.997497e-02 0 0 9.558276e-03 8.176566e-03 9.698475e-03 7.325553e-03 8.079332e-03 9.730210e-03 1.522814e-02 1.371940e-02 8.638077e-03 1.017779e-02 9.810378e-03 7.614918e-03 4.110622e-03 8.031071e-03 2.391537e-03 8.076707e-03 1.121148e-02 4.594269e-03 5.632397e-03 2.900333e-02 7.776890e-03 6.459119e-03 1.375150e-02 2.752750e-02 1.052048e-02 2.966689e-02 2.044815e-02 1.824583e-02 
8 81 2.933270e-02 0 0 9.336531e-03 7.983660e-03 9.473832e-03 7.152859e-03 7.899271e-03 9.539112e-03 1.491562e-02 1.342543e-02 8.455437e-03 9.933736e-03 9.589085e-03 7.433201e-03 4.030961e-03 7.853420e-03 2.340743e-03 7.897366e-03 1.095370e-02 4.494040e-03 5.511981e-03 2.837897e-02 7.592213e-03 6.342238e-03 1.342768e-02 2.688871e-02 1.028738e-02 2.895851e-02 1.996793e-02 1.787983e-02 
9 91 2.900295e-02 0 0 9.217963e-03 7.888668e-03 9.352651e-03 7.059721e-03 7.824123e-03 9.443024e-03 1.474758e-02 1.327278e-02 8.354574e-03 9.815603e-03 9.481169e-03 7.333821e-03 3.981798e-03 7.770270e-03 2.317238e-03 7.807927e-03 1.081761e-02 4.440935e-03 5.465302e-03 2.801412e-02 7.491815e-03 6.272473e-03 1.328163e-02 2.652173e-02 1.015435e-02 2.860999e-02 1.970061e-02 1.765007e-02 
10 101 2.841956e-02 0 0 9.021433e-03 7.737753e-03 9.153523e-03 6.929339e-03 7.653287e-03 9.293916e-03 1.443771e-02 1.299249e-02 8.169988e-03 9.615614e-03 9.298510e-03 7.170181e-03 3.901798e-03 7.598178e-03 2.275237e-03 7.655905e-03 1.058741e-02 4.341254e-03 5.355187e-03 2.744686e-02 7.324452e-03 6.159539e-03 1.298929e-02 2.592735e-02 9.928780e-03 2.802532e-02 1.925752e-02 1.725926e-02 
11 111 2.808241e-02 0 0 8.901146e-03 7.641517e-03 9.039415e-03 6.839036e-03 7.562685e-03 9.177343e-03 1.425335e-02 1.281915e-02 8.062784e-03 9.535538e-03 9.192661e-03 7.071344e-03 3.861514e-03 7.497090e-03 2.244552e-03 7.555462e-03 1.044144e-02 4.282369e-03 5.287186e-03 2.712973e-02 7.229920e-03 6.087981e-03 1.282693e-02 2.569851e-02 9.803730e-03 2.768644e-02 1.897903e-02 1.703601e-02 
12 121 2.714885e-02 0 0 8.607075e-03 7.374383e-03 8.726157e-03 6.598920e-03 7.318247e-03 8.886821e-03 1.377067e-02 1.237783e-02 7.805161e-03 9.217503e-03 8.885403e-03 6.821866e-03 3.736306e-03 7.230035e-03 2.172930e-03 7.288406e-03 1.010147e-02 4.138472e-03 5.117129e-03 2.620985e-02 6.974715e-03 5.886876e-03 1.236941e-02 2.482293e-02 9.465070e-03 2.672636e-02 1.830229e-02 1.642854e-02 
13 131 2.597034e-02 0 0 8.215779e-03 7.065639e-03 8.336747e-03 6.300657e-03 6.987134e-03 8.493688e-03 1.315962e-02 1.187552e-02 7.458677e-03 8.804746e-03 8.504508e-03 6.512275e-03 3.568590e-03 6.913508e-03 2.078847e-03 6.961306e-03 9.661381e-03 3.978695e-03 4.888399e-03 2.504678e-02 6.679594e-03 5.621756e-03 1.182299e-02 2.371329e-02 9.044923e-03 2.552498e-02 1.746143e-02 1.568424e-02 
14 141 2.479993e-02 0 0 7.850940e-03 6.747865e-03 7.943895e-03 6.010775e-03 6.680189e-03 8.106027e-03 1.254314e-02 1.133716e-02 7.112364e-03 8.397663e-03 8.106533e-03 6.211275e-03 3.399919e-03 6.609631e-03 1.981677e-03 6.636934e-03 9.252535e-03 3.804860e-03 4.664919e-03 2.391131e-02 6.380022e-03 5.359727e-03 1.126846e-02 2.260523e-02 8.622710e-03 2.431616e-02 1.663462e-02 1.496316e-02 
15 151 2.373782e-02 0 0 7.495177e-03 6.448706e-03 7.585482e-03 5.745815e-03 6.400619e-03 7.753990e-03 1.199972e-02 1.084252e-02 6.831954e-03 8.036574e-03 7.764002e-03 5.936081e-03 3.248826e-03 6.325721e-03 1.892630e-03 6.337061e-03 8.839124e-03 3.649262e-03 4.459510e-03 2.284876e-02 6.099813e-03 5.118933e-03 1.076617e-02 2.159348e-02 8.251586e-03 2.321653e-02 1.589397e-02 1.428651e-02 
16 161 2.311794e-02 0 0 7.293344e-03 6.265012e-03 7.373939e-03 5.607582e-03 6.234529e-03 7.542563e-03 1.166560e-02 1.053624e-02 6.653956e-03 7.855304e-03 7.559199e-03 5.767113e-03 3.158997e-03 6.158197e-03 1.850271e-03 6.160319e-03 8.600352e-03 3.555291e-03 4.342710e-03 2.220753e-02 5.929949e-03 4.977888e-03 1.047203e-02 2.099312e-02 8.054917e-03 2.256963e-02 1.544729e-02 1.393083e-02 
17 171 2.238581e-02 0 0 7.062750e-03 6.061706e-03 7.130581e-03 5.434077e-03 6.028638e-03 7.285515e-03 1.127863e-02 1.021661e-02 6.449811e-03 7.593018e-03 7.310245e-03 5.573838e-03 3.054033e-03 5.958698e-03 1.793213e-03 5.951777e-03 8.325577e-03 3.438395e-03 4.202174e-03 2.147142e-02 5.737862e-03 4.817132e-03 1.012595e-02 2.028141e-02 7.787320e-03 2.180993e-02 1.492104e-02 1.347856e-02 
18 181 2.154583e-02 0 0 6.798437e-03 5.826069e-03 6.850545e-03 5.221928e-03 5.796987e-03 6.999581e-03 1.083098e-02 9.830729e-03 6.205337e-03 7.311822e-03 7.040060e-03 5.356502e-03 2.944160e-03 5.737624e-03 1.727241e-03 5.724426e-03 8.019960e-03 3.305386e-03 4.039160e-03 2.066993e-02 5.524525e-03 4.629788e-03 9.745203e-03 1.949237e-02 7.486932e-03 2.095431e-02 1.433230e-02 1.295442e-02 
19 191 2.108251e-02 0 0 6.646541e-03 5.689831e-03 6.693821e-03 5.098366e-03 5.679664e-03 6.840272e-03 1.060190e-02 9.602369e-03 6.082985e-03 7.142129e-03 6.883504e-03 5.241845e-03 2.887936e-03 5.606586e-03 1.689193e-03 5.642199e-03 7.831857e-03 3.234104e-03 3.950666e-03 2.019346e-02 5.402576e-03 4.585364e-03 9.515356e-03 1.903813e-02 7.325646e-03 2.047505e-02 1.399570e-02 1.267231e-02 
20 201 2.079604e-02 0 0 6.554765e-03 5.598840e-03 6.591279e-03 5.041223e-03 5.600496e-03 6.733806e-03 1.045199e-02 9.452373e-03 6.011466e-03 7.031461e-03 6.774983e-03 5.158885e-03 2.852203e-03 5.538552e-03 1.664164e-03 5.574647e-03 7.742885e-03 3.186347e-03 3.887676e-03 1.988389e-02 5.319901e-03 4.537984e-03 9.391322e-03 1.879685e-02 7.238272e-03 2.015891e-02 1.378549e-02 1.247239e-02 
21 211 2.057219e-02 0 0 6.474412e-03 5.531586e-03 6.522728e-03 4.980339e-03 5.563183e-03 6.659776e-03 1.034424e-02 9.352549e-03 5.944729e-03 6.940738e-03 6.687388e-03 5.094719e-03 2.831205e-03 5.468630e-03 1.644188e-03 5.545108e-03 7.646930e-03 3.143975e-03 3.836384e-03 1.962326e-02 5.273182e-03 4.507735e-03 9.280730e-03 1.857134e-02 7.167956e-03 1.990851e-02 1.363767e-02 1.231542e-02 
22 221 2.016685e-02 0 0 6.346596e-03 5.413522e-03 6.381010e-03 4.887504e-03 5.466739e-03 6.516424e-03 1.012005e-02 9.149081e-03 5.873308e-03 6.791771e-03 6.548216e-03 4.983212e-03 2.772679e-03 5.350842e-03 1.610439e-03 5.444363e-03 7.518165e-03 3.076893e-03 3.755127e-03 1.920137e-02 5.168476e-03 4.417435e-03 9.076590e-03 1.817302e-02 7.021767e-03 1.947920e-02 1.334371e-02 1.204439e-02 
23 231 1.992008e-02 0 0 6.260934e-03 5.341203e-03 6.295131e-03 4.831588e-03 5.427920e-03 6.426646e-03 9.983842e-03 9.036186e-03 5.802632e-03 6.720907e-03 6.469253e-03 4.910721e-03 2.732960e-03 5.279787e-03 1.589224e-03 5.398513e-03 7.424071e-03 3.037151e-03 3.710540e-03 1.892632e-02 5.097822e-03 4.369462e-03 8.959998e-03 1.794303e-02 6.930566e-03 1.920583e-02 1.314487e-02 1.190362e-02 
24 241 1.948611e-02 0 0 6.114179e-03 5.214935e-03 6.154870e-03 4.720063e-03 5.329776e-03 6.273141e-03 9.744047e-03 8.833973e-03 5.677130e-03 6.568876e-03 6.319807e-03 4.797555e-03 2.672815e-03 5.152180e-03 1.551913e-03 5.283684e-03 7.266817e-03 2.970719e-03 3.626550e-03 1.849827e-02 4.983144e-03 4.273283e-03 8.769187e-03 1.752067e-02 6.769584e-03 1.877302e-02 1.282774e-02 1.165679e-02 
25 251 1.886869e-02 0 0 5.925225e-03 5.049057e-03 5.954799e-03 4.573532e-03 5.158526e-03 6.061574e-03 9.419899e-03 8.540379e-03 5.483323e-03 6.358335e-03 6.117425e-03 4.637217e-03 2.583784e-03 4.984135e-03 1.499385e-03 5.132718e-03 7.037236e-03 2.874807e-03 3.502437e-03 1.787854e-02 4.823038e-03 4.132712e-03 8.477590e-03 1.694092e-02 6.548244e-03 1.814434e-02 1.239210e-02 1.126548e-02 
26 261 1.826834e-02 0 0 5.732256e-03 4.878606e-03 5.754798e-03 4.425066e-03 4.991719e-03 5.867358e-03 9.106700e-03 8.270030e-03 5.299636e-03 6.158279e-03 5.912494e-03 4.480344e-03 2.498738e-03 4.834934e-03 1.449581e-03 4.976958e-03 6.812532e-03 2.780932e-03 3.385264e-03 1.730317e-02 4.666442e-03 4.001903e-03 8.204730e-03 1.638807e-02 6.326369e-03 1.756779e-02 1.197317e-02 1.089100e-02 
27 271 1.810742e-02 0 0 5.688733e-03 4.830355e-03 5.756631e-03 4.378812e-03 4.947538e-03 5.806496e-03 9.021646e-03 8.187534e-03 5.247297e-03 6.111376e-03 5.874657e-03 4.432455e-03 2.473493e-03 4.805338e-03 1.434865e-03 4.938563e-03 6.753962e-03 2.764366e-03 3.347254e-03 1.718068e-02 4.617539e-03 3.961176e-03 8.113431e-03 1.621535e-02 6.267444e-03 1.737191e-02 1.184385e-02 1.079080e-02 
28 281 1.779299e-02 0 0 5.579249e-03 4.736525e-03 5.651312e-03 4.300526e-03 4.866907e-03 5.707071e-03 8.868447e-03 8.053448e-03 5.153838e-03 5.998759e-03 5.781533e-03 4.346646e-03 2.428872e-03 4.721440e-03 1.408452e-03 4.854047e-03 6.638152e-03 2.723244e-03 3.283944e-03 1.686252e-02 4.531637e-03 3.892879e-03 7.973922e-03 1.590895e-02 6.155978e-03 1.704740e-02 1.160967e-02 1.058276e-02 
29 291 1.739450e-02 0 0 5.448698e-03 4.638559e-03 5.523217e-03 4.205255e-03 4.752344e-03 5.569799e-03 8.652671e-03 7.869939e-03 5.032259e-03 5.851492e-03 5.664464e-03 4.246828e-03 2.372661e-03 4.613795e-03 1.378142e-03 4.740025e-03 6.495771e-03 2.670402e-03 3.202818e-03 1.646417e-02 4.426266e-03 3.797621e-03 7.786882e-03 1.551271e-02 6.026478e-03 1.668795e-02 1.132945e-02 1.033888e-02 
30 301 1.715326e-02 0 0 5.366729e-03 4.586030e-03 5.436349e-03 4.135908e-03 4.679547e-03 5.491936e-03 8.543659e-03 7.751670e-03 4.958504e-03 5.764899e-03 5.603838e-03 4.180191e-03 2.334360e-03 4.554888e-03 1.357856e-03 4.676717e-03 6.407529e-03 2.647621e-03 3.152467e-03 1.621570e-02 4.355181e-03 3.738057e-03 7.667174e-03 1.530586e-02 5.931285e-03 1.643767e-02 1.114548e-02 1.018418e-02 
31 311 1.684136e-02 0 0 5.270221e-03 4.503285e-03 5.357464e-03 4.053569e-03 4.594861e-03 5.397739e-03 8.395107e-03 7.613665e-03 4.879795e-03 5.648052e-03 5.512664e-03 4.098666e-03 2.288043e-03 4.499366e-03 1.332740e-03 4.609230e-03 6.277727e-03 2.606584e-03 3.098244e-03 1.589944e-02 4.269125e-03 3.662331e-03 7.513057e-03 1.501275e-02 5.810762e-03 1.612009e-02 1.091601e-02 9.981718e-03 
32 321 1.644864e-02 0 0 5.134855e-03 4.399897e-03 5.225974e-03 3.949736e-03 4.480959e-03 5.270139e-03 8.195612e-03 7.441372e-03 4.756000e-03 5.510286e-03 5.405734e-03 4.001308e-03 2.231573e-03 4.404878e-03 1.299998e-03 4.495543e-03 6.121415e-03 2.548786e-03 3.027368e-03 1.553061e-02 4.168196e-03 3.576465e-03 7.330234e-03 1.467679e-02 5.665248e-03 1.571588e-02 1.063903e-02 9.738845e-03 
33 331 1.617632e-02 0 0 5.055426e-03 4.316802e-03 5.145391e-03 3.878981e-03 4.401741e-03 5.182381e-03 8.062011e-03 7.300996e-03 4.668296e-03 5.407269e-03 5.342622e-03 3.934034e-03 2.191135e-03 4.337265e-03 1.277309e-03 4.411244e-03 6.015312e-03 2.531453e-03 2.972039e-03 1.525818e-02 4.091395e-03 3.518582e-03 7.199017e-03 1.442990e-02 5.564624e-03 1.544309e-02 1.043589e-02 9.582747e-03 
34 341 1.597027e-02 0 0 4.986284e-03 4.255508e-03 5.073539e-03 3.823038e-03 4.340705e-03 5.128366e-03 7.942282e-03 7.204412e-03 4.600248e-03 5.339144e-03 5.283320e-03 3.878023e-03 2.160513e-03 4.275430e-03 1.268609e-03 4.345991e-03 5.926095e-03 2.512746e-03 2.938697e-03 1.504330e-02 4.030518e-03 3.470556e-03 7.110173e-03 1.426232e-02 5.493624e-03 1.523857e-02 1.027827e-02 9.457926e-03 
35 351 1.555780e-02 0 0 4.850675e-03 4.138630e-03 4.938863e-03 3.714934e-03 4.220430e-03 4.990338e-03 7.741402e-03 7.002487e-03 4.470353e-03 5.190850e-03 5.143876e-03 3.782026e-03 2.103653e-03 4.158358e-03 1.239153e-03 4.226434e-03 5.772425e-03 2.451502e-03 2.859708e-03 1.461772e-02 3.925453e-03 3.377700e-03 6.926022e-03 1.390543e-02 5.345939e-03 1.481286e-02 9.993626e-03 9.241181e-03 
36 361 1.508516e-02 0 0 4.691513e-03 4.012791e-03 4.784738e-03 3.595822e-03 4.100261e-03 4.835262e-03 7.506647e-03 6.782380e-03 4.342168e-03 5.020825e-03 4.983706e-03 3.658154e-03 2.035737e-03 4.030584e-03 1.200469e-03 4.088028e-03 5.591537e-03 2.379543e-03 2.768701e-03 1.418031e-02 3.803151e-03 3.267720e-03 6.702876e-03 1.346671e-02 5.195102e-03 1.434208e-02 9.670922e-03 8.995744e-03 
37 371 1.455969e-02 0 0 4.521832e-03 3.876101e-03 4.613289e-03 3.470431e-03 3.955393e-03 4.662403e-03 7.251535e-03 6.545355e-03 4.182397e-03 4.842805e-03 4.806936e-03 3.529393e-03 1.962968e-03 3.882274e-03 1.156291e-03 3.942619e-03 5.383489e-03 2.293006e-03 2.667863e-03 1.369957e-02 3.663734e-03 3.152245e-03 6.456987e-03 1.297841e-02 5.013575e-03 1.380717e-02 9.312558e-03 8.692426e-03 
38 381 1.420830e-02 0 0 4.403705e-03 3.778459e-03 4.495582e-03 3.379638e-03 3.855380e-03 4.543830e-03 7.089613e-03 6.394118e-03 4.077289e-03 4.718841e-03 4.678900e-03 3.447523e-03 1.912058e-03 3.780740e-03 1.128067e-03 3.841820e-03 5.244404e-03 2.235543e-03 2.601145e-03 1.335101e-02 3.568937e-03 3.069515e-03 6.292635e-03 1.264417e-02 4.908088e-03 1.343855e-02 9.066653e-03 8.482855e-03 
39 391 1.387911e-02 0 0 4.298820e-03 3.685399e-03 4.385976e-03 3.295938e-03 3.768743e-03 4.433288e-03 6.925667e-03 6.242798e-03 3.975063e-03 4.604654e-03 4.560505e-03 3.375223e-03 1.864020e-03 3.691572e-03 1.101354e-03 3.748870e-03 5.113307e-03 2.186516e-03 2.543875e-03 1.302107e-02 3.479898e-03 2.992079e-03 6.134303e-03 1.232155e-02 4.791108e-03 1.309680e-02 8.835645e-03 8.313172e-03 
40 401 1.366468e-02 0 0 4.223990e-03 3.622858e-03 4.309761e-03 3.237046e-03 3.728981e-03 4.358820e-03 6.810626e-03 6.136304e-03 3.909135e-03 4.525845e-03 4.494603e-03 3.335024e-03 1.833863e-03 3.635780e-03 1.081875e-03 3.685741e-03 5.035764e-03 2.149849e-03 2.505097e-03 1.283348e-02 3.420320e-03 2.939498e-03 6.030834e-03 1.211311e-02 4.736864e-03 1.286470e-02 8.680385e-03 8.189639e-03 
41 411 1.357631e-02 0 0 4.200174e-03 3.610675e-03 4.276453e-03 3.210509e-03 3.715262e-03 4.319723e-03 6.768869e-03 6.086013e-03 3.877829e-03 4.490397e-03 4.467640e-03 3.340194e-03 1.820213e-03 3.611575e-03 1.074286e-03 3.653756e-03 4.993049e-03 2.133921e-03 2.485362e-03 1.272467e-02 3.391215e-03 2.920969e-03 5.997826e-03 1.202287e-02 4.709019e-03 1.274992e-02 8.611714e-03 8.153641e-03 
42 421 1.343535e-02 0 0 4.147486e-03 3.581605e-03 4.234182e-03 3.170365e-03 3.677437e-03 4.265438e-03 6.693006e-03 6.012601e-03 3.832308e-03 4.432231e-03 4.415179e-03 3.319119e-03 1.801647e-03 3.580386e-03 1.062241e-03 3.607675e-03 4.945052e-03 2.108615e-03 2.459815e-03 1.256258e-02 3.352580e-03 2.885721e-03 5.924565e-03 1.187322e-02 4.656064e-03 1.259374e-02 8.501200e-03 8.070402e-03 
43 431 1.322019e-02 0 0 4.072312e-03 3.523500e-03 4.167601e-03 3.122939e-03 3.631101e-03 4.192487e-03 6.596181e-03 5.906192e-03 3.774825e-03 4.358866e-03 4.337860e-03 3.272929e-03 1.771397e-03 3.524226e-03 1.043112e-03 3.545729e-03 4.870887e-03 2.071759e-03 2.418300e-03 1.236166e-02 3.293345e-03 2.834368e-03 5.843744e-03 1.165617e-02 4.575304e-03 1.239577e-02 8.347678e-03 7.943481e-03 
44 441 1.321518e-02 0 0 4.061740e-03 3.523321e-03 4.161196e-03 3.119195e-03 3.638028e-03 4.195295e-03 6.584804e-03 5.893011e-03 3.769777e-03 4.348929e-03 4.353432e-03 3.292064e-03 1.768776e-03 3.530831e-03 1.042172e-03 3.537196e-03 4.862253e-03 2.066696e-03 2.426454e-03 1.234659e-02 3.299163e-03 2.830601e-03 5.837390e-03 1.163718e-02 4.573439e-03 1.239328e-02 8.330889e-03 7.929404e-03 
45 451 1.332261e-02 0 0 4.092428e-03 3.559118e-03 4.187472e-03 3.137283e-03 3.665361e-03 4.220952e-03 6.624024e-03 5.933374e-03 3.794489e-03 4.373945e-03 4.395074e-03 3.326623e-03 1.784925e-03 3.560183e-03 1.050915e-03 3.558109e-03 4.905437e-03 2.078759e-03 2.488886e-03 1.245425e-02 3.326874e-03 2.852254e-03 5.881337e-03 1.172404e-02 4.625634e-03 1.246734e-02 8.379780e-03 7.984422e-03 
46 461 1.328266e-02 0 0 4.079103e-03 3.544400e-03 4.182836e-03 3.126901e-03 3.650335e-03 4.201892e-03 6.591379e-03 5.950403e-03 3.775232e-03 4.353942e-03 4.393053e-03 3.314689e-03 1.778765e-03 3.544119e-03 1.045655e-03 3.539057e-03 4.886954e-03 2.070441e-03 2.499609e-03 1.239303e-02 3.309697e-03 2.842815e-03 5.851550e-03 1.167036e-02 4.619554e-03 1.240185e-02 8.337110e-03 7.943312e-03 
47 471 1.335285e-02 0 0 4.106080e-03 3.560437e-03 4.200968e-03 3.145477e-03 3.663419e-03 4.218397e-03 6.617143e-03 5.985929e-03 3.794052e-03 4.368230e-03 4.445676e-03 3.328503e-03 1.784322e-03 3.584908e-03 1.049545e-03 3.550461e-03 4.912132e-03 2.083188e-03 2.518761e-03 1.243016e-02 3.324493e-03 2.851578e-03 5.870647e-03 1.171372e-02 4.653853e-03 1.243686e-02 8.371509e-03 8.003230e-03 
48 481 1.344606e-02 0 0 4.130412e-03 3.576874e-03 4.242357e-03 3.172317e-03 3.683037e-03 4.248352e-03 6.648631e-03 6.022344e-03 3.817218e-03 4.394809e-03 4.498410e-03 3.346787e-03 1.798054e-03 3.615393e-03 1.054693e-03 3.571230e-03 4.942238e-03 2.101386e-03 2.539556e-03 1.250035e-02 3.345151e-03 2.870088e-03 5.907275e-03 1.178847e-02 4.696554e-03 1.249929e-02 8.412336e-03 8.061446e-03 
49 491 1.339450e-02 0 0 4.108962e-03 3.556639e-03 4.220879e-03 3.165423e-03 3.660865e-03 4.226250e-03 6.615928e-03 5.995027e-03 3.801529e-03 4.368268e-03 4.500016e-03 3.328204e-03 1.787016e-03 3.600801e-03 1.049813e-03 3.565590e-03 4.920941e-03 2.094223e-03 2.532150e-03 1.242546e-02 3.326039e-03 2.852226e-03 5.899376e-03 1.173311e-02 4.710480e-03 1.242038e-02 8.361528e-03 8.016447e-03 
50 501 1.326508e-02 0 0 4.062229e-03 3.523784e-03 4.180803e-03 3.128149e-03 3.619958e-03 4.176838e-03 6.563294e-03 5.939676e-03 3.765089e-03 4.317948e-03 4.462727e-03 3.291372e-03 1.771411e-03 3.566736e-03 1.039673e-03 3.530164e-03 4.867336e-03 2.071496e-03 2.502011e-03 1.229401e-02 3.296690e-03 2.826083e-03 5.839649e-03 1.160038e-02 4.696315e-03 1.227974e-02 8.260393e-03 7.941760e-03 
51 511 1.309279e-02 0 0 3.999963e-03 3.477297e-03 4.123134e-03 3.079962e-03 3.570668e-03 4.112545e-03 6.475787e-03 5.854738e-03 3.717103e-03 4.252543e-03 4.404426e-03 3.247192e-03 1.746563e-03 3.530691e-03 1.026987e-03 3.482757e-03 4.797750e-03 2.047717e-03 2.468579e-03 1.212420e-02 3.247766e-03 2.784075e-03 5.755058e-03 1.143226e-02 4.649144e-03 1.210354e-02 8.136682e-03 7.826151e-03 
52 521 1.303717e-02 0 0 3.979898e-03 3.473714e-03 4.100513e-03 3.061908e-03 3.550615e-03 4.084969e-03 6.447505e-03 5.823716e-03 3.702981e-03 4.241019e-03 4.408018e-03 3.238667e-03 1.736274e-03 3.515655e-03 1.025635e-03 3.467985e-03 4.770521e-03 2.037552e-03 2.455375e-03 1.207373e-02 3.230652e-03 2.765774e-03 5.731959e-03 1.136060e-02 4.647262e-03 1.206942e-02 8.081663e-03 7.802553e-03 
53 531 1.325144e-02 0 0 4.048456e-03 3.530248e-03 4.217893e-03 3.107776e-03 3.618713e-03 4.143608e-03 6.543613e-03 5.911649e-03 3.762891e-03 4.312939e-03 4.509538e-03 3.288217e-03 1.761406e-03 3.564563e-03 1.043410e-03 3.523893e-03 4.850057e-03 2.071942e-03 2.490240e-03 1.226507e-02 3.296385e-03 2.808369e-03 5.864999e-03 1.151746e-02 4.737990e-03 1.224701e-02 8.201544e-03 7.910555e-03 
54 541 1.345102e-02 0 0 4.099248e-03 3.592581e-03 4.312313e-03 3.159782e-03 3.667762e-03 4.196932e-03 6.639025e-03 5.987751e-03 3.815895e-03 4.372082e-03 4.600679e-03 3.340073e-03 1.786823e-03 3.614334e-03 1.058076e-03 3.578316e-03 4.942336e-03 2.104551e-03 2.522327e-03 1.243736e-02 3.340838e-03 2.844957e-03 5.960843e-03 1.166507e-02 4.809962e-03 1.240685e-02 8.307568e-03 8.054801e-03 
55 551 1.361435e-02 0 0 4.146233e-03 3.636005e-03 4.378620e-03 3.204429e-03 3.706094e-03 4.236623e-03 6.710415e-03 6.052696e-03 3.870211e-03 4.415584e-03 4.663097e-03 3.387796e-03 1.806026e-03 3.654415e-03 1.068740e-03 3.616042e-03 5.027211e-03 2.127195e-03 2.562791e-03 1.260835e-02 3.387109e-03 2.879182e-03 6.037031e-03 1.180571e-02 4.863114e-03 1.255772e-02 8.387300e-03 8.177943e-03 
56 561 1.373850e-02 0 0 4.179386e-03 3.670640e-03 4.424839e-03 3.247383e-03 3.743473e-03 4.269638e-03 6.763174e-03 6.095073e-03 3.912429e-03 4.452670e-03 4.705889e-03 3.418537e-03 1.821472e-03 3.705060e-03 1.076955e-03 3.644189e-03 5.063696e-03 2.141806e-03 2.583067e-03 1.271785e-02 3.418785e-03 2.920152e-03 6.098635e-03 1.189699e-02 4.904294e-03 1.265991e-02 8.454998e-03 8.249755e-03 
57 571 1.391922e-02 0 0 4.227874e-03 3.715660e-03 4.481799e-03 3.311053e-03 3.785418e-03 4.321304e-03 6.853566e-03 6.167717e-03 3.992960e-03 4.501189e-03 4.775817e-03 3.497414e-03 1.843136e-03 3.753704e-03 1.090255e-03 3.686387e-03 5.130164e-03 2.166906e-03 2.614842e-03 1.289651e-02 3.464062e-03 2.957726e-03 6.172871e-03 1.202908e-02 4.992711e-03 1.281193e-02 8.545784e-03 8.365742e-03 
58 581 1.409872e-02 0 0 4.288975e-03 3.757966e-03 4.536201e-03 3.377176e-03 3.829848e-03 4.371259e-03 6.942173e-03 6.246621e-03 4.049080e-03 4.563153e-03 4.837664e-03 3.554261e-03 1.866977e-03 3.796948e-03 1.105361e-03 3.726166e-03 5.191074e-03 2.190204e-03 2.650515e-03 1.303321e-02 3.502006e-03 3.003852e-03 6.241339e-03 1.222685e-02 5.058481e-03 1.294863e-02 8.634038e-03 8.485242e-03 
59 591 1.390540e-02 0 0 4.224021e-03 3.698945e-03 4.480509e-03 3.339774e-03 3.772442e-03 4.311753e-03 6.833095e-03 6.157380e-03 4.010565e-03 4.502350e-03 4.764223e-03 3.507200e-03 1.837499e-03 3.739451e-03 1.088677e-03 3.671489e-03 5.114066e-03 2.158642e-03 2.609738e-03 1.282139e-02 3.447130e-03 2.965771e-03 6.141809e-03 1.205419e-02 4.989204e-03 1.277418e-02 8.502842e-03 8.352199e-03 
60 601 1.388735e-02 0 0 4.212362e-03 3.687878e-03 4.480732e-03 3.350174e-03 3.766890e-03 4.300992e-03 6.825407e-03 6.145898e-03 4.023099e-03 4.500800e-03 4.772101e-03 3.496998e-03 1.830319e-03 3.733423e-03 1.086343e-03 3.668577e-03 5.103821e-03 2.154681e-03 2.611957e-03 1.280359e-02 3.439294e-03 2.966079e-03 6.124428e-03 1.202299e-02 4.987170e-03 1.274389e-02 8.471812e-03 8.326949e-03 
61 611 1.390604e-02 0 0 4.209363e-03 3.686391e-03 4.486134e-03 3.356090e-03 3.768960e-03 4.314067e-03 6.832115e-03 6.145075e-03 4.038014e-03 4.511346e-03 4.778089e-03 3.495699e-03 1.831222e-03 3.734087e-03 1.085938e-03 3.676887e-03 5.101108e-03 2.154705e-03 2.627878e-03 1.279499e-02 3.439004e-03 2.975976e-03 6.132641e-03 1.202690e-02 4.981852e-03 1.274037e-02 8.465396e-03 8.332368e-03 
62 621 1.379300e-02 0 0 4.171104e-03 3.647945e-03 4.450976e-03 3.333016e-03 3.737860e-03 4.277189e-03 6.766026e-03 6.085748e-03 4.007111e-03 4.470361e-03 4.737133e-03 3.459149e-03 1.811807e-03 3.698386e-03 1.075334e-03 3.655074e-03 5.051106e-03 2.132689e-03 2.608455e-03 1.267709e-02 3.405432e-03 2.962851e-03 6.069001e-03 1.196506e-02 4.941188e-03 1.261051e-02 8.379863e-03 8.255961e-03 
63 631 1.395024e-02 0 0 4.209086e-03 3.679899e-03 4.518945e-03 3.378932e-03 3.777617e-03 4.335507e-03 6.833667e-03 6.169473e-03 4.057580e-03 4.530778e-03 4.784050e-03 3.497750e-03 1.828731e-03 3.739992e-03 1.087200e-03 3.693813e-03 5.099556e-03 2.154187e-03 2.640029e-03 1.281124e-02 3.440310e-03 3.035295e-03 6.122965e-03 1.209801e-02 5.006132e-03 1.272477e-02 8.455210e-03 8.340784e-03 
64 641 1.394101e-02 0 0 4.199614e-03 3.679361e-03 4.519273e-03 3.384120e-03 3.782659e-03 4.327452e-03 6.830546e-03 6.157764e-03 4.076541e-03 4.527976e-03 4.776500e-03 3.489295e-03 1.823722e-03 3.734565e-03 1.086689e-03 3.688111e-03 5.094697e-03 2.152959e-03 2.647032e-03 1.278181e-02 3.437684e-03 3.037771e-03 6.105639e-03 1.207085e-02 4.995130e-03 1.270299e-02 8.430898e-03 8.352068e-03 
65 651 1.427492e-02 0 0 4.293466e-03 3.762063e-03 4.627853e-03 3.488576e-03 3.877841e-03 4.439990e-03 6.988253e-03 6.299366e-03 4.181889e-03 4.637880e-03 4.883339e-03 3.571816e-03 1.872812e-03 3.815272e-03 1.110334e-03 3.778520e-03 5.213519e-03 2.209670e-03 2.738782e-03 1.307555e-02 3.512939e-03 3.120728e-03 6.249870e-03 1.234656e-02 5.119318e-03 1.297904e-02 8.619727e-03 8.537713e-03 
66 661 1.430932e-02 0 0 4.295668e-03 3.773021e-03 4.676750e-03 3.500780e-03 3.885551e-03 4.442133e-03 6.997309e-03 6.305439e-03 4.193922e-03 4.661704e-03 4.885971e-03 3.573705e-03 1.879766e-03 3.828322e-03 1.111205e-03 3.786669e-03 5.224830e-03 2.216886e-03 2.750401e-03 1.308965e-02 3.527112e-03 3.129302e-03 6.265470e-03 1.234981e-02 5.125840e-03 1.297782e-02 8.617266e-03 8.554223e-03 
67 671 1.423976e-02 0 0 4.272469e-03 3.751988e-03 4.675871e-03 3.484870e-03 3.871930e-03 4.430229e-03 6.948300e-03 6.266872e-03 4.179967e-03 4.635941e-03 4.855421e-03 3.549265e-03 1.875086e-03 3.808318e-03 1.103509e-03 3.759737e-03 5.193557e-03 2.203219e-03 2.735856e-03 1.302183e-02 3.510854e-03 3.113598e-03 6.234045e-03 1.226636e-02 5.093358e-03 1.288717e-02 8.568631e-03 8.494822e-03 
68 681 1.429586e-02 0 0 4.297117e-03 3.763003e-03 4.707893e-03 3.495359e-03 3.884417e-03 4.440453e-03 6.973590e-03 6.286176e-03 4.202826e-03 4.653394e-03 4.865984e-03 3.555099e-03 1.883581e-03 3.817184e-03 1.108807e-03 3.767417e-03 5.202392e-03 2.213039e-03 2.743057e-03 1.306023e-02 3.546927e-03 3.124486e-03 6.246948e-03 1.229967e-02 5.104768e-03 1.290950e-02 8.592191e-03 8.552049e-03 
69 691 1.409497e-02 0 0 4.235942e-03 3.704076e-03 4.641488e-03 3.441614e-03 3.825669e-03 4.370431e-03 6.877152e-03 6.187393e-03 4.155366e-03 4.588567e-03 4.787102e-03 3.496911e-03 1.853382e-03 3.772278e-03 1.092209e-03 3.707674e-03 5.122767e-03 2.180764e-03 2.697691e-03 1.286285e-02 3.503538e-03 3.085637e-03 6.150131e-03 1.210257e-02 5.024853e-03 1.271771e-02 8.455446e-03 8.416222e-03 
70 701 1.386522e-02 0 0 4.169570e-03 3.639309e-03 4.559880e-03 3.387041e-03 3.757491e-03 4.292925e-03 6.760360e-03 6.075181e-03 4.087705e-03 4.518026e-03 4.711103e-03 3.437940e-03 1.821553e-03 3.713035e-03 1.072767e-03 3.637816e-03 5.031195e-03 2.142824e-03 2.651738e-03 1.264586e-02 3.450625e-03 3.041904e-03 6.043954e-03 1.188777e-02 4.931978e-03 1.249096e-02 8.327375e-03 8.277390e-03 
71 711 1.349858e-02 0 0 4.059249e-03 3.537248e-03 4.431641e-03 3.294753e-03 3.654202e-03 4.184897e-03 6.586609e-03 5.901522e-03 3.973872e-03 4.396703e-03 4.583269e-03 3.349011e-03 1.771143e-03 3.613891e-03 1.043863e-03 3.537717e-03 4.894620e-03 2.082335e-03 2.578153e-03 1.229893e-02 3.361647e-03 2.963691e-03 5.872771e-03 1.157112e-02 4.798556e-03 1.213099e-02 8.113824e-03 8.053569e-03 
72 721 1.325202e-02 0 0 3.986486e-03 3.472756e-03 4.343087e-03 3.228451e-03 3.582984e-03 4.099898e-03 6.496721e-03 5.781018e-03 3.892569e-03 4.322664e-03 4.495390e-03 3.287320e-03 1.735356e-03 3.544924e-03 1.023483e-03 3.464621e-03 4.800468e-03 2.039746e-03 2.530309e-03 1.205068e-02 3.307507e-03 2.907029e-03 5.779963e-03 1.133711e-02 4.703190e-03 1.187949e-02 7.955934e-03 7.957800e-03 
73 731 1.319867e-02 0 0 3.977363e-03 3.457323e-03 4.319152e-03 3.212408e-03 3.561726e-03 4.077785e-03 6.515234e-03 5.743567e-03 3.869753e-03 4.309837e-03 4.476722e-03 3.267218e-03 1.726669e-03 3.540700e-03 1.019094e-03 3.468357e-03 4.771577e-03 2.031481e-03 2.517864e-03 1.197777e-02 3.298655e-03 2.895528e-03 5.746866e-03 1.127000e-02 4.679402e-03 1.182118e-02 7.911868e-03 7.948319e-03 
74 741 1.313651e-02 0 0 3.963474e-03 3.435704e-03 4.294883e-03 3.190405e-03 3.540885e-03 4.064100e-03 6.503651e-03 5.729083e-03 3.844470e-03 4.283506e-03 4.456405e-03 3.252352e-03 1.714137e-03 3.525181e-03 1.014114e-03 3.460890e-03 4.742971e-03 2.020214e-03 2.504271e-03 1.190664e-02 3.281570e-03 2.885527e-03 5.716393e-03 1.120289e-02 4.648318e-03 1.174944e-02 7.862569e-03 7.910400e-03 
75 751 1.258048e-02 0 0 3.812723e-03 3.286152e-03 4.110578e-03 3.058011e-03 3.387548e-03 3.883804e-03 6.233550e-03 5.481990e-03 3.682356e-03 4.095206e-03 4.259525e-03 3.114159e-03 1.641839e-03 3.371084e-03 9.694944e-04 3.319586e-03 4.538050e-03 1.930466e-03 2.400365e-03 1.138572e-02 3.143959e-03 2.759853e-03 5.466383e-03 1.070676e-02 4.453730e-03 1.124761e-02 7.509652e-03 7.590156e-03 
76 761 1.220611e-02 0 0 3.693621e-03 3.193247e-03 3.980868e-03 2.974160e-03 3.282582e-03 3.761243e-03 6.062490e-03 5.315631e-03 3.570936e-03 3.968803e-03 4.126550e-03 3.019950e-03 1.590762e-03 3.263645e-03 9.391117e-04 3.215976e-03 4.435903e-03 1.874845e-03 2.331297e-03 1.102273e-02 3.048896e-03 2.681998e-03 5.302912e-03 1.037901e-02 4.312008e-03 1.089464e-02 7.271454e-03 7.349988e-03 
77 771 1.198135e-02 0 0 3.617503e-03 3.129640e-03 3.902149e-03 2.915827e-03 3.217529e-03 3.707003e-03 5.939902e-03 5.216885e-03 3.501977e-03 3.889725e-03 4.040910e-03 2.958730e-03 1.558249e-03 3.202296e-03 9.222257e-04 3.151951e-03 4.401098e-03 1.837877e-03 2.298148e-03 1.079383e-02 2.993460e-03 2.633563e-03 5.205520e-03 1.019146e-02 4.227370e-03 1.067999e-02 7.126321e-03 7.211886e-03 
78 781 1.203424e-02 0 0 3.625489e-03 3.136688e-03 3.909928e-03 2.930479e-03 3.230158e-03 3.719859e-03 5.976921e-03 5.246901e-03 3.515889e-03 3.905978e-03 4.051787e-03 2.968616e-03 1.563277e-03 3.215158e-03 9.277917e-04 3.172021e-03 4.453060e-03 1.851950e-03 2.307962e-03 1.082803e-02 3.013487e-03 2.648831e-03 5.227670e-03 1.024392e-02 4.254176e-03 1.071580e-02 7.158620e-03 7.228203e-03 
79 791 1.207331e-02 0 0 3.634472e-03 3.138261e-03 3.913248e-03 2.937186e-03 3.242514e-03 3.727521e-03 6.001809e-03 5.257925e-03 3.525589e-03 3.912837e-03 4.071220e-03 2.974031e-03 1.566694e-03 3.222266e-03 9.322325e-04 3.177648e-03 4.497903e-03 1.857695e-03 2.312614e-03 1.084893e-02 3.024382e-03 2.652125e-03 5.241275e-03 1.027627e-02 4.264508e-03 1.075174e-02 7.171750e-03 7.271848e-03 
80 801 1.202747e-02 0 0 3.628967e-03 3.118797e-03 3.888797e-03 2.932314e-03 3.231441e-03 3.711820e-03 5.975023e-03 5.231526e-03 3.510822e-03 3.891775e-03 4.052626e-03 2.979716e-03 1.559226e-03 3.203724e-03 9.284660e-04 3.159546e-03 4.490326e-03 1.851580e-03 2.317945e-03 1.079782e-02 3.012407e-03 2.641101e-03 5.219505e-03 1.023057e-02 4.245419e-03 1.071445e-02 7.145560e-03 7.232645e-03 
81 811 1.202083e-02 0 0 3.629509e-03 3.111337e-03 3.885199e-03 2.937277e-03 3.245526e-03 3.711380e-03 5.972516e-03 5.216411e-03 3.507023e-03 3.883893e-03 4.044516e-03 2.977659e-03 1.556510e-03 3.194733e-03 9.276218e-04 3.152855e-03 4.498713e-03 1.851411e-03 2.322990e-03 1.077516e-02 3.005650e-03 2.634256e-03 5.226972e-03 1.023060e-02 4.242842e-03 1.069625e-02 7.129135e-03 7.212302e-03 
82 821 1.204510e-02 0 0 3.633355e-03 3.110808e-03 3.889974e-03 2.954745e-03 3.258342e-03 3.713591e-03 5.976647e-03 5.219320e-03 3.508234e-03 3.884162e-03 4.047800e-03 2.985180e-03 1.557800e-03 3.197996e-03 9.272428e-04 3.161667e-03 4.524249e-03 1.863271e-03 2.339502e-03 1.077001e-02 3.007896e-03 2.634673e-03 5.239912e-03 1.024141e-02 4.257362e-03 1.070745e-02 7.142906e-03 7.220122e-03 
83 831 1.222764e-02 0 0 3.682262e-03 3.162049e-03 3.942712e-03 3.034058e-03 3.308752e-03 3.763765e-03 6.061583e-03 5.288784e-03 3.557345e-03 3.944229e-03 4.108151e-03 3.031501e-03 1.578191e-03 3.248839e-03 9.404444e-04 3.204035e-03 4.617197e-03 1.890981e-03 2.376696e-03 1.090647e-02 3.053107e-03 2.670170e-03 5.379298e-03 1.041592e-02 4.319977e-03 1.084465e-02 7.237130e-03 7.316040e-03 
84 841 1.235270e-02 0 0 3.713545e-03 3.187651e-03 3.978438e-03 3.089138e-03 3.337361e-03 3.795327e-03 6.122331e-03 5.337443e-03 3.589763e-03 3.984607e-03 4.145619e-03 3.057791e-03 1.592778e-03 3.279885e-03 9.504188e-04 3.230783e-03 4.689477e-03 1.909028e-03 2.401621e-03 1.099823e-02 3.082721e-03 2.691032e-03 5.454090e-03 1.055486e-02 4.366747e-03 1.093412e-02 7.299047e-03 7.388455e-03 
85 851 1.255716e-02 0 0 3.768537e-03 3.232682e-03 4.037161e-03 3.163085e-03 3.385010e-03 3.849576e-03 6.249257e-03 5.414574e-03 3.648832e-03 4.054862e-03 4.207269e-03 3.111167e-03 1.615959e-03 3.333961e-03 9.657388e-04 3.277731e-03 4.775216e-03 1.943509e-03 2.441044e-03 1.115845e-02 3.134981e-03 2.732395e-03 5.552526e-03 1.075188e-02 4.448053e-03 1.108949e-02 7.415888e-03 7.514304e-03 
86 861 1.256416e-02 0 0 3.766125e-03 3.230039e-03 4.029123e-03 3.178999e-03 3.397638e-03 3.845464e-03 6.253542e-03 5.415343e-03 3.645354e-03 4.053469e-03 4.202959e-03 3.114573e-03 1.615342e-03 3.330715e-03 9.648656e-04 3.273232e-03 4.787480e-03 1.942089e-03 2.439714e-03 1.113865e-02 3.153390e-03 2.728919e-03 5.551564e-03 1.075890e-02 4.446537e-03 1.108332e-02 7.401849e-03 7.512946e-03 
87 871 1.257095e-02 0 0 3.759533e-03 3.227506e-03 4.023499e-03 3.182398e-03 3.400496e-03 3.837712e-03 6.258000e-03 5.419723e-03 3.649131e-03 4.059401e-03 4.198736e-03 3.115639e-03 1.614814e-03 3.328825e-03 9.633766e-04 3.271166e-03 4.792490e-03 1.938813e-03 2.438116e-03 1.112901e-02 3.164114e-03 2.726442e-03 5.545162e-03 1.081294e-02 4.443247e-03 1.106577e-02 7.400627e-03 7.537867e-03 
88 881 1.268285e-02 0 0 3.785093e-03 3.255457e-03 4.054380e-03 3.224680e-03 3.432982e-03 3.862941e-03 6.325314e-03 5.485985e-03 3.678379e-03 4.093678e-03 4.230855e-03 3.142284e-03 1.628787e-03 3.353613e-03 9.702629e-04 3.300153e-03 4.877349e-03 1.952055e-03 2.456855e-03 1.120448e-02 3.204475e-03 2.767073e-03 5.583328e-03 1.091963e-02 4.479216e-03 1.115145e-02 7.450326e-03 7.605374e-03 
89 891 1.266136e-02 0 0 3.777592e-03 3.244780e-03 4.038406e-03 3.220783e-03 3.433470e-03 3.847303e-03 6.304444e-03 5.502538e-03 3.669168e-03 4.110148e-03 4.217798e-03 3.136349e-03 1.623774e-03 3.345054e-03 9.695904e-04 3.292716e-03 4.900782e-03 1.948765e-03 2.453886e-03 1.118164e-02 3.207285e-03 2.758304e-03 5.561565e-03 1.088455e-02 4.470645e-03 1.110683e-02 7.420717e-03 7.585006e-03 
90 901 1.227457e-02 0 0 3.661151e-03 3.144911e-03 3.908553e-03 3.121809e-03 3.325513e-03 3.737105e-03 6.097715e-03 5.338787e-03 3.553001e-03 3.991141e-03 4.084947e-03 3.040561e-03 1.573641e-03 3.248677e-03 9.385134e-04 3.183771e-03 4.769747e-03 1.890407e-03 2.377125e-03 1.082625e-02 3.115728e-03 2.671313e-03 5.380679e-03 1.052888e-02 4.328390e-03 1.074155e-02 7.178939e-03 7.366429e-03 
91 911 1.183656e-02 0 0 3.521872e-03 3.034328e-03 3.765481e-03 3.006659e-03 3.200962e-03 3.598000e-03 5.879363e-03 5.141807e-03 3.420743e-03 3.846642e-03 3.936289e-03 2.929389e-03 1.514960e-03 3.124801e-03 9.035948e-04 3.063074e-03 4.613081e-03 1.825175e-03 2.286330e-03 1.042294e-02 3.003772e-03 2.571960e-03 5.188405e-03 1.012732e-02 4.165082e-03 1.033871e-02 6.907728e-03 7.103856e-03 
92 921 1.145226e-02 0 0 3.400746e-03 2.930976e-03 3.636081e-03 2.902906e-03 3.093339e-03 3.473681e-03 5.680202e-03 4.981294e-03 3.306672e-03 3.720003e-03 3.805378e-03 2.830073e-03 1.466324e-03 3.022311e-03 8.731763e-04 2.961470e-03 4.488160e-03 1.765767e-03 2.212150e-03 1.006692e-02 2.905229e-03 2.486249e-03 5.015735e-03 9.789125e-03 4.024538e-03 9.979800e-03 6.668301e-03 6.865329e-03 
93 931 1.113263e-02 0 0 3.304072e-03 2.846221e-03 3.532721e-03 2.818237e-03 3.001034e-03 3.368644e-03 5.514798e-03 4.873968e-03 3.214701e-03 3.611802e-03 3.692324e-03 2.747838e-03 1.424088e-03 2.932702e-03 8.493699e-04 2.882990e-03 4.369135e-03 1.713490e-03 2.145250e-03 9.799987e-03 2.822194e-03 2.420523e-03 4.870008e-03 9.507723e-03 3.934290e-03 9.714173e-03 6.479423e-03 6.661543e-03 
94 941 1.102498e-02 0 0 3.279431e-03 2.815404e-03 3.502053e-03 2.788302e-03 2.964236e-03 3.335672e-03 5.463578e-03 4.851525e-03 3.181884e-03 3.571173e-03 3.649670e-03 2.716232e-03 1.406489e-03 2.908543e-03 8.398137e-04 2.849961e-03 4.348861e-03 1.698312e-03 2.130739e-03 9.702251e-03 2.792691e-03 2.395515e-03 4.815280e-03 9.411847e-03 3.890062e-03 9.604768e-03 6.402856e-03 6.621657e-03 
95 951 1.066748e-02 0 0 3.168968e-03 2.719151e-03 3.388156e-03 2.697891e-03 2.881290e-03 3.225831e-03 5.276008e-03 4.700903e-03 3.075600e-03 3.451399e-03 3.523250e-03 2.625923e-03 1.359236e-03 2.808551e-03 8.118371e-04 2.751368e-03 4.223914e-03 1.641208e-03 2.058020e-03 9.372869e-03 2.697746e-03 2.317559e-03 4.653090e-03 9.121850e-03 3.758513e-03 9.274377e-03 6.183849e-03 6.410698e-03 
96 961 1.023843e-02 0 0 3.038599e-03 2.605935e-03 3.247957e-03 2.589613e-03 2.762332e-03 3.094035e-03 5.053490e-03 4.508384e-03 2.957971e-03 3.307010e-03 3.390415e-03 2.515581e-03 1.303476e-03 2.690361e-03 7.784414e-04 2.643024e-03 4.055513e-03 1.574796e-03 1.971193e-03 8.977364e-03 2.583288e-03 2.225590e-03 4.462370e-03 8.746906e-03 3.600815e-03 8.888594e-03 5.982074e-03 6.146188e-03 
97 971 9.922945e-03 0 0 2.939396e-03 2.520726e-03 3.143807e-03 2.512976e-03 2.674772e-03 3.000433e-03 4.895048e-03 4.366960e-03 2.865889e-03 3.205619e-03 3.285356e-03 2.436900e-03 1.263151e-03 2.613099e-03 7.532669e-04 2.559193e-03 3.931311e-03 1.524821e-03 1.906690e-03 8.681757e-03 2.505040e-03 2.155081e-03 4.318987e-03 8.457959e-03 3.490812e-03 8.592318e-03 5.796570e-03 5.945103e-03 
98 981 9.765745e-03 0 0 2.895628e-03 2.484852e-03 3.106599e-03 2.493362e-03 2.628094e-03 2.945510e-03 4.808663e-03 4.299222e-03 2.815152e-03 3.149642e-03 3.228122e-03 2.395312e-03 1.244481e-03 2.573939e-03 7.412357e-04 2.520772e-03 3.864771e-03 1.497243e-03 1.874139e-03 8.525517e-03 2.460341e-03 2.120765e-03 4.240473e-03 8.306975e-03 3.429865e-03 8.438579e-03 5.693342e-03 5.837763e-03 
99 991 9.466610e-03 0 0 2.800962e-03 2.405880e-03 3.011951e-03 2.420615e-03 2.548831e-03 2.849643e-03 4.656053e-03 4.157491e-03 2.722648e-03 3.052637e-03 3.123336e-03 2.319848e-03 1.208632e-03 2.499520e-03 7.170384e-04 2.440681e-03 3.744461e-03 1.450540e-03 1.813123e-03 8.267729e-03 2.382849e-03 2.054454e-03 4.101101e-03 8.049998e-03 3.319342e-03 8.163824e-03 5.509842e-03 5.674037e-03 
100 1001 9.270974e-03 0 0 2.738130e-03 2.358056e-03 2.948258e-03 2.373035e-03 2.491990e-03 2.790092e-03 4.552285e-03 4.065704e-03 2.664167e-03 2.983364e-03 3.064076e-03 2.268952e-03 1.183372e-03 2.448668e-03 7.016866e-04 2.388188e-03 3.660225e-03 1.418441e-03 1.775084e-03 8.107662e-03 2.329366e-03 2.007808e-03 4.007783e-03 7.868504e-03 3.244536e-03 7.975589e-03 5.383518e-03 5.611726e-03 
101 1011 9.001472e-03 0 0 2.654254e-03 2.290128e-03 2.861828e-03 2.304439e-03 2.415849e-03 2.705501e-03 4.411883e-03 3.938157e-03 2.587594e-03 2.892249e-03 2.973011e-03 2.204754e-03 1.146227e-03 2.378512e-03 6.802763e-04 2.316794e-03 3.546508e-03 1.376782e-03 1.720175e-03 7.863736e-03 2.257978e-03 1.946641e-03 3.884767e-03 7.639803e-03 3.146868e-03 7.729228e-03 5.217051e-03 5.462783e-03 
102 1021 8.617715e-03 0 0 2.536651e-03 2.190966e-03 2.736621e-03 2.204584e-03 2.312699e-03 2.585583e-03 4.221707e-03 3.768267e-03 2.475458e-03 2.772600e-03 2.852962e-03 2.107452e-03 1.095258e-03 2.276987e-03 6.500768e-04 2.217014e-03 3.388081e-03 1.316803e-03 1.645662e-03 7.537661e-03 2.158828e-03 1.859468e-03 3.712689e-03 7.300488e-03 3.008651e-03 7.381399e-03 4.987783e-03 5.235186e-03 
103 1031 8.397968e-03 0 0 2.470983e-03 2.133471e-03 2.660510e-03 2.146678e-03 2.250041e-03 2.522501e-03 4.110981e-03 3.665500e-03 2.418452e-03 2.699073e-03 2.774622e-03 2.058215e-03 1.069716e-03 2.217188e-03 6.334745e-04 2.156734e-03 3.298392e-03 1.281737e-03 1.599978e-03 7.339976e-03 2.107036e-03 1.815765e-03 3.614799e-03 7.099799e-03 2.943263e-03 7.175315e-03 4.856192e-03 5.102005e-03 
104 1041 8.160723e-03 0 0 2.396858e-03 2.069029e-03 2.581303e-03 2.086187e-03 2.181719e-03 2.450819e-03 3.994076e-03 3.564373e-03 2.350808e-03 2.628925e-03 2.693461e-03 1.995714e-03 1.039090e-03 2.155387e-03 6.168085e-04 2.095297e-03 3.198519e-03 1.246648e-03 1.552059e-03 7.131997e-03 2.044762e-03 1.762914e-03 3.507138e-03 6.884297e-03 2.856729e-03 6.957396e-03 4.710823e-03 4.957857e-03 
105 1051 7.961781e-03 0 0 2.333518e-03 2.013913e-03 2.515529e-03 2.032889e-03 2.123508e-03 2.387673e-03 3.894613e-03 3.469217e-03 2.290729e-03 2.569536e-03 2.623693e-03 1.943778e-03 1.013564e-03 2.099370e-03 6.020789e-04 2.041854e-03 3.119779e-03 1.216648e-03 1.516808e-03 6.943655e-03 1.993368e-03 1.717118e-03 3.415256e-03 6.701243e-03 2.791273e-03 6.773550e-03 4.587883e-03 4.827972e-03 
106 1061 7.926330e-03 0 0 2.316961e-03 2.000535e-03 2.502987e-03 2.022685e-03 2.110990e-03 2.376888e-03 3.873215e-03 3.455095e-03 2.282354e-03 2.559842e-03 2.609511e-03 1.934352e-03 1.012703e-03 2.085245e-03 5.986734e-04 2.034972e-03 3.115185e-03 1.210213e-03 1.514928e-03 6.896196e-03 1.987975e-03 1.709584e-03 3.394904e-03 6.655670e-03 2.777552e-03 6.733735e-03 4.571106e-03 4.796439e-03 
107 1071 7.842081e-03 0 0 2.289310e-03 1.974620e-03 2.471039e-03 2.010841e-03 2.088417e-03 2.349287e-03 3.830163e-03 3.426847e-03 2.255559e-03 2.538596e-03 2.578302e-03 1.909023e-03 1.004369e-03 2.061534e-03 5.917675e-04 2.015403e-03 3.078698e-03 1.195157e-03 1.497355e-03 6.808753e-03 1.971411e-03 1.692413e-03 3.351751e-03 6.576744e-03 2.743897e-03 6.651070e-03 4.514384e-03 4.735886e-03 
108 1081 7.770267e-03 0 0 2.264527e-03 1.953047e-03 2.448165e-03 1.992153e-03 2.064405e-03 2.326676e-03 3.793237e-03 3.391293e-03 2.231244e-03 2.514451e-03 2.555462e-03 1.887111e-03 9.965396e-04 2.041032e-03 5.863273e-04 1.996699e-03 3.051791e-03 1.185806e-03 1.482313e-03 6.748870e-03 1.962635e-03 1.678502e-03 3.316014e-03 6.530290e-03 2.725799e-03 6.574976e-03 4.465059e-03 4.689433e-03 
109 1091 7.540903e-03 0 0 2.192352e-03 1.896625e-03 2.370314e-03 1.933903e-03 1.998849e-03 2.255629e-03 3.682343e-03 3.296592e-03 2.163600e-03 2.441185e-03 2.475096e-03 1.828303e-03 9.691076e-04 1.978426e-03 5.683647e-04 1.938553e-03 2.958409e-03 1.148881e-03 1.440379e-03 6.542431e-03 1.906964e-03 1.627899e-03 3.210766e-03 6.332676e-03 2.650083e-03 6.366605e-03 4.329994e-03 4.547220e-03 
110 1101 7.379818e-03 0 0 2.144173e-03 1.854301e-03 2.314811e-03 1.891319e-03 1.955178e-03 2.205815e-03 3.600393e-03 3.221741e-03 2.114699e-03 2.385606e-03 2.419255e-03 1.789087e-03 9.488731e-04 1.934669e-03 5.549411e-04 1.896642e-03 2.894567e-03 1.124411e-03 1.406947e-03 6.391773e-03 1.877516e-03 1.592603e-03 3.134001e-03 6.193373e-03 2.589683e-03 6.223249e-03 4.229689e-03 4.443041e-03 
111 1111 7.139256e-03 0 0 2.071073e-03 1.791842e-03 2.239605e-03 1.829422e-03 1.891228e-03 2.132204e-03 3.476481e-03 3.110963e-03 2.040339e-03 2.304041e-03 2.346768e-03 1.728527e-03 9.170658e-04 1.869215e-03 5.370511e-04 1.833586e-03 2.807312e-03 1.093764e-03 1.359676e-03 6.184008e-03 1.819649e-03 1.539625e-03 3.023673e-03 5.982958e-03 2.510510e-03 6.007491e-03 4.085107e-03 4.293033e-03 
112 1121 6.937609e-03 0 0 2.007853e-03 1.749243e-03 2.177328e-03 1.776401e-03 1.835361e-03 2.072301e-03 3.371456e-03 3.018536e-03 1.980071e-03 2.237547e-03 2.280876e-03 1.676483e-03 8.933974e-04 1.814144e-03 5.207677e-04 1.782065e-03 2.731126e-03 1.063377e-03 1.322772e-03 6.002234e-03 1.772901e-03 1.496681e-03 2.941145e-03 5.861877e-03 2.446954e-03 5.823203e-03 3.961937e-03 4.176229e-03 
113 1131 6.659584e-03 0 0 1.922668e-03 1.679651e-03 2.089950e-03 1.703487e-03 1.760006e-03 1.994084e-03 3.232674e-03 2.891027e-03 1.902137e-03 2.143907e-03 2.186880e-03 1.610859e-03 8.642177e-04 1.745146e-03 4.987147e-04 1.707765e-03 2.615781e-03 1.020572e-03 1.268816e-03 5.753426e-03 1.701466e-03 1.433941e-03 2.818734e-03 5.617419e-03 2.348698e-03 5.579114e-03 3.796557e-03 4.004606e-03 
114 1141 6.282118e-03 0 0 1.812115e-03 1.581888e-03 1.966866e-03 1.608011e-03 1.656430e-03 1.878850e-03 3.047949e-03 2.721032e-03 1.797909e-03 2.027322e-03 2.066765e-03 1.516067e-03 8.154221e-04 1.644038e-03 4.693506e-04 1.607753e-03 2.465051e-03 9.601517e-04 1.194999e-03 5.416217e-03 1.602723e-03 1.349967e-03 2.654522e-03 5.290311e-03 2.215830e-03 5.250900e-03 3.573737e-03 3.769594e-03 
115 1151 6.049137e-03 0 0 1.743879e-03 1.524197e-03 1.889503e-03 1.546139e-03 1.600047e-03 1.805667e-03 2.930304e-03 2.613799e-03 1.730833e-03 1.951392e-03 1.996090e-03 1.457439e-03 7.845732e-04 1.580088e-03 4.513410e-04 1.545348e-03 2.375201e-03 9.235663e-04 1.148078e-03 5.208322e-03 1.543972e-03 1.300378e-03 2.549284e-03 5.085117e-03 2.129543e-03 5.047113e-03 3.435849e-03 3.631217e-03 
116 1161 5.890180e-03 0 0 1.698772e-03 1.480600e-03 1.837808e-03 1.506649e-03 1.554680e-03 1.754287e-03 2.848150e-03 2.541068e-03 1.684643e-03 1.897910e-03 1.945603e-03 1.417518e-03 7.628679e-04 1.535082e-03 4.395511e-04 1.504971e-03 2.310876e-03 8.977021e-04 1.116129e-03 5.078875e-03 1.510949e-03 1.264799e-03 2.477373e-03 4.961719e-03 2.071759e-03 4.903219e-03 3.336807e-03 3.530416e-03 
117 1171 5.672676e-03 0 0 1.631871e-03 1.422482e-03 1.767142e-03 1.455107e-03 1.495282e-03 1.686314e-03 2.736103e-03 2.443768e-03 1.620935e-03 1.830538e-03 1.871968e-03 1.364889e-03 7.335988e-04 1.476076e-03 4.257227e-04 1.447053e-03 2.222828e-03 8.633130e-04 1.073004e-03 4.887549e-03 1.454063e-03 1.217059e-03 2.380178e-03 4.779830e-03 1.993259e-03 4.719961e-03 3.210741e-03 3.393868e-03 
118 1181 5.473578e-03 0 0 1.573676e-03 1.371109e-03 1.706096e-03 1.401997e-03 1.440554e-03 1.623877e-03 2.636614e-03 2.353351e-03 1.569292e-03 1.761814e-03 1.807390e-03 1.321053e-03 7.086446e-04 1.421694e-03 4.109258e-04 1.401189e-03 2.141728e-03 8.317948e-04 1.035223e-03 4.707053e-03 1.401106e-03 1.172630e-03 2.290800e-03 4.614577e-03 1.921168e-03 4.544719e-03 3.090967e-03 3.271073e-03 
119 1191 5.304362e-03 0 0 1.523326e-03 1.325488e-03 1.651612e-03 1.356480e-03 1.392615e-03 1.570830e-03 2.555517e-03 2.275442e-03 1.518077e-03 1.706291e-03 1.753636e-03 1.290903e-03 6.863244e-04 1.375973e-03 3.981996e-04 1.357830e-03 2.071753e-03 8.044640e-04 1.002576e-03 4.552833e-03 1.355040e-03 1.134307e-03 2.216121e-03 4.481441e-03 1.862852e-03 4.393801e-03 2.989499e-03 3.164286e-03 
120 1201 5.251685e-03 0 0 1.504356e-03 1.310012e-03 1.631166e-03 1.340733e-03 1.377635e-03 1.555991e-03 2.534749e-03 2.247651e-03 1.502820e-03 1.686491e-03 1.737836e-03 1.280394e-03 6.809797e-04 1.364738e-03 3.933509e-04 1.344677e-03 2.055475e-03 7.996530e-04 9.915402e-04 4.501837e-03 1.342269e-03 1.121379e-03 2.190222e-03 4.446292e-03 1.846391e-03 4.342292e-03 2.958192e-03 3.129761e-03 
121 1211 5.145310e-03 0 0 1.472487e-03 1.282522e-03 1.595930e-03 1.313366e-03 1.347478e-03 1.524719e-03 2.496197e-03 2.200677e-03 1.469809e-03 1.649360e-03 1.700174e-03 1.255719e-03 6.666051e-04 1.342116e-03 3.845348e-04 1.318551e-03 2.010100e-03 7.851034e-04 9.746108e-04 4.401647e-03 1.312470e-03 1.098404e-03 2.146413e-03 4.352011e-03 1.808600e-03 4.245813e-03 2.891582e-03 3.069124e-03 
122 1221 5.020668e-03 0 0 1.436330e-03 1.249473e-03 1.558573e-03 1.283147e-03 1.314230e-03 1.488762e-03 2.437293e-03 2.142102e-03 1.430743e-03 1.605952e-03 1.657371e-03 1.222514e-03 6.535256e-04 1.308346e-03 3.750831e-04 1.283809e-03 1.958255e-03 7.690355e-04 9.500278e-04 4.292158e-03 1.278547e-03 1.072898e-03 2.089656e-03 4.242457e-03 1.763164e-03 4.136448e-03 2.816325e-03 2.990749e-03 
123 1231 4.978130e-03 0 0 1.424178e-03 1.236260e-03 1.547129e-03 1.274620e-03 1.302443e-03 1.473641e-03 2.415058e-03 2.119639e-03 1.416801e-03 1.589226e-03 1.643189e-03 1.211194e-03 6.506373e-04 1.295835e-03 3.722080e-04 1.270420e-03 1.944200e-03 7.643087e-04 9.413261e-04 4.247890e-03 1.265199e-03 1.064820e-03 2.072863e-03 4.219515e-03 1.746081e-03 4.092310e-03 2.792345e-03 2.959315e-03 
124 1241 5.050323e-03 0 0 1.443112e-03 1.252145e-03 1.575348e-03 1.292033e-03 1.325079e-03 1.493671e-03 2.448682e-03 2.145540e-03 1.436610e-03 1.608767e-03 1.681334e-03 1.231611e-03 6.618479e-04 1.313676e-03 3.773600e-04 1.286648e-03 1.972132e-03 7.802756e-04 9.529666e-04 4.307748e-03 1.280440e-03 1.079289e-03 2.102271e-03 4.277316e-03 1.770108e-03 4.152675e-03 2.825284e-03 3.004213e-03 
125 1251 5.010763e-03 0 0 1.429157e-03 1.240298e-03 1.565050e-03 1.280935e-03 1.314374e-03 1.482487e-03 2.425654e-03 2.125202e-03 1.423127e-03 1.599478e-03 1.673008e-03 1.221510e-03 6.564428e-04 1.301516e-03 3.745769e-04 1.275168e-03 1.956219e-03 7.756770e-04 9.440778e-04 4.269949e-03 1.269737e-03 1.071961e-03 2.082247e-03 4.243670e-03 1.755573e-03 4.111435e-03 2.800689e-03 2.974777e-03 
126 1261 4.924113e-03 0 0 1.402146e-03 1.220104e-03 1.537065e-03 1.263172e-03 1.290095e-03 1.454205e-03 2.383705e-03 2.083254e-03 1.395794e-03 1.567717e-03 1.641492e-03 1.202403e-03 6.446964e-04 1.277843e-03 3.674922e-04 1.251724e-03 1.920097e-03 7.618023e-04 9.273886e-04 4.187264e-03 1.248655e-03 1.054373e-03 2.041835e-03 4.171207e-03 1.721619e-03 4.032190e-03 2.747267e-03 2.920107e-03 
127 1271 4.873517e-03 0 0 1.385228e-03 1.206203e-03 1.518888e-03 1.251110e-03 1.274179e-03 1.439717e-03 2.365080e-03 2.069880e-03 1.378854e-03 1.547870e-03 1.623208e-03 1.191137e-03 6.372312e-04 1.264882e-03 3.640294e-04 1.236520e-03 1.901068e-03 7.528523e-04 9.157798e-04 4.136873e-03 1.232910e-03 1.047034e-03 2.020519e-03 4.121808e-03 1.703731e-03 3.980793e-03 2.716227e-03 2.887376e-03 
128 1281 4.849638e-03 0 0 1.381166e-03 1.200706e-03 1.509786e-03 1.243681e-03 1.265617e-03 1.432512e-03 2.350056e-03 2.073010e-03 1.372128e-03 1.536604e-03 1.621866e-03 1.185142e-03 6.337518e-04 1.263999e-03 3.631683e-04 1.231199e-03 1.888975e-03 7.476203e-04 9.102991e-04 4.111662e-03 1.224260e-03 1.044955e-03 2.006967e-03 4.102770e-03 1.694470e-03 3.956647e-03 2.698644e-03 2.869916e-03 
129 1291 4.708528e-03 0 0 1.340263e-03 1.163618e-03 1.462891e-03 1.205665e-03 1.226450e-03 1.390541e-03 2.279070e-03 2.013210e-03 1.330606e-03 1.495064e-03 1.573526e-03 1.149572e-03 6.148954e-04 1.227502e-03 3.531003e-04 1.196105e-03 1.830811e-03 7.247750e-04 8.831884e-04 3.985533e-03 1.186290e-03 1.014192e-03 1.945602e-03 3.974275e-03 1.643082e-03 3.836201e-03 2.614177e-03 2.783689e-03 
130 1301 4.576722e-03 0 0 1.300425e-03 1.129458e-03 1.418813e-03 1.169705e-03 1.191528e-03 1.349585e-03 2.210909e-03 1.960429e-03 1.290931e-03 1.450916e-03 1.527457e-03 1.116281e-03 5.971978e-04 1.197327e-03 3.435618e-04 1.161409e-03 1.784505e-03 7.031320e-04 8.580976e-04 3.869478e-03 1.151129e-03 9.849701e-04 1.889678e-03 3.865647e-03 1.599129e-03 3.718901e-03 2.540822e-03 2.702451e-03 
131 1311 4.514259e-03 0 0 1.281523e-03 1.112589e-03 1.396443e-03 1.153748e-03 1.173916e-03 1.333614e-03 2.176155e-03 1.935168e-03 1.270018e-03 1.429506e-03 1.503383e-03 1.100853e-03 5.883358e-04 1.182981e-03 3.403012e-04 1.142885e-03 1.759493e-03 6.920302e-04 8.454768e-04 3.810605e-03 1.135927e-03 9.716043e-04 1.860663e-03 3.805085e-03 1.573675e-03 3.661578e-03 2.499348e-03 2.671396e-03 
132 1321 4.641271e-03 0 0 1.316615e-03 1.142188e-03 1.434356e-03 1.188216e-03 1.205509e-03 1.368888e-03 2.234098e-03 2.010662e-03 1.303443e-03 1.467646e-03 1.542435e-03 1.132296e-03 6.039940e-04 1.232474e-03 3.520715e-04 1.172468e-03 1.810806e-03 7.123706e-04 8.697833e-04 3.944113e-03 1.167141e-03 1.000126e-03 1.909214e-03 3.908644e-03 1.619301e-03 3.757321e-03 2.573708e-03 2.746257e-03 
133 1331 4.718242e-03 0 0 1.338698e-03 1.159034e-03 1.455061e-03 1.205201e-03 1.222934e-03 1.388880e-03 2.267362e-03 2.049713e-03 1.324821e-03 1.490950e-03 1.565101e-03 1.152164e-03 6.135473e-04 1.260593e-03 3.594351e-04 1.188881e-03 1.844635e-03 7.238131e-04 8.850397e-04 4.005129e-03 1.187153e-03 1.017693e-03 1.937392e-03 3.982929e-03 1.643219e-03 3.809251e-03 2.615171e-03 2.792577e-03 
134 1341 4.774771e-03 0 0 1.357164e-03 1.172542e-03 1.469728e-03 1.216736e-03 1.239851e-03 1.402670e-03 2.289779e-03 2.076574e-03 1.338254e-03 1.509134e-03 1.582705e-03 1.165408e-03 6.222254e-04 1.277622e-03 3.665830e-04 1.201637e-03 1.866356e-03 7.333061e-04 8.959348e-04 4.045416e-03 1.202425e-03 1.029701e-03 1.956503e-03 4.027723e-03 1.669285e-03 3.852086e-03 2.644426e-03 2.827746e-03 
135 1351 4.786838e-03 0 0 1.363279e-03 1.174008e-03 1.470742e-03 1.217422e-03 1.243503e-03 1.404761e-03 2.290860e-03 2.080171e-03 1.339237e-03 1.511640e-03 1.585413e-03 1.168091e-03 6.249599e-04 1.286417e-03 3.684137e-04 1.205596e-03 1.869448e-03 7.351425e-04 8.975029e-04 4.052681e-03 1.205044e-03 1.032764e-03 1.956932e-03 4.029082e-03 1.670096e-03 3.855077e-03 2.644604e-03 2.830699e-03 
136 1361 4.769654e-03 0 0 1.361701e-03 1.168507e-03 1.463537e-03 1.212608e-03 1.238967e-03 1.397638e-03 2.287291e-03 2.073989e-03 1.332390e-03 1.503275e-03 1.577663e-03 1.165227e-03 6.222313e-04 1.289372e-03 3.679510e-04 1.200079e-03 1.867742e-03 7.321344e-04 8.983814e-04 4.027624e-03 1.199725e-03 1.028769e-03 1.946310e-03 4.012408e-03 1.660417e-03 3.833888e-03 2.632271e-03 2.818737e-03 
137 1371 4.695587e-03 0 0 1.339012e-03 1.148475e-03 1.439586e-03 1.191748e-03 1.219829e-03 1.373083e-03 2.260908e-03 2.049448e-03 1.309246e-03 1.476411e-03 1.552933e-03 1.146430e-03 6.165246e-04 1.273746e-03 3.637375e-04 1.181447e-03 1.839343e-03 7.193177e-04 8.852342e-04 3.962267e-03 1.180720e-03 1.015722e-03 1.912009e-03 3.944299e-03 1.632474e-03 3.765184e-03 2.588741e-03 2.769496e-03 
138 1381 4.659421e-03 0 0 1.327629e-03 1.139226e-03 1.428230e-03 1.179479e-03 1.209752e-03 1.363422e-03 2.239360e-03 2.033993e-03 1.296152e-03 1.464793e-03 1.546438e-03 1.137085e-03 6.105729e-04 1.266934e-03 3.635082e-04 1.171950e-03 1.823326e-03 7.159800e-04 8.788800e-04 3.936908e-03 1.172644e-03 1.013522e-03 1.894064e-03 3.919023e-03 1.620314e-03 3.732107e-03 2.563854e-03 2.744977e-03 
139 1391 4.686845e-03 0 0 1.341748e-03 1.146806e-03 1.433042e-03 1.185771e-03 1.220045e-03 1.369665e-03 2.251441e-03 2.046847e-03 1.301086e-03 1.470918e-03 1.557180e-03 1.146961e-03 6.134718e-04 1.278719e-03 3.705308e-04 1.179994e-03 1.831929e-03 7.217286e-04 8.824984e-04 3.951441e-03 1.179202e-03 1.021304e-03 1.903541e-03 3.943217e-03 1.641688e-03 3.745671e-03 2.574027e-03 2.758491e-03 
140 1401 4.675962e-03 0 0 1.340388e-03 1.142463e-03 1.426547e-03 1.180833e-03 1.217059e-03 1.364061e-03 2.241345e-03 2.039443e-03 1.297972e-03 1.464087e-03 1.555461e-03 1.142153e-03 6.116694e-04 1.278440e-03 3.736758e-04 1.175313e-03 1.824743e-03 7.242533e-04 8.802558e-04 3.935483e-03 1.176249e-03 1.018283e-03 1.894880e-03 3.929230e-03 1.636728e-03 3.728582e-03 2.561597e-03 2.754199e-03 
141 1411 4.644199e-03 0 0 1.332922e-03 1.137834e-03 1.419238e-03 1.173105e-03 1.207908e-03 1.353413e-03 2.226277e-03 2.023555e-03 1.287067e-03 1.450994e-03 1.550596e-03 1.139290e-03 6.060312e-04 1.270076e-03 3.733306e-04 1.168721e-03 1.814526e-03 7.191674e-04 8.739368e-04 3.907396e-03 1.166388e-03 1.009263e-03 1.877194e-03 3.894385e-03 1.624960e-03 3.696038e-03 2.539089e-03 2.729473e-03 
142 1421 4.647022e-03 0 0 1.332904e-03 1.136515e-03 1.420161e-03 1.172216e-03 1.212942e-03 1.351168e-03 2.223825e-03 2.024060e-03 1.285545e-03 1.448722e-03 1.558057e-03 1.139655e-03 6.047550e-04 1.268211e-03 3.764610e-04 1.171228e-03 1.816112e-03 7.201586e-04 8.765306e-04 3.904095e-03 1.165904e-03 1.011273e-03 1.875532e-03 3.889192e-03 1.622978e-03 3.690157e-03 2.534711e-03 2.727399e-03 
143 1431 4.660366e-03 0 0 1.341384e-03 1.138697e-03 1.424093e-03 1.179689e-03 1.216380e-03 1.352944e-03 2.235150e-03 2.026886e-03 1.292097e-03 1.451427e-03 1.570134e-03 1.144020e-03 6.052818e-04 1.271615e-03 3.782531e-04 1.177551e-03 1.818999e-03 7.209335e-04 8.785434e-04 3.906794e-03 1.166904e-03 1.013231e-03 1.876029e-03 3.892588e-03 1.634969e-03 3.692280e-03 2.538609e-03 2.730547e-03 
144 1441 4.656186e-03 0 0 1.339661e-03 1.136046e-03 1.423282e-03 1.178141e-03 1.214694e-03 1.350397e-03 2.229177e-03 2.022948e-03 1.289293e-03 1.449209e-03 1.571295e-03 1.154342e-03 6.034956e-04 1.273465e-03 3.777749e-04 1.176632e-03 1.816262e-03 7.225734e-04 8.801241e-04 3.896240e-03 1.163560e-03 1.010463e-03 1.869463e-03 3.887648e-03 1.637597e-03 3.683909e-03 2.535193e-03 2.723888e-03 
145 1451 4.648294e-03 0 0 1.338896e-03 1.132476e-03 1.418961e-03 1.175321e-03 1.217608e-03 1.345210e-03 2.222806e-03 2.017587e-03 1.286362e-03 1.444616e-03 1.576533e-03 1.161701e-03 6.010546e-04 1.273177e-03 3.790109e-04 1.176263e-03 1.812039e-03 7.222468e-04 8.781685e-04 3.900231e-03 1.160034e-03 1.007635e-03 1.862099e-03 3.875977e-03 1.637872e-03 3.679676e-03 2.526159e-03 2.716096e-03 
146 1461 4.635475e-03 0 0 1.334409e-03 1.127653e-03 1.412094e-03 1.172811e-03 1.214097e-03 1.339998e-03 2.215305e-03 2.009751e-03 1.279816e-03 1.438844e-03 1.573695e-03 1.164176e-03 5.992911e-04 1.277795e-03 3.780300e-04 1.170271e-03 1.803532e-03 7.200783e-04 8.742933e-04 3.889299e-03 1.154527e-03 1.003113e-03 1.852669e-03 3.860251e-03 1.636316e-03 3.662091e-03 2.513454e-03 2.703998e-03 
147 1471 4.628458e-03 0 0 1.333636e-03 1.128269e-03 1.410462e-03 1.173399e-03 1.211413e-03 1.337006e-03 2.213889e-03 2.003398e-03 1.275207e-03 1.434218e-03 1.574673e-03 1.167888e-03 5.976290e-04 1.277571e-03 3.771838e-04 1.166289e-03 1.797608e-03 7.199993e-04 8.723957e-04 3.879895e-03 1.158504e-03 1.001236e-03 1.846340e-03 3.846411e-03 1.638552e-03 3.653296e-03 2.506973e-03 2.695817e-03 
148 1481 4.566491e-03 0 0 1.315708e-03 1.112412e-03 1.390434e-03 1.155288e-03 1.193922e-03 1.317638e-03 2.180895e-03 1.972905e-03 1.256654e-03 1.414769e-03 1.554044e-03 1.158540e-03 5.881142e-04 1.261497e-03 3.724979e-04 1.148363e-03 1.769600e-03 7.092054e-04 8.594528e-04 3.822736e-03 1.148516e-03 9.869540e-04 1.816820e-03 3.786648e-03 1.616525e-03 3.596394e-03 2.468996e-03 2.655621e-03 
149 1491 4.416164e-03 0 0 1.269618e-03 1.074953e-03 1.341730e-03 1.114971e-03 1.155285e-03 1.271216e-03 2.109561e-03 1.906864e-03 1.212688e-03 1.365589e-03 1.502246e-03 1.121483e-03 5.682459e-04 1.221971e-03 3.605516e-04 1.110084e-03 1.708022e-03 6.849105e-04 8.300550e-04 3.692554e-03 1.112645e-03 9.535049e-04 1.752544e-03 3.655359e-03 1.561428e-03 3.471317e-03 2.382962e-03 2.568426e-03 
150 1501 4.251469e-03 0 0 1.220815e-03 1.034306e-03 1.289580e-03 1.072669e-03 1.111333e-03 1.221468e-03 2.035569e-03 1.832418e-03 1.165193e-03 1.311927e-03 1.443729e-03 1.082031e-03 5.467306e-04 1.177620e-03 3.477198e-04 1.066575e-03 1.640075e-03 6.577487e-04 7.982929e-04 3.549492e-03 1.073812e-03 9.161248e-04 1.684125e-03 3.513243e-03 1.504783e-03 3.336312e-03 2.292752e-03 2.467817e-03 
151 1511 4.205127e-03 0 0 1.206519e-03 1.024567e-03 1.273990e-03 1.058602e-03 1.098089e-03 1.206327e-03 2.012304e-03 1.809393e-03 1.150625e-03 1.299349e-03 1.424813e-03 1.074188e-03 5.399937e-04 1.167252e-03 3.461035e-04 1.055848e-03 1.620181e-03 6.495115e-04 7.896028e-04 3.505135e-03 1.066832e-03 9.057588e-04 1.661795e-03 3.471418e-03 1.496391e-03 3.296763e-03 2.262170e-03 2.435390e-03 
152 1521 4.159169e-03 0 0 1.191202e-03 1.016291e-03 1.259871e-03 1.048392e-03 1.085312e-03 1.196445e-03 1.988717e-03 1.790059e-03 1.136532e-03 1.282668e-03 1.407595e-03 1.063154e-03 5.334401e-04 1.154226e-03 3.432888e-04 1.047836e-03 1.605011e-03 6.424187e-04 7.833533e-04 3.461646e-03 1.056658e-03 8.943041e-04 1.639385e-03 3.435759e-03 1.482273e-03 3.259096e-03 2.232473e-03 2.406802e-03 
153 1531 4.055932e-03 0 0 1.159438e-03 9.907578e-04 1.234338e-03 1.020764e-03 1.057501e-03 1.170075e-03 1.938640e-03 1.742166e-03 1.106126e-03 1.250203e-03 1.372862e-03 1.037082e-03 5.198996e-04 1.123799e-03 3.357920e-04 1.021485e-03 1.566417e-03 6.253876e-04 7.660276e-04 3.377835e-03 1.029292e-03 8.703578e-04 1.594745e-03 3.346529e-03 1.446605e-03 3.172058e-03 2.176008e-03 2.346749e-03 
154 1541 3.891115e-03 0 0 1.111521e-03 9.529458e-04 1.182732e-03 9.782841e-04 1.013024e-03 1.120738e-03 1.860599e-03 1.669613e-03 1.059169e-03 1.199266e-03 1.314046e-03 9.967249e-04 4.984428e-04 1.075626e-03 3.226317e-04 9.777428e-04 1.502355e-03 5.988048e-04 7.351775e-04 3.246247e-03 9.877267e-04 8.336884e-04 1.526253e-03 3.204897e-03 1.388414e-03 3.038023e-03 2.082676e-03 2.246591e-03 
155 1551 3.755287e-03 0 0 1.072144e-03 9.197426e-04 1.139834e-03 9.433977e-04 9.761099e-04 1.080512e-03 1.794187e-03 1.616302e-03 1.020985e-03 1.155327e-03 1.274925e-03 9.613784e-04 4.801211e-04 1.035418e-03 3.109418e-04 9.435620e-04 1.448354e-03 5.771431e-04 7.100304e-04 3.135057e-03 9.510934e-04 8.032237e-04 1.469545e-03 3.086682e-03 1.339032e-03 2.925535e-03 2.007506e-03 2.172297e-03 
156 1561 3.686655e-03 0 0 1.050902e-03 9.045086e-04 1.116629e-03 9.243742e-04 9.570854e-04 1.059815e-03 1.759257e-03 1.589017e-03 1.000777e-03 1.138460e-03 1.252533e-03 9.453705e-04 4.702370e-04 1.015347e-03 3.046076e-04 9.251406e-04 1.426853e-03 5.654414e-04 6.980585e-04 3.071330e-03 9.335700e-04 7.885573e-04 1.439044e-03 3.025961e-03 1.314321e-03 2.870766e-03 1.966812e-03 2.132015e-03 
157 1571 3.545008e-03 0 0 1.008060e-03 8.686744e-04 1.071152e-03 8.869443e-04 9.195038e-04 1.023134e-03 1.689743e-03 1.524872e-03 9.605560e-04 1.094925e-03 1.205545e-03 9.079509e-04 4.510656e-04 9.772192e-04 2.925375e-04 8.899801e-04 1.370418e-03 5.425238e-04 6.729070e-04 2.948669e-03 9.005029e-04 7.568336e-04 1.380295e-03 2.905013e-03 1.261992e-03 2.757757e-03 1.887666e-03 2.046963e-03 
158 1581 3.491135e-03 0 0 9.909641e-04 8.564383e-04 1.053094e-03 8.714522e-04 9.057846e-04 1.006349e-03 1.660905e-03 1.503512e-03 9.465737e-04 1.077055e-03 1.186908e-03 8.950595e-04 4.441048e-04 9.633031e-04 2.884989e-04 8.752991e-04 1.349941e-03 5.333384e-04 6.662274e-04 2.897429e-03 8.922855e-04 7.464824e-04 1.358169e-03 2.855025e-03 1.240302e-03 2.709115e-03 1.854001e-03 2.012876e-03 
159 1591 3.441379e-03 0 0 9.758715e-04 8.422985e-04 1.037323e-03 8.576413e-04 8.916507e-04 9.902198e-04 1.635579e-03 1.479753e-03 9.334998e-04 1.061900e-03 1.168969e-03 8.807985e-04 4.369149e-04 9.479271e-04 2.837499e-04 8.617645e-04 1.330991e-03 5.254583e-04 6.571692e-04 2.856333e-03 8.810197e-04 7.340602e-04 1.336588e-03 2.813072e-03 1.231409e-03 2.663782e-03 1.825248e-03 1.987911e-03 
160 1601 3.407948e-03 0 0 9.654165e-04 8.323031e-04 1.027290e-03 8.474996e-04 8.832280e-04 9.790602e-04 1.619336e-03 1.464668e-03 9.235909e-04 1.057707e-03 1.158770e-03 8.710746e-04 4.328636e-04 9.414665e-04 2.804945e-04 8.515949e-04 1.316613e-03 5.193594e-04 6.518164e-04 2.821870e-03 8.717562e-04 7.255180e-04 1.320946e-03 2.785721e-03 1.220580e-03 2.633147e-03 1.803364e-03 1.967176e-03 
161 1611 3.314655e-03 0 0 9.444772e-04 8.089128e-04 9.971425e-04 8.233031e-04 8.579508e-04 9.497038e-04 1.573691e-03 1.424328e-03 8.969497e-04 1.027633e-03 1.126163e-03 8.474657e-04 4.204004e-04 9.157731e-04 2.722257e-04 8.333517e-04 1.278744e-03 5.044999e-04 6.338155e-04 2.749473e-03 8.465172e-04 7.041164e-04 1.281889e-03 2.703042e-03 1.185795e-03 2.558689e-03 1.753425e-03 1.912686e-03 
162 1621 3.296823e-03 0 0 9.408250e-04 8.046463e-04 9.896685e-04 8.180400e-04 8.541558e-04 9.444425e-04 1.564317e-03 1.418620e-03 8.901786e-04 1.022071e-03 1.124629e-03 8.433451e-04 4.178804e-04 9.113080e-04 2.702950e-04 8.284540e-04 1.268984e-03 5.014689e-04 6.304819e-04 2.743770e-03 8.412628e-04 7.006439e-04 1.273901e-03 2.686946e-03 1.177010e-03 2.544025e-03 1.746249e-03 1.898459e-03 
163 1631 3.236532e-03 0 0 9.238577e-04 7.893434e-04 9.697394e-04 8.015996e-04 8.384126e-04 9.262472e-04 1.534099e-03 1.394151e-03 8.719781e-04 1.001612e-03 1.111186e-03 8.274801e-04 4.097789e-04 8.944812e-04 2.647905e-04 8.131886e-04 1.245773e-03 4.911103e-04 6.179814e-04 2.690102e-03 8.255689e-04 6.874395e-04 1.247684e-03 2.635824e-03 1.153715e-03 2.496682e-03 1.711892e-03 1.859706e-03 
164 1641 3.195126e-03 0 0 9.127911e-04 7.782677e-04 9.557874e-04 7.903588e-04 8.278022e-04 9.143873e-04 1.519845e-03 1.375151e-03 8.617276e-04 9.886269e-04 1.098490e-03 8.161874e-04 4.049146e-04 8.837293e-04 2.608790e-04 8.013236e-04 1.227840e-03 4.846233e-04 6.092605e-04 2.657873e-03 8.139149e-04 6.781214e-04 1.229094e-03 2.599209e-03 1.136245e-03 2.461466e-03 1.689167e-03 1.833981e-03 
165 1651 3.228699e-03 0 0 9.205936e-04 7.867701e-04 9.667810e-04 7.973712e-04 8.359927e-04 9.247638e-04 1.538831e-03 1.387408e-03 8.703253e-04 9.968761e-04 1.113964e-03 8.234914e-04 4.095294e-04 8.971387e-04 2.630197e-04 8.080303e-04 1.239527e-03 4.897596e-04 6.145686e-04 2.698022e-03 8.230658e-04 6.862828e-04 1.238984e-03 2.640951e-03 1.148269e-03 2.483602e-03 1.714678e-03 1.850577e-03 
166 1661 3.239307e-03 0 0 9.263542e-04 7.896329e-04 9.694731e-04 7.988682e-04 8.370247e-04 9.302382e-04 1.543037e-03 1.391416e-03 8.733134e-04 9.979627e-04 1.119144e-03 8.248776e-04 4.147996e-04 9.001795e-04 2.643926e-04 8.122448e-04 1.242028e-03 4.907410e-04 6.154442e-04 2.707412e-03 8.247828e-04 6.883602e-04 1.240492e-03 2.649946e-03 1.150148e-03 2.486709e-03 1.720392e-03 1.858259e-03 
167 1671 3.236154e-03 0 0 9.239477e-04 7.877198e-04 9.677416e-04 7.968562e-04 8.353812e-04 9.293970e-04 1.540341e-03 1.387132e-03 8.720596e-04 9.954054e-04 1.119087e-03 8.226407e-04 4.160418e-04 9.019212e-04 2.650599e-04 8.109418e-04 1.238178e-03 4.921388e-04 6.145702e-04 2.701416e-03 8.251890e-04 6.887355e-04 1.237532e-03 2.643453e-03 1.148654e-03 2.480259e-03 1.715617e-03 1.857211e-03 
168 1681 3.270994e-03 0 0 9.323936e-04 7.948190e-04 9.765740e-04 8.046835e-04 8.430833e-04 9.470577e-04 1.563228e-03 1.401522e-03 8.856453e-04 1.005777e-03 1.130873e-03 8.316232e-04 4.213162e-04 9.114109e-04 2.680685e-04 8.181359e-04 1.249298e-03 4.983213e-04 6.199837e-04 2.725335e-03 8.357946e-04 6.973705e-04 1.249620e-03 2.675124e-03 1.158917e-03 2.509184e-03 1.730388e-03 1.883667e-03 
169 1691 3.285705e-03 0 0 9.349968e-04 7.982069e-04 9.815817e-04 8.064138e-04 8.459938e-04 9.547299e-04 1.571299e-03 1.405404e-03 8.909810e-04 1.008858e-03 1.136590e-03 8.355518e-04 4.237004e-04 9.144973e-04 2.695104e-04 8.239965e-04 1.254556e-03 5.006580e-04 6.220812e-04 2.732439e-03 8.437104e-04 6.993677e-04 1.254530e-03 2.683819e-03 1.162930e-03 2.527385e-03 1.736432e-03 1.893738e-03 
170 1701 3.228311e-03 0 0 9.171737e-04 7.832241e-04 9.634854e-04 7.930105e-04 8.307816e-04 9.399229e-04 1.545678e-03 1.379453e-03 8.751855e-04 9.909802e-04 1.115226e-03 8.208126e-04 4.169933e-04 8.981823e-04 2.655134e-04 8.090796e-04 1.231779e-03 4.924514e-04 6.097789e-04 2.679445e-03 8.302479e-04 6.869496e-04 1.229479e-03 2.632863e-03 1.142190e-03 2.479971e-03 1.704597e-03 1.860657e-03 
171 1711 3.188509e-03 0 0 9.049347e-04 7.759532e-04 9.490328e-04 7.832288e-04 8.189937e-04 9.310492e-04 1.525569e-03 1.362499e-03 8.626076e-04 9.777174e-04 1.100350e-03 8.097503e-04 4.117187e-04 8.890121e-04 2.619621e-04 7.977467e-04 1.215885e-03 4.857901e-04 6.022736e-04 2.648618e-03 8.335086e-04 6.782607e-04 1.211222e-03 2.600798e-03 1.127391e-03 2.449423e-03 1.680293e-03 1.835260e-03 
172 1721 3.089995e-03 0 0 8.768859e-04 7.518744e-04 9.174349e-04 7.588105e-04 7.927145e-04 9.042603e-04 1.475709e-03 1.317087e-03 8.356597e-04 9.455773e-04 1.064281e-03 7.830082e-04 3.987456e-04 8.610596e-04 2.535527e-04 7.722285e-04 1.175724e-03 4.703726e-04 5.825420e-04 2.564756e-03 8.134501e-04 6.570382e-04 1.170992e-03 2.527413e-03 1.091718e-03 2.368765e-03 1.624718e-03 1.775145e-03 
173 1731 2.980242e-03 0 0 8.441246e-04 7.253091e-04 8.828655e-04 7.320188e-04 7.627532e-04 8.739982e-04 1.421612e-03 1.270547e-03 8.041500e-04 9.103429e-04 1.025416e-03 7.547428e-04 3.849605e-04 8.307877e-04 2.441182e-04 7.437879e-04 1.132458e-03 4.533070e-04 5.608150e-04 2.470495e-03 7.869002e-04 6.350033e-04 1.126656e-03 2.434328e-03 1.051500e-03 2.279813e-03 1.563686e-03 1.709264e-03 
174 1741 2.910538e-03 0 0 8.228457e-04 7.122238e-04 8.605154e-04 7.144452e-04 7.437679e-04 8.545310e-04 1.386149e-03 1.239835e-03 7.904264e-04 8.876537e-04 9.994865e-04 7.363846e-04 3.757061e-04 8.098603e-04 2.380096e-04 7.253837e-04 1.103477e-03 4.425179e-04 5.464097e-04 2.406826e-03 7.692439e-04 6.203544e-04 1.098285e-03 2.374043e-03 1.025064e-03 2.221610e-03 1.527373e-03 1.667219e-03 
175 1751 2.851064e-03 0 0 8.053776e-04 6.986295e-04 8.424505e-04 6.984199e-04 7.270484e-04 8.368702e-04 1.360357e-03 1.213760e-03 7.739233e-04 8.675353e-04 9.801387e-04 7.203830e-04 3.687113e-04 7.918013e-04 2.327793e-04 7.119753e-04 1.078251e-03 4.330584e-04 5.340580e-04 2.360397e-03 7.540286e-04 6.078400e-04 1.074041e-03 2.322137e-03 1.002081e-03 2.172757e-03 1.502373e-03 1.631010e-03 
176 1761 2.809381e-03 0 0 7.971000e-04 6.879850e-04 8.289704e-04 6.888372e-04 7.195606e-04 8.240844e-04 1.339895e-03 1.195316e-03 7.614791e-04 8.526365e-04 9.637795e-04 7.086709e-04 3.641460e-04 7.811526e-04 2.291114e-04 7.012941e-04 1.060652e-03 4.262973e-04 5.253609e-04 2.321364e-03 7.427532e-04 5.983827e-04 1.055886e-03 2.284480e-03 9.900796e-04 2.139516e-03 1.487404e-03 1.606753e-03 
177 1771 2.757903e-03 0 0 7.841182e-04 6.747382e-04 8.127744e-04 6.747449e-04 7.060430e-04 8.098733e-04 1.313040e-03 1.171495e-03 7.491064e-04 8.367653e-04 9.445446e-04 6.959900e-04 3.575404e-04 7.652434e-04 2.250442e-04 6.886686e-04 1.040246e-03 4.180063e-04 5.146505e-04 2.276411e-03 7.281401e-04 5.860913e-04 1.035767e-03 2.247097e-03 9.725140e-04 2.096527e-03 1.460694e-03 1.576607e-03 
178 1781 2.737315e-03 0 0 7.776138e-04 6.696776e-04 8.076233e-04 6.697433e-04 7.000465e-04 8.041419e-04 1.300825e-03 1.161189e-03 7.469369e-04 8.290984e-04 9.354906e-04 6.894552e-04 3.547891e-04 7.577138e-04 2.241018e-04 6.858748e-04 1.030231e-03 4.155557e-04 5.100716e-04 2.268817e-03 7.232017e-04 5.805618e-04 1.029940e-03 2.240714e-03 9.640151e-04 2.079085e-03 1.448329e-03 1.563657e-03 
179 1791 2.710862e-03 0 0 7.689998e-04 6.648940e-04 7.987029e-04 6.641053e-04 6.918518e-04 7.951362e-04 1.287845e-03 1.152001e-03 7.411483e-04 8.194562e-04 9.273285e-04 6.819074e-04 3.508472e-04 7.485589e-04 2.224299e-04 6.798336e-04 1.018150e-03 4.121243e-04 5.044884e-04 2.249750e-03 7.146091e-04 5.738670e-04 1.021684e-03 2.218514e-03 9.534493e-04 2.058271e-03 1.432535e-03 1.549006e-03 
180 1801 2.722970e-03 0 0 7.704792e-04 6.671795e-04 8.024802e-04 6.662192e-04 6.946275e-04 7.973762e-04 1.293080e-03 1.156011e-03 7.480252e-04 8.213319e-04 9.299263e-04 6.849269e-04 3.526836e-04 7.541351e-04 2.233606e-04 6.841662e-04 1.020694e-03 4.149667e-04 5.061358e-04 2.268247e-03 7.168635e-04 5.760735e-04 1.032637e-03 2.223332e-03 9.561040e-04 2.063221e-03 1.439103e-03 1.553666e-03 
181 1811 2.771216e-03 0 0 7.823606e-04 6.793346e-04 8.164837e-04 6.793699e-04 7.068410e-04 8.108494e-04 1.313317e-03 1.175110e-03 7.661914e-04 8.340975e-04 9.459102e-04 6.964245e-04 3.592974e-04 7.691541e-04 2.268350e-04 6.989689e-04 1.038734e-03 4.223347e-04 5.141600e-04 2.318934e-03 7.291933e-04 5.853669e-04 1.055180e-03 2.257859e-03 9.706972e-04 2.096463e-03 1.463214e-03 1.579642e-03 
182 1821 2.789136e-03 0 0 7.867860e-04 6.829284e-04 8.249711e-04 6.829444e-04 7.103682e-04 8.151051e-04 1.320863e-03 1.182144e-03 7.744362e-04 8.389752e-04 9.514030e-04 7.004235e-04 3.621660e-04 7.736537e-04 2.280357e-04 7.057261e-04 1.044714e-03 4.244797e-04 5.168986e-04 2.339471e-03 7.326152e-04 5.879798e-04 1.064230e-03 2.269834e-03 9.753908e-04 2.106609e-03 1.469395e-03 1.591398e-03 
183 1831 2.794863e-03 0 0 7.881901e-04 6.846537e-04 8.268705e-04 6.862953e-04 7.109315e-04 8.166977e-04 1.322204e-03 1.182492e-03 7.777292e-04 8.391650e-04 9.520272e-04 7.018743e-04 3.658222e-04 7.742549e-04 2.280672e-04 7.081688e-04 1.047639e-03 4.251321e-04 5.186354e-04 2.360101e-03 7.334623e-04 5.892777e-04 1.066577e-03 2.276341e-03 9.769396e-04 2.111117e-03 1.469782e-03 1.596347e-03 
184 1841 2.814607e-03 0 0 7.924104e-04 6.879483e-04 8.322205e-04 6.935630e-04 7.145464e-04 8.214948e-04 1.331283e-03 1.188632e-03 7.838081e-04 8.437827e-04 9.567717e-04 7.055817e-04 3.692154e-04 7.783416e-04 2.293374e-04 7.156140e-04 1.053999e-03 4.280793e-04 5.214778e-04 2.385254e-03 7.395447e-04 5.977100e-04 1.074039e-03 2.299819e-03 9.852247e-04 2.121467e-03 1.477828e-03 1.609379e-03 
185 1851 2.800276e-03 0 0 7.868468e-04 6.834465e-04 8.280795e-04 6.919479e-04 7.094139e-04 8.158437e-04 1.326391e-03 1.179590e-03 7.810288e-04 8.388846e-04 9.510401e-04 7.001521e-04 3.677612e-04 7.731632e-04 2.279103e-04 7.129382e-04 1.047457e-03 4.249641e-04 5.186946e-04 2.376869e-03 7.367507e-04 5.954355e-04 1.067690e-03 2.293190e-03 9.786395e-04 2.105749e-03 1.467437e-03 1.600369e-03 
186 1861 2.768580e-03 0 0 7.768185e-04 6.753206e-04 8.197222e-04 6.848612e-04 7.056520e-04 8.058338e-04 1.308462e-03 1.167937e-03 7.729099e-04 8.276021e-04 9.402004e-04 6.921192e-04 3.635331e-04 7.625808e-04 2.250468e-04 7.058202e-04 1.036733e-03 4.193183e-04 5.118186e-04 2.348492e-03 7.278773e-04 5.894915e-04 1.054176e-03 2.270358e-03 9.656868e-04 2.076955e-03 1.449172e-03 1.579892e-03 
187 1871 2.744943e-03 0 0 7.698148e-04 6.702157e-04 8.132018e-04 6.814076e-04 6.990673e-04 7.973828e-04 1.294356e-03 1.160430e-03 7.674015e-04 8.202612e-04 9.310372e-04 6.848773e-04 3.607899e-04 7.543775e-04 2.228782e-04 7.010533e-04 1.027132e-03 4.175980e-04 5.068022e-04 2.331770e-03 7.226414e-04 5.856162e-04 1.043731e-03 2.250038e-03 9.561953e-04 2.054889e-03 1.435346e-03 1.563502e-03 
188 1881 2.759539e-03 0 0 7.737921e-04 6.730439e-04 8.165763e-04 6.942635e-04 7.040054e-04 8.005091e-04 1.299981e-03 1.169049e-03 7.708191e-04 8.232356e-04 9.348575e-04 6.891090e-04 3.637788e-04 7.564835e-04 2.236606e-04 7.046328e-04 1.033510e-03 4.217144e-04 5.088270e-04 2.344905e-03 7.266377e-04 5.888696e-04 1.046982e-03 2.263106e-03 9.592149e-04 2.061615e-03 1.445515e-03 1.572134e-03 
189 1891 2.854737e-03 0 0 7.994953e-04 7.010394e-04 8.431158e-04 7.215122e-04 7.289329e-04 8.294116e-04 1.352298e-03 1.211749e-03 7.989889e-04 8.519532e-04 9.687939e-04 7.114347e-04 3.799530e-04 7.837215e-04 2.312214e-04 7.326376e-04 1.069811e-03 4.353623e-04 5.259012e-04 2.427250e-03 7.526802e-04 6.079367e-04 1.083001e-03 2.337048e-03 9.948306e-04 2.127546e-03 1.492915e-03 1.624005e-03 
190 1901 2.915257e-03 0 0 8.152572e-04 7.226326e-04 8.598581e-04 7.386943e-04 7.458805e-04 8.477198e-04 1.388324e-03 1.239629e-03 8.157712e-04 8.690476e-04 9.885828e-04 7.261039e-04 3.888566e-04 7.988999e-04 2.367505e-04 7.487649e-04 1.092560e-03 4.435953e-04 5.357104e-04 2.477875e-03 7.734665e-04 6.197464e-04 1.104390e-03 2.384170e-03 1.014335e-03 2.167199e-03 1.523744e-03 1.655969e-03 
191 1911 2.981271e-03 0 0 8.319625e-04 7.394372e-04 8.777702e-04 7.590798e-04 7.650358e-04 8.666864e-04 1.425250e-03 1.271864e-03 8.357253e-04 8.868421e-04 1.009626e-03 7.411121e-04 3.976794e-04 8.151159e-04 2.418881e-04 7.661059e-04 1.118830e-03 4.532792e-04 5.465679e-04 2.532988e-03 7.973542e-04 6.329446e-04 1.127573e-03 2.436124e-03 1.036711e-03 2.210260e-03 1.556578e-03 1.694331e-03 
192 1921 3.056452e-03 0 0 8.513327e-04 7.584206e-04 8.999457e-04 7.806203e-04 7.870094e-04 8.873580e-04 1.467789e-03 1.303517e-03 8.558400e-04 9.111285e-04 1.033897e-03 7.583521e-04 4.087608e-04 8.379047e-04 2.477494e-04 7.885934e-04 1.150008e-03 4.651658e-04 5.592644e-04 2.590880e-03 8.207477e-04 6.479996e-04 1.153936e-03 2.499003e-03 1.062190e-03 2.260162e-03 1.592977e-03 1.738779e-03 
193 1931 3.129091e-03 0 0 8.698745e-04 7.780308e-04 9.220328e-04 8.093063e-04 8.072689e-04 9.072345e-04 1.508408e-03 1.332359e-03 8.745143e-04 9.323631e-04 1.057385e-03 7.745243e-04 4.194405e-04 8.566643e-04 2.533191e-04 8.092642e-04 1.187922e-03 4.769730e-04 5.711860e-04 2.652125e-03 8.419902e-04 6.621805e-04 1.178479e-03 2.553735e-03 1.085355e-03 2.313902e-03 1.628205e-03 1.776926e-03 
194 1941 3.138179e-03 0 0 8.704596e-04 7.809841e-04 9.290880e-04 8.165428e-04 8.097648e-04 9.109465e-04 1.524830e-03 1.336679e-03 8.760360e-04 9.340575e-04 1.059155e-03 7.746567e-04 4.203955e-04 8.597808e-04 2.537884e-04 8.099920e-04 1.195564e-03 4.776664e-04 5.718197e-04 2.657109e-03 8.440520e-04 6.627793e-04 1.178755e-03 2.563170e-03 1.088887e-03 2.315243e-03 1.629819e-03 1.777963e-03 
195 1951 3.121840e-03 0 0 8.642232e-04 7.782112e-04 9.248420e-04 8.166502e-04 8.071923e-04 9.062839e-04 1.520222e-03 1.327220e-03 8.703144e-04 9.273919e-04 1.052223e-03 7.714567e-04 4.172152e-04 8.559479e-04 2.520666e-04 8.048278e-04 1.194181e-03 4.744927e-04 5.687382e-04 2.637537e-03 8.391319e-04 6.581996e-04 1.175797e-03 2.549280e-03 1.081302e-03 2.302628e-03 1.620198e-03 1.764211e-03 
196 1961 3.051422e-03 0 0 8.426869e-04 7.658858e-04 9.032897e-04 8.009413e-04 7.890392e-04 8.856155e-04 1.485599e-03 1.295731e-03 8.486020e-04 9.068925e-04 1.026036e-03 7.533227e-04 4.069317e-04 8.367077e-04 2.459056e-04 7.856448e-04 1.168388e-03 4.626355e-04 5.554795e-04 2.579804e-03 8.200685e-04 6.421778e-04 1.146898e-03 2.493671e-03 1.054468e-03 2.245453e-03 1.585179e-03 1.721980e-03 
197 1971 2.987919e-03 0 0 8.271202e-04 7.497873e-04 8.845421e-04 7.856739e-04 7.710024e-04 8.665614e-04 1.453670e-03 1.272907e-03 8.288335e-04 8.860270e-04 1.003269e-03 7.374064e-04 3.976216e-04 8.171760e-04 2.405925e-04 7.682798e-04 1.151268e-03 4.523726e-04 5.461888e-04 2.519530e-03 8.032630e-04 6.287474e-04 1.121369e-03 2.439092e-03 1.031244e-03 2.195051e-03 1.549572e-03 1.683800e-03 
198 1981 2.949094e-03 0 0 8.160742e-04 7.394942e-04 8.749744e-04 7.768132e-04 7.602581e-04 8.547070e-04 1.432947e-03 1.255143e-03 8.167179e-04 8.732025e-04 9.898615e-04 7.270558e-04 3.923660e-04 8.074085e-04 2.374527e-04 7.586028e-04 1.141909e-03 4.457372e-04 5.390841e-04 2.481949e-03 7.920370e-04 6.195242e-04 1.106725e-03 2.403245e-03 1.016871e-03 2.162433e-03 1.530747e-03 1.658642e-03 
199 1991 2.900853e-03 0 0 8.014651e-04 7.289123e-04 8.607658e-04 7.641429e-04 7.490004e-04 8.386996e-04 1.406711e-03 1.231848e-03 8.026071e-04 8.572197e-04 9.738989e-04 7.144026e-04 3.857994e-04 7.927563e-04 2.331925e-04 7.453521e-04 1.125185e-03 4.378681e-04 5.329298e-04 2.438609e-03 7.797805e-04 6.106060e-04 1.086474e-03 2.361519e-03 9.998518e-04 2.123102e-03 1.503665e-03 1.629495e-03 
200 2001 2.870213e-03 0 0 7.913671e-04 7.203294e-04 8.517548e-04 7.555608e-04 7.429610e-04 8.345711e-04 1.389616e-03 1.221347e-03 7.928095e-04 8.476416e-04 9.626730e-04 7.057981e-04 3.824367e-04 7.834857e-04 2.304788e-04 7.379820e-04 1.115633e-03 4.331543e-04 5.287421e-04 2.409907e-03 7.710968e-04 6.036862e-04 1.072561e-03 2.336334e-03 9.896642e-04 2.098768e-03 1.489739e-03 1.608040e-03 
