%  columns="iteration, evaluation, sigma, max axis length, min axis length, all principal axes lengths (sorted square roots of eigenvalues of C)" (startseed=216610, 2026/02/16 20:57:45.12)
1 11 4.046984e-02 9.989232e-01 8.430365e-02 8.430365e-02 1.393175e-01 1.556390e-01 1.616375e-01 2.129220e-01 2.258182e-01 2.493819e-01 2.551693e-01 2.587598e-01 2.649073e-01 2.649941e-01 2.740682e-01 2.957772e-01 3.130084e-01 3.147910e-01 3.343140e-01 3.373796e-01 3.395671e-01 3.433314e-01 4.011572e-01 4.552398e-01 4.717769e-01 4.959117e-01 6.223620e-01 6.943126e-01 9.087656e-01 9.383495e-01 9.989232e-01 
2 21 3.898169e-02 9.981716e-01 8.410027e-02 8.410027e-02 1.391042e-01 1.557291e-01 1.617114e-01 2.132524e-01 2.255624e-01 2.491328e-01 2.548863e-01 2.582689e-01 2.642783e-01 2.659073e-01 2.736645e-01 2.959049e-01 3.126277e-01 3.144969e-01 3.336571e-01 3.370328e-01 3.389988e-01 3.426915e-01 4.006195e-01 4.544251e-01 4.711244e-01 4.967956e-01 6.217904e-01 6.928878e-01 9.086351e-01 9.362603e-01 9.981716e-01 
3 31 3.785017e-02 9.959869e-01 8.390007e-02 8.390007e-02 1.388321e-01 1.553846e-01 1.616573e-01 2.130413e-01 2.252748e-01 2.491987e-01 2.544889e-01 2.576732e-01 2.644818e-01 2.658721e-01 2.738730e-01 2.955822e-01 3.119602e-01 3.157039e-01 3.328186e-01 3.373107e-01 3.397337e-01 3.422849e-01 4.000333e-01 4.547969e-01 4.708527e-01 4.965571e-01 6.206220e-01 6.912821e-01 9.077473e-01 9.341697e-01 9.959869e-01 
4 41 3.598858e-02 9.959941e-01 8.396449e-02 8.396449e-02 1.386974e-01 1.552380e-01 1.613372e-01 2.127716e-01 2.249190e-01 2.488194e-01 2.539324e-01 2.571725e-01 2.644314e-01 2.652383e-01 2.733741e-01 2.949231e-01 3.113690e-01 3.166945e-01 3.324100e-01 3.383384e-01 3.396646e-01 3.424892e-01 3.992584e-01 4.548648e-01 4.699983e-01 4.965788e-01 6.192979e-01 6.901566e-01 9.069293e-01 9.326352e-01 9.959941e-01 
5 51 3.440888e-02 9.966139e-01 8.380425e-02 8.380425e-02 1.383436e-01 1.550843e-01 1.611198e-01 2.122924e-01 2.243350e-01 2.483592e-01 2.535389e-01 2.571020e-01 2.646930e-01 2.649158e-01 2.731346e-01 2.942361e-01 3.111031e-01 3.162506e-01 3.319407e-01 3.376393e-01 3.393971e-01 3.432502e-01 3.984729e-01 4.555660e-01 4.703183e-01 4.959257e-01 6.178199e-01 6.894556e-01 9.058841e-01 9.313726e-01 9.966139e-01 
6 61 3.283151e-02 9.985859e-01 8.380325e-02 8.380325e-02 1.382101e-01 1.550072e-01 1.609390e-01 2.120882e-01 2.238669e-01 2.481140e-01 2.530753e-01 2.565125e-01 2.640543e-01 2.649318e-01 2.728566e-01 2.939069e-01 3.109293e-01 3.159088e-01 3.311118e-01 3.376512e-01 3.395385e-01 3.430383e-01 3.985551e-01 4.552882e-01 4.701881e-01 4.949453e-01 6.166133e-01 6.876336e-01 9.042466e-01 9.300986e-01 9.985859e-01 
7 71 3.178830e-02 9.977204e-01 8.365129e-02 8.365129e-02 1.378659e-01 1.552505e-01 1.606587e-01 2.116725e-01 2.233659e-01 2.480898e-01 2.530196e-01 2.564598e-01 2.636946e-01 2.643234e-01 2.722469e-01 2.939744e-01 3.103020e-01 3.152490e-01 3.316816e-01 3.370090e-01 3.392833e-01 3.427296e-01 3.977967e-01 4.550441e-01 4.734170e-01 4.942244e-01 6.158477e-01 6.864718e-01 9.028419e-01 9.289837e-01 9.977204e-01 
8 81 3.073577e-02 9.963041e-01 8.385334e-02 8.385334e-02 1.377670e-01 1.551837e-01 1.611715e-01 2.113217e-01 2.236756e-01 2.476374e-01 2.530165e-01 2.559673e-01 2.632455e-01 2.647116e-01 2.716472e-01 2.935963e-01 3.096402e-01 3.152463e-01 3.314442e-01 3.374494e-01 3.388277e-01 3.427025e-01 3.973681e-01 4.545728e-01 4.737166e-01 4.957688e-01 6.162149e-01 6.856650e-01 9.022443e-01 9.276233e-01 9.963041e-01 
9 91 3.004609e-02 9.938816e-01 8.373931e-02 8.373931e-02 1.380958e-01 1.550445e-01 1.611761e-01 2.118440e-01 2.248148e-01 2.474048e-01 2.528663e-01 2.554466e-01 2.631825e-01 2.646215e-01 2.712478e-01 2.935810e-01 3.090439e-01 3.147566e-01 3.311561e-01 3.375087e-01 3.386628e-01 3.423306e-01 3.964986e-01 4.541319e-01 4.729569e-01 4.951588e-01 6.173514e-01 6.840239e-01 9.002067e-01 9.260094e-01 9.938816e-01 
10 101 2.932595e-02 9.926306e-01 8.370692e-02 8.370692e-02 1.378698e-01 1.547558e-01 1.614740e-01 2.114590e-01 2.248181e-01 2.468997e-01 2.533250e-01 2.550153e-01 2.626762e-01 2.642572e-01 2.707360e-01 2.930337e-01 3.085285e-01 3.141122e-01 3.304438e-01 3.377731e-01 3.393860e-01 3.416702e-01 3.959920e-01 4.535637e-01 4.726128e-01 4.938837e-01 6.210351e-01 6.823260e-01 9.005750e-01 9.273864e-01 9.926306e-01 
11 111 2.809991e-02 9.906974e-01 8.368093e-02 8.368093e-02 1.377315e-01 1.545856e-01 1.613016e-01 2.111732e-01 2.246775e-01 2.469830e-01 2.531570e-01 2.545098e-01 2.623805e-01 2.647664e-01 2.706759e-01 2.928367e-01 3.080273e-01 3.138699e-01 3.305909e-01 3.369058e-01 3.389169e-01 3.414884e-01 3.957584e-01 4.529697e-01 4.716690e-01 4.933247e-01 6.210173e-01 6.807734e-01 9.000731e-01 9.280134e-01 9.906974e-01 
12 121 2.700654e-02 9.885625e-01 8.409164e-02 8.409164e-02 1.377105e-01 1.544631e-01 1.617848e-01 2.111793e-01 2.242278e-01 2.466039e-01 2.528614e-01 2.544168e-01 2.620010e-01 2.642022e-01 2.704256e-01 2.923060e-01 3.075345e-01 3.148029e-01 3.299373e-01 3.365074e-01 3.382954e-01 3.410723e-01 3.952994e-01 4.525406e-01 4.706200e-01 4.925275e-01 6.201762e-01 6.796997e-01 8.997265e-01 9.262189e-01 9.885625e-01 
13 131 2.595468e-02 9.876310e-01 8.410429e-02 8.410429e-02 1.376886e-01 1.540677e-01 1.616922e-01 2.108457e-01 2.237669e-01 2.462538e-01 2.524161e-01 2.540814e-01 2.619940e-01 2.643793e-01 2.701712e-01 2.921451e-01 3.068660e-01 3.143926e-01 3.293715e-01 3.359930e-01 3.378441e-01 3.406598e-01 3.955473e-01 4.515594e-01 4.696898e-01 4.921009e-01 6.213600e-01 6.802529e-01 8.993223e-01 9.262135e-01 9.876310e-01 
14 141 2.493145e-02 9.858310e-01 8.404545e-02 8.404545e-02 1.374319e-01 1.538411e-01 1.613911e-01 2.113273e-01 2.233001e-01 2.457649e-01 2.520487e-01 2.536761e-01 2.613129e-01 2.649530e-01 2.704300e-01 2.921592e-01 3.064201e-01 3.142735e-01 3.291657e-01 3.352614e-01 3.384186e-01 3.406669e-01 3.950384e-01 4.520500e-01 4.686305e-01 4.917085e-01 6.214462e-01 6.786668e-01 8.977811e-01 9.240792e-01 9.858310e-01 
15 151 2.380299e-02 9.844216e-01 8.388388e-02 8.388388e-02 1.373118e-01 1.538514e-01 1.612340e-01 2.112611e-01 2.233457e-01 2.452196e-01 2.522399e-01 2.540955e-01 2.606572e-01 2.645572e-01 2.699003e-01 2.922654e-01 3.059554e-01 3.143075e-01 3.286449e-01 3.358741e-01 3.384956e-01 3.398579e-01 3.946175e-01 4.518125e-01 4.675744e-01 4.910459e-01 6.206312e-01 6.769605e-01 8.967634e-01 9.221342e-01 9.844216e-01 
16 161 2.362356e-02 9.822441e-01 8.372359e-02 8.372359e-02 1.373157e-01 1.536777e-01 1.611255e-01 2.109915e-01 2.230971e-01 2.454833e-01 2.523789e-01 2.541069e-01 2.606063e-01 2.655276e-01 2.699855e-01 2.944894e-01 3.059433e-01 3.137638e-01 3.286418e-01 3.364037e-01 3.380728e-01 3.392152e-01 3.940469e-01 4.513068e-01 4.669640e-01 4.905852e-01 6.199408e-01 6.756488e-01 8.964681e-01 9.246373e-01 9.822441e-01 
17 171 2.379268e-02 9.813935e-01 8.356842e-02 8.356842e-02 1.371473e-01 1.533280e-01 1.608430e-01 2.107927e-01 2.239916e-01 2.452430e-01 2.519324e-01 2.548350e-01 2.604409e-01 2.654076e-01 2.697229e-01 2.955697e-01 3.056286e-01 3.153271e-01 3.286123e-01 3.361447e-01 3.375615e-01 3.385876e-01 3.938358e-01 4.520525e-01 4.684789e-01 4.908626e-01 6.191904e-01 6.744417e-01 8.946563e-01 9.231345e-01 9.813935e-01 
18 181 2.367570e-02 9.788797e-01 8.351675e-02 8.351675e-02 1.369217e-01 1.529759e-01 1.608092e-01 2.104536e-01 2.237989e-01 2.451381e-01 2.513093e-01 2.553916e-01 2.598362e-01 2.655579e-01 2.697144e-01 2.958607e-01 3.054710e-01 3.150323e-01 3.281308e-01 3.357949e-01 3.376301e-01 3.404855e-01 3.934168e-01 4.526440e-01 4.683705e-01 4.901632e-01 6.176910e-01 6.729471e-01 8.924212e-01 9.215520e-01 9.788797e-01 
19 191 2.378902e-02 9.767290e-01 8.369382e-02 8.369382e-02 1.368328e-01 1.527419e-01 1.606317e-01 2.099374e-01 2.242025e-01 2.448454e-01 2.510469e-01 2.553458e-01 2.597276e-01 2.656979e-01 2.703036e-01 2.962747e-01 3.053363e-01 3.150513e-01 3.275677e-01 3.351379e-01 3.370721e-01 3.443462e-01 3.932747e-01 4.528303e-01 4.676587e-01 4.895850e-01 6.197009e-01 6.714761e-01 8.904395e-01 9.209747e-01 9.767290e-01 
20 201 2.389551e-02 9.742971e-01 8.393683e-02 8.393683e-02 1.365372e-01 1.526070e-01 1.602884e-01 2.097179e-01 2.246487e-01 2.445708e-01 2.507426e-01 2.561378e-01 2.602813e-01 2.656235e-01 2.698460e-01 2.960775e-01 3.055582e-01 3.153752e-01 3.276024e-01 3.345008e-01 3.365989e-01 3.462727e-01 3.927328e-01 4.523830e-01 4.675369e-01 4.900949e-01 6.203630e-01 6.711796e-01 8.894975e-01 9.201479e-01 9.742971e-01 
21 211 2.380629e-02 9.731172e-01 8.397802e-02 8.397802e-02 1.365575e-01 1.523591e-01 1.599525e-01 2.094900e-01 2.250018e-01 2.445920e-01 2.503910e-01 2.557034e-01 2.605620e-01 2.649373e-01 2.695257e-01 2.958109e-01 3.051271e-01 3.149798e-01 3.270000e-01 3.344318e-01 3.358234e-01 3.468570e-01 3.923799e-01 4.530087e-01 4.675694e-01 4.921652e-01 6.201478e-01 6.702144e-01 8.887356e-01 9.197975e-01 9.731172e-01 
22 221 2.328855e-02 9.709661e-01 8.400670e-02 8.400670e-02 1.362716e-01 1.521483e-01 1.602392e-01 2.092956e-01 2.249564e-01 2.454192e-01 2.503025e-01 2.552025e-01 2.601463e-01 2.643675e-01 2.693926e-01 2.952314e-01 3.043737e-01 3.157860e-01 3.262525e-01 3.339282e-01 3.349896e-01 3.466428e-01 3.922078e-01 4.530038e-01 4.675346e-01 4.924839e-01 6.203701e-01 6.694852e-01 8.866610e-01 9.188845e-01 9.709661e-01 
23 231 2.290246e-02 9.695197e-01 8.399188e-02 8.399188e-02 1.359518e-01 1.519238e-01 1.604753e-01 2.088377e-01 2.252642e-01 2.451402e-01 2.498666e-01 2.549948e-01 2.601607e-01 2.646133e-01 2.695648e-01 2.947907e-01 3.048769e-01 3.161945e-01 3.256295e-01 3.332209e-01 3.374627e-01 3.461240e-01 3.914300e-01 4.525741e-01 4.678352e-01 4.931396e-01 6.207442e-01 6.680777e-01 8.879269e-01 9.170368e-01 9.695197e-01 
24 241 2.245556e-02 9.678068e-01 8.384128e-02 8.384128e-02 1.368149e-01 1.518073e-01 1.615146e-01 2.084062e-01 2.248812e-01 2.447192e-01 2.494458e-01 2.544447e-01 2.598609e-01 2.653743e-01 2.691955e-01 2.942055e-01 3.046109e-01 3.160410e-01 3.250663e-01 3.325403e-01 3.372858e-01 3.457804e-01 3.907011e-01 4.525752e-01 4.676261e-01 4.927080e-01 6.238388e-01 6.662647e-01 8.885414e-01 9.150808e-01 9.678068e-01 
25 251 2.178171e-02 9.664787e-01 8.376303e-02 8.376303e-02 1.367136e-01 1.514953e-01 1.614737e-01 2.079302e-01 2.244552e-01 2.445174e-01 2.497450e-01 2.539235e-01 2.598179e-01 2.655191e-01 2.689646e-01 2.936595e-01 3.040297e-01 3.153182e-01 3.245718e-01 3.318062e-01 3.389364e-01 3.459466e-01 3.898808e-01 4.525672e-01 4.666910e-01 4.933707e-01 6.238376e-01 6.649559e-01 8.873956e-01 9.135210e-01 9.664787e-01 
26 261 2.114589e-02 9.675972e-01 8.362088e-02 8.362088e-02 1.365228e-01 1.516060e-01 1.611722e-01 2.079259e-01 2.247587e-01 2.441412e-01 2.491057e-01 2.533822e-01 2.596665e-01 2.652729e-01 2.685247e-01 2.931351e-01 3.037635e-01 3.149864e-01 3.239701e-01 3.310319e-01 3.382290e-01 3.464921e-01 3.899982e-01 4.523228e-01 4.658687e-01 4.952771e-01 6.227115e-01 6.635820e-01 8.889319e-01 9.118437e-01 9.675972e-01 
27 271 2.080148e-02 9.655774e-01 8.347362e-02 8.347362e-02 1.362892e-01 1.518936e-01 1.609267e-01 2.076975e-01 2.246898e-01 2.438747e-01 2.491383e-01 2.529132e-01 2.596872e-01 2.649953e-01 2.686627e-01 2.929966e-01 3.030519e-01 3.143432e-01 3.236215e-01 3.305504e-01 3.376057e-01 3.460749e-01 3.895983e-01 4.516377e-01 4.662967e-01 4.987672e-01 6.225708e-01 6.621414e-01 8.881875e-01 9.101997e-01 9.655774e-01 
28 281 2.034798e-02 9.644040e-01 8.335792e-02 8.335792e-02 1.360294e-01 1.517033e-01 1.611899e-01 2.075508e-01 2.247325e-01 2.435216e-01 2.488269e-01 2.526328e-01 2.591464e-01 2.652943e-01 2.686758e-01 2.932664e-01 3.024384e-01 3.138279e-01 3.241629e-01 3.309554e-01 3.368296e-01 3.455152e-01 3.887358e-01 4.511752e-01 4.659626e-01 5.000214e-01 6.214309e-01 6.605391e-01 8.874397e-01 9.090283e-01 9.644040e-01 
29 291 1.967513e-02 9.628268e-01 8.315323e-02 8.315323e-02 1.359944e-01 1.516541e-01 1.611888e-01 2.074156e-01 2.246256e-01 2.432256e-01 2.483358e-01 2.524038e-01 2.587393e-01 2.648794e-01 2.686874e-01 2.936299e-01 3.018366e-01 3.152859e-01 3.238570e-01 3.310777e-01 3.364702e-01 3.461444e-01 3.886565e-01 4.502717e-01 4.657960e-01 5.008957e-01 6.207056e-01 6.592152e-01 8.862292e-01 9.072007e-01 9.628268e-01 
30 301 1.920736e-02 9.622055e-01 8.302902e-02 8.302902e-02 1.362633e-01 1.516879e-01 1.611467e-01 2.069127e-01 2.243325e-01 2.428592e-01 2.478524e-01 2.533511e-01 2.583964e-01 2.646961e-01 2.684756e-01 2.937450e-01 3.013377e-01 3.147958e-01 3.233516e-01 3.314919e-01 3.356605e-01 3.453831e-01 3.888279e-01 4.501624e-01 4.654929e-01 5.006082e-01 6.202424e-01 6.580490e-01 8.842314e-01 9.054144e-01 9.622055e-01 
31 311 1.877275e-02 9.598713e-01 8.281323e-02 8.281323e-02 1.361068e-01 1.519203e-01 1.608750e-01 2.077089e-01 2.242878e-01 2.426664e-01 2.473805e-01 2.528919e-01 2.582602e-01 2.646282e-01 2.701422e-01 2.937678e-01 3.006498e-01 3.143352e-01 3.231001e-01 3.313713e-01 3.349245e-01 3.457152e-01 3.885193e-01 4.506102e-01 4.653240e-01 5.001766e-01 6.212033e-01 6.569461e-01 8.825046e-01 9.052055e-01 9.598713e-01 
32 321 1.839993e-02 9.576234e-01 8.277426e-02 8.277426e-02 1.358044e-01 1.519327e-01 1.605107e-01 2.073022e-01 2.237582e-01 2.421951e-01 2.469020e-01 2.524682e-01 2.582902e-01 2.640442e-01 2.701035e-01 2.940846e-01 3.005494e-01 3.145117e-01 3.229941e-01 3.307744e-01 3.340938e-01 3.453549e-01 3.884773e-01 4.498891e-01 4.666628e-01 5.023635e-01 6.199287e-01 6.553457e-01 8.805475e-01 9.042538e-01 9.576234e-01 
33 331 1.831779e-02 9.574372e-01 8.264878e-02 8.264878e-02 1.362910e-01 1.530708e-01 1.605418e-01 2.072481e-01 2.232582e-01 2.421874e-01 2.463588e-01 2.518456e-01 2.580897e-01 2.639949e-01 2.697558e-01 2.945457e-01 3.001411e-01 3.150162e-01 3.225689e-01 3.300950e-01 3.337832e-01 3.451704e-01 3.881745e-01 4.490944e-01 4.675905e-01 5.022424e-01 6.191533e-01 6.537311e-01 8.792353e-01 9.031983e-01 9.574372e-01 
34 341 1.829548e-02 9.557554e-01 8.252884e-02 8.252884e-02 1.364742e-01 1.531042e-01 1.602828e-01 2.067846e-01 2.228935e-01 2.418535e-01 2.488508e-01 2.524009e-01 2.574578e-01 2.644025e-01 2.697723e-01 2.942848e-01 2.995801e-01 3.159003e-01 3.221011e-01 3.293652e-01 3.333302e-01 3.446745e-01 3.885083e-01 4.486607e-01 4.693678e-01 5.013695e-01 6.179920e-01 6.535926e-01 8.777899e-01 9.012414e-01 9.557554e-01 
35 351 1.794875e-02 9.550084e-01 8.241000e-02 8.241000e-02 1.367784e-01 1.529644e-01 1.602081e-01 2.065943e-01 2.226826e-01 2.414662e-01 2.492751e-01 2.523058e-01 2.570249e-01 2.645436e-01 2.696673e-01 2.942459e-01 2.990505e-01 3.162002e-01 3.215371e-01 3.292657e-01 3.325634e-01 3.443064e-01 3.893877e-01 4.477578e-01 4.688373e-01 5.024421e-01 6.163988e-01 6.526399e-01 8.787581e-01 9.003548e-01 9.550084e-01 
36 361 1.748137e-02 9.543152e-01 8.238852e-02 8.238852e-02 1.365654e-01 1.528729e-01 1.599980e-01 2.061709e-01 2.223491e-01 2.410166e-01 2.488411e-01 2.519209e-01 2.566786e-01 2.641527e-01 2.701592e-01 2.943151e-01 2.986591e-01 3.163507e-01 3.215045e-01 3.289566e-01 3.324302e-01 3.444620e-01 3.893113e-01 4.476598e-01 4.698722e-01 5.018360e-01 6.159012e-01 6.512365e-01 8.786008e-01 8.994881e-01 9.543152e-01 
37 371 1.702754e-02 9.524052e-01 8.222690e-02 8.222690e-02 1.366995e-01 1.526604e-01 1.596639e-01 2.062867e-01 2.222023e-01 2.407228e-01 2.482438e-01 2.519853e-01 2.567076e-01 2.640802e-01 2.696497e-01 2.939582e-01 2.980868e-01 3.170064e-01 3.212641e-01 3.292532e-01 3.325433e-01 3.452367e-01 3.896500e-01 4.478834e-01 4.698484e-01 5.023999e-01 6.156471e-01 6.498014e-01 8.777235e-01 8.977840e-01 9.524052e-01 
38 381 1.690496e-02 9.541305e-01 8.216565e-02 8.216565e-02 1.365602e-01 1.526208e-01 1.593925e-01 2.058640e-01 2.219088e-01 2.403138e-01 2.489203e-01 2.515962e-01 2.569292e-01 2.638005e-01 2.705575e-01 2.944887e-01 2.977613e-01 3.171536e-01 3.210365e-01 3.293846e-01 3.326448e-01 3.451091e-01 3.899301e-01 4.470542e-01 4.712314e-01 5.024339e-01 6.160594e-01 6.482079e-01 8.760817e-01 8.963822e-01 9.541305e-01 
39 391 1.708227e-02 9.529251e-01 8.225127e-02 8.225127e-02 1.363694e-01 1.524977e-01 1.589971e-01 2.055598e-01 2.221882e-01 2.397863e-01 2.488085e-01 2.529055e-01 2.570442e-01 2.633358e-01 2.704217e-01 2.943568e-01 2.975827e-01 3.167196e-01 3.219075e-01 3.289958e-01 3.333251e-01 3.445582e-01 3.912908e-01 4.469745e-01 4.716068e-01 5.022952e-01 6.150294e-01 6.467522e-01 8.744408e-01 8.970881e-01 9.529251e-01 
40 401 1.704616e-02 9.539908e-01 8.216294e-02 8.216294e-02 1.362198e-01 1.522273e-01 1.586855e-01 2.051060e-01 2.221299e-01 2.394056e-01 2.491309e-01 2.526767e-01 2.569655e-01 2.629812e-01 2.720368e-01 2.937574e-01 2.978967e-01 3.166814e-01 3.216702e-01 3.285508e-01 3.337304e-01 3.440972e-01 3.916101e-01 4.460961e-01 4.716431e-01 5.028452e-01 6.137163e-01 6.465177e-01 8.734060e-01 8.958120e-01 9.539908e-01 
41 411 1.697001e-02 9.539453e-01 8.202164e-02 8.202164e-02 1.362181e-01 1.520341e-01 1.587051e-01 2.056253e-01 2.222033e-01 2.388270e-01 2.486364e-01 2.522515e-01 2.568246e-01 2.631208e-01 2.720790e-01 2.931726e-01 2.980597e-01 3.173658e-01 3.214834e-01 3.284084e-01 3.350602e-01 3.443899e-01 3.912872e-01 4.458786e-01 4.724392e-01 5.016427e-01 6.128621e-01 6.450896e-01 8.720496e-01 8.946536e-01 9.539453e-01 
42 421 1.675106e-02 9.525698e-01 8.194171e-02 8.194171e-02 1.360719e-01 1.517380e-01 1.588751e-01 2.059486e-01 2.222373e-01 2.381770e-01 2.483741e-01 2.528993e-01 2.568132e-01 2.636486e-01 2.721076e-01 2.926203e-01 2.993004e-01 3.176089e-01 3.210664e-01 3.276821e-01 3.360677e-01 3.438922e-01 3.903958e-01 4.450394e-01 4.727092e-01 5.008113e-01 6.138960e-01 6.441005e-01 8.700195e-01 8.929073e-01 9.525698e-01 
43 431 1.688035e-02 9.547792e-01 8.184205e-02 8.184205e-02 1.359345e-01 1.515161e-01 1.585463e-01 2.065554e-01 2.220278e-01 2.377173e-01 2.477740e-01 2.523996e-01 2.562588e-01 2.635826e-01 2.727886e-01 2.919875e-01 2.996361e-01 3.169674e-01 3.210344e-01 3.278652e-01 3.383335e-01 3.435554e-01 3.897467e-01 4.444019e-01 4.726183e-01 5.002608e-01 6.139226e-01 6.434849e-01 8.697240e-01 8.905557e-01 9.547792e-01 
44 441 1.705977e-02 9.537735e-01 8.181367e-02 8.181367e-02 1.356582e-01 1.512664e-01 1.581943e-01 2.063179e-01 2.216746e-01 2.372953e-01 2.475278e-01 2.520771e-01 2.563460e-01 2.633142e-01 2.743356e-01 2.917847e-01 2.997988e-01 3.176581e-01 3.209540e-01 3.280748e-01 3.401721e-01 3.440671e-01 3.892830e-01 4.445268e-01 4.719442e-01 5.006910e-01 6.125552e-01 6.429707e-01 8.677681e-01 8.891099e-01 9.537735e-01 
45 451 1.671141e-02 9.535091e-01 8.193461e-02 8.193461e-02 1.355424e-01 1.510142e-01 1.580630e-01 2.061801e-01 2.215572e-01 2.367439e-01 2.471129e-01 2.517223e-01 2.563221e-01 2.631319e-01 2.752243e-01 2.912517e-01 2.995928e-01 3.170010e-01 3.203235e-01 3.276788e-01 3.406242e-01 3.446151e-01 3.889079e-01 4.443746e-01 4.722162e-01 5.007201e-01 6.117057e-01 6.415082e-01 8.658199e-01 8.881496e-01 9.535091e-01 
46 461 1.689014e-02 9.512410e-01 8.202229e-02 8.202229e-02 1.355933e-01 1.507912e-01 1.579912e-01 2.058946e-01 2.213587e-01 2.361351e-01 2.468990e-01 2.520016e-01 2.557737e-01 2.626546e-01 2.775549e-01 2.909112e-01 3.009934e-01 3.163520e-01 3.203888e-01 3.269655e-01 3.401484e-01 3.438510e-01 3.885828e-01 4.445862e-01 4.740255e-01 5.004307e-01 6.102167e-01 6.407997e-01 8.639276e-01 8.870072e-01 9.512410e-01 
47 471 1.715957e-02 9.513045e-01 8.196917e-02 8.196917e-02 1.355918e-01 1.507402e-01 1.577136e-01 2.055602e-01 2.213033e-01 2.357531e-01 2.464467e-01 2.523181e-01 2.562844e-01 2.628172e-01 2.778026e-01 2.908624e-01 3.018112e-01 3.155637e-01 3.213386e-01 3.271225e-01 3.394696e-01 3.436987e-01 3.879408e-01 4.439559e-01 4.761496e-01 5.032281e-01 6.088023e-01 6.396071e-01 8.621990e-01 8.857680e-01 9.513045e-01 
48 481 1.711461e-02 9.495001e-01 8.240529e-02 8.240529e-02 1.361749e-01 1.503897e-01 1.574620e-01 2.052671e-01 2.219110e-01 2.351709e-01 2.459393e-01 2.520852e-01 2.568313e-01 2.622093e-01 2.786175e-01 2.912223e-01 3.019852e-01 3.149693e-01 3.212253e-01 3.269611e-01 3.388838e-01 3.431013e-01 3.879087e-01 4.428069e-01 4.776358e-01 5.040009e-01 6.079521e-01 6.391188e-01 8.603051e-01 8.849181e-01 9.495001e-01 
49 491 1.742430e-02 9.471617e-01 8.262102e-02 8.262102e-02 1.361265e-01 1.511423e-01 1.571679e-01 2.049115e-01 2.221891e-01 2.349273e-01 2.457923e-01 2.518012e-01 2.567482e-01 2.620726e-01 2.786810e-01 2.917723e-01 3.034747e-01 3.148300e-01 3.233128e-01 3.270180e-01 3.383486e-01 3.425605e-01 3.878045e-01 4.420286e-01 4.789834e-01 5.039505e-01 6.071005e-01 6.375696e-01 8.603465e-01 8.836998e-01 9.471617e-01 
50 501 1.767471e-02 9.489479e-01 8.263987e-02 8.263987e-02 1.359038e-01 1.519388e-01 1.568968e-01 2.045083e-01 2.219950e-01 2.347401e-01 2.453074e-01 2.514360e-01 2.569121e-01 2.618044e-01 2.780376e-01 2.915623e-01 3.051207e-01 3.141103e-01 3.237296e-01 3.267499e-01 3.377344e-01 3.422332e-01 3.872798e-01 4.419532e-01 4.790788e-01 5.041413e-01 6.069132e-01 6.360585e-01 8.589813e-01 8.894986e-01 9.489479e-01 
51 511 1.799196e-02 9.475390e-01 8.270615e-02 8.270615e-02 1.357030e-01 1.521016e-01 1.567117e-01 2.041011e-01 2.217358e-01 2.343094e-01 2.451200e-01 2.511481e-01 2.574110e-01 2.623189e-01 2.781790e-01 2.918504e-01 3.053825e-01 3.136477e-01 3.244511e-01 3.265469e-01 3.371904e-01 3.413377e-01 3.867443e-01 4.427934e-01 4.790041e-01 5.046668e-01 6.059338e-01 6.350893e-01 8.589817e-01 8.905845e-01 9.475390e-01 
52 521 1.823741e-02 9.453987e-01 8.274915e-02 8.274915e-02 1.357158e-01 1.522739e-01 1.564664e-01 2.039880e-01 2.213092e-01 2.346375e-01 2.447100e-01 2.506381e-01 2.571694e-01 2.620954e-01 2.775430e-01 2.931156e-01 3.063445e-01 3.129576e-01 3.244729e-01 3.264566e-01 3.380554e-01 3.406247e-01 3.862757e-01 4.436560e-01 4.789197e-01 5.043876e-01 6.058166e-01 6.352200e-01 8.577165e-01 8.897975e-01 9.453987e-01 
53 531 1.799376e-02 9.435620e-01 8.265054e-02 8.265054e-02 1.355325e-01 1.523236e-01 1.564247e-01 2.044051e-01 2.219211e-01 2.346928e-01 2.444627e-01 2.503150e-01 2.575248e-01 2.617055e-01 2.769138e-01 2.931706e-01 3.073709e-01 3.125391e-01 3.239631e-01 3.261045e-01 3.380823e-01 3.398987e-01 3.861645e-01 4.429115e-01 4.780734e-01 5.037822e-01 6.053588e-01 6.344620e-01 8.578275e-01 8.889750e-01 9.435620e-01 
54 541 1.749380e-02 9.417782e-01 8.259246e-02 8.259246e-02 1.353156e-01 1.521428e-01 1.562689e-01 2.046785e-01 2.219811e-01 2.345379e-01 2.445912e-01 2.498527e-01 2.578757e-01 2.613880e-01 2.764374e-01 2.926149e-01 3.073557e-01 3.122017e-01 3.234102e-01 3.254903e-01 3.376049e-01 3.393299e-01 3.854044e-01 4.419684e-01 4.777487e-01 5.031651e-01 6.044191e-01 6.335836e-01 8.582185e-01 8.892229e-01 9.417782e-01 
55 551 1.700274e-02 9.423138e-01 8.258453e-02 8.258453e-02 1.351771e-01 1.519611e-01 1.559433e-01 2.053502e-01 2.216700e-01 2.342786e-01 2.448219e-01 2.495407e-01 2.581370e-01 2.616628e-01 2.760934e-01 2.922900e-01 3.075649e-01 3.121732e-01 3.230867e-01 3.254889e-01 3.369510e-01 3.387173e-01 3.847350e-01 4.416691e-01 4.769493e-01 5.031497e-01 6.049190e-01 6.332689e-01 8.575726e-01 8.877702e-01 9.423138e-01 
56 561 1.652149e-02 9.402198e-01 8.255905e-02 8.255905e-02 1.349410e-01 1.517618e-01 1.557875e-01 2.060056e-01 2.218074e-01 2.337434e-01 2.446139e-01 2.494626e-01 2.577057e-01 2.615577e-01 2.767578e-01 2.919933e-01 3.073718e-01 3.118348e-01 3.228931e-01 3.248845e-01 3.366418e-01 3.383777e-01 3.855802e-01 4.406897e-01 4.767256e-01 5.027595e-01 6.046873e-01 6.334556e-01 8.577109e-01 8.859513e-01 9.402198e-01 
57 571 1.593268e-02 9.393186e-01 8.239003e-02 8.239003e-02 1.348215e-01 1.516167e-01 1.555816e-01 2.060352e-01 2.219862e-01 2.342608e-01 2.442741e-01 2.489979e-01 2.571797e-01 2.615723e-01 2.771943e-01 2.918360e-01 3.069167e-01 3.125564e-01 3.223357e-01 3.251400e-01 3.357832e-01 3.380809e-01 3.852098e-01 4.397354e-01 4.767574e-01 5.030716e-01 6.042393e-01 6.322732e-01 8.556985e-01 8.849345e-01 9.393186e-01 
58 581 1.554784e-02 9.378557e-01 8.228370e-02 8.228370e-02 1.347965e-01 1.513370e-01 1.554851e-01 2.065748e-01 2.215437e-01 2.344767e-01 2.438707e-01 2.485794e-01 2.566020e-01 2.610367e-01 2.772364e-01 2.914295e-01 3.065116e-01 3.119046e-01 3.221988e-01 3.250270e-01 3.356858e-01 3.377481e-01 3.844277e-01 4.401967e-01 4.759062e-01 5.027083e-01 6.047713e-01 6.309384e-01 8.573239e-01 8.833585e-01 9.378557e-01 
59 591 1.561987e-02 9.357843e-01 8.216377e-02 8.216377e-02 1.345982e-01 1.510772e-01 1.556724e-01 2.071026e-01 2.211992e-01 2.351629e-01 2.435417e-01 2.488482e-01 2.560262e-01 2.611089e-01 2.768534e-01 2.912557e-01 3.069410e-01 3.112631e-01 3.218132e-01 3.256655e-01 3.350795e-01 3.385148e-01 3.841053e-01 4.403376e-01 4.751667e-01 5.026885e-01 6.043464e-01 6.293810e-01 8.597357e-01 8.817817e-01 9.357843e-01 
60 601 1.579080e-02 9.340566e-01 8.202667e-02 8.202667e-02 1.346277e-01 1.508697e-01 1.560925e-01 2.075608e-01 2.211379e-01 2.359788e-01 2.433546e-01 2.483098e-01 2.559773e-01 2.608998e-01 2.761753e-01 2.910658e-01 3.064613e-01 3.105600e-01 3.211073e-01 3.252195e-01 3.343126e-01 3.390490e-01 3.847552e-01 4.410477e-01 4.755254e-01 5.025829e-01 6.085058e-01 6.281001e-01 8.590415e-01 8.807907e-01 9.340566e-01 
61 611 1.598982e-02 9.344509e-01 8.185767e-02 8.185767e-02 1.352722e-01 1.504815e-01 1.562628e-01 2.076148e-01 2.214707e-01 2.359935e-01 2.431298e-01 2.479714e-01 2.565755e-01 2.614893e-01 2.759840e-01 2.904943e-01 3.067220e-01 3.107986e-01 3.203579e-01 3.249013e-01 3.336662e-01 3.436827e-01 3.840994e-01 4.418610e-01 4.748046e-01 5.025767e-01 6.084608e-01 6.267357e-01 8.585300e-01 8.818219e-01 9.344509e-01 
62 621 1.608142e-02 9.374797e-01 8.173226e-02 8.173226e-02 1.354832e-01 1.503334e-01 1.560491e-01 2.080298e-01 2.218160e-01 2.366340e-01 2.433536e-01 2.476078e-01 2.564479e-01 2.612714e-01 2.754531e-01 2.897790e-01 3.064407e-01 3.101337e-01 3.206340e-01 3.245019e-01 3.329286e-01 3.450644e-01 3.834752e-01 4.424975e-01 4.738483e-01 5.020322e-01 6.078949e-01 6.259229e-01 8.572999e-01 8.817935e-01 9.374797e-01 
63 631 1.592439e-02 9.374045e-01 8.178947e-02 8.178947e-02 1.354342e-01 1.505056e-01 1.557185e-01 2.080887e-01 2.217353e-01 2.367259e-01 2.430425e-01 2.471470e-01 2.561289e-01 2.610828e-01 2.758669e-01 2.894823e-01 3.068647e-01 3.093329e-01 3.200029e-01 3.239280e-01 3.325330e-01 3.462877e-01 3.825725e-01 4.422735e-01 4.729807e-01 5.013643e-01 6.077683e-01 6.247423e-01 8.573020e-01 8.809983e-01 9.374045e-01 
64 641 1.566865e-02 9.369989e-01 8.173624e-02 8.173624e-02 1.355121e-01 1.502156e-01 1.555544e-01 2.077928e-01 2.213570e-01 2.364951e-01 2.426881e-01 2.472305e-01 2.556536e-01 2.608728e-01 2.758992e-01 2.890980e-01 3.073575e-01 3.086814e-01 3.212220e-01 3.236141e-01 3.328658e-01 3.470510e-01 3.821797e-01 4.436518e-01 4.723295e-01 5.002978e-01 6.062477e-01 6.234570e-01 8.556726e-01 8.812730e-01 9.369989e-01 
65 651 1.550768e-02 9.363091e-01 8.156514e-02 8.156514e-02 1.354295e-01 1.499575e-01 1.553438e-01 2.079256e-01 2.212578e-01 2.360476e-01 2.427529e-01 2.468305e-01 2.556664e-01 2.608428e-01 2.753545e-01 2.885099e-01 3.072417e-01 3.089838e-01 3.207412e-01 3.236166e-01 3.323584e-01 3.473579e-01 3.813593e-01 4.458904e-01 4.717595e-01 5.002442e-01 6.047903e-01 6.222600e-01 8.549200e-01 8.791281e-01 9.363091e-01 
66 661 1.512424e-02 9.339998e-01 8.177553e-02 8.177553e-02 1.352243e-01 1.499913e-01 1.553834e-01 2.077311e-01 2.208704e-01 2.355691e-01 2.434419e-01 2.463568e-01 2.553230e-01 2.605698e-01 2.750457e-01 2.877587e-01 3.070915e-01 3.093620e-01 3.200236e-01 3.232282e-01 3.323361e-01 3.472155e-01 3.805710e-01 4.470004e-01 4.720736e-01 4.988632e-01 6.037005e-01 6.216544e-01 8.534257e-01 8.774790e-01 9.339998e-01 
67 671 1.470214e-02 9.320338e-01 8.172194e-02 8.172194e-02 1.349694e-01 1.497277e-01 1.552229e-01 2.073843e-01 2.208161e-01 2.350064e-01 2.429403e-01 2.461064e-01 2.549658e-01 2.600102e-01 2.747008e-01 2.873223e-01 3.073815e-01 3.092654e-01 3.192530e-01 3.227949e-01 3.318965e-01 3.468217e-01 3.801650e-01 4.492061e-01 4.722274e-01 5.011889e-01 6.028482e-01 6.206100e-01 8.520442e-01 8.754056e-01 9.320338e-01 
68 681 1.420351e-02 9.299477e-01 8.168006e-02 8.168006e-02 1.346778e-01 1.494737e-01 1.549103e-01 2.068866e-01 2.205995e-01 2.344010e-01 2.426191e-01 2.462537e-01 2.543748e-01 2.594424e-01 2.741660e-01 2.869338e-01 3.073676e-01 3.092807e-01 3.187530e-01 3.224448e-01 3.309992e-01 3.463843e-01 3.793161e-01 4.509326e-01 4.715467e-01 5.013230e-01 6.017640e-01 6.191175e-01 8.509381e-01 8.739420e-01 9.299477e-01 
69 691 1.383706e-02 9.276255e-01 8.160913e-02 8.160913e-02 1.345051e-01 1.492070e-01 1.545802e-01 2.066516e-01 2.204125e-01 2.338859e-01 2.421837e-01 2.458968e-01 2.539842e-01 2.588574e-01 2.734778e-01 2.863051e-01 3.074101e-01 3.092743e-01 3.182643e-01 3.222274e-01 3.317523e-01 3.455313e-01 3.790046e-01 4.517705e-01 4.734322e-01 5.020021e-01 6.016816e-01 6.187894e-01 8.494450e-01 8.719187e-01 9.276255e-01 
70 701 1.370643e-02 9.267090e-01 8.142878e-02 8.142878e-02 1.343871e-01 1.492753e-01 1.542803e-01 2.063805e-01 2.204428e-01 2.334119e-01 2.431999e-01 2.455847e-01 2.534377e-01 2.583991e-01 2.734578e-01 2.858362e-01 3.067943e-01 3.090018e-01 3.177572e-01 3.215067e-01 3.314707e-01 3.449646e-01 3.783087e-01 4.512370e-01 4.756531e-01 5.060945e-01 6.015270e-01 6.178382e-01 8.515671e-01 8.704857e-01 9.267090e-01 
71 711 1.338179e-02 9.245486e-01 8.139074e-02 8.139074e-02 1.341399e-01 1.490347e-01 1.539621e-01 2.059365e-01 2.201829e-01 2.332349e-01 2.430154e-01 2.459938e-01 2.532436e-01 2.580264e-01 2.729305e-01 2.859153e-01 3.064275e-01 3.086171e-01 3.172253e-01 3.211000e-01 3.310236e-01 3.443837e-01 3.778484e-01 4.506444e-01 4.760011e-01 5.107535e-01 6.007866e-01 6.169741e-01 8.494862e-01 8.690596e-01 9.245486e-01 
72 721 1.301277e-02 9.238520e-01 8.125306e-02 8.125306e-02 1.341950e-01 1.490191e-01 1.536182e-01 2.055510e-01 2.199619e-01 2.327961e-01 2.429610e-01 2.462181e-01 2.529070e-01 2.575205e-01 2.740577e-01 2.854343e-01 3.063298e-01 3.084598e-01 3.165602e-01 3.208142e-01 3.306060e-01 3.435614e-01 3.768942e-01 4.499774e-01 4.756244e-01 5.122833e-01 5.999062e-01 6.163641e-01 8.480197e-01 8.678634e-01 9.238520e-01 
73 731 1.290880e-02 9.223372e-01 8.117270e-02 8.117270e-02 1.346884e-01 1.488833e-01 1.533097e-01 2.055932e-01 2.196217e-01 2.329949e-01 2.425112e-01 2.458885e-01 2.534890e-01 2.569600e-01 2.742623e-01 2.850109e-01 3.059662e-01 3.079653e-01 3.164406e-01 3.202605e-01 3.307547e-01 3.431998e-01 3.772640e-01 4.492216e-01 4.749819e-01 5.139426e-01 6.033939e-01 6.150672e-01 8.460962e-01 8.681279e-01 9.223372e-01 
74 741 1.262278e-02 9.202105e-01 8.098051e-02 8.098051e-02 1.347603e-01 1.490015e-01 1.529607e-01 2.051102e-01 2.199544e-01 2.326797e-01 2.423552e-01 2.454904e-01 2.531032e-01 2.565016e-01 2.737002e-01 2.847000e-01 3.064476e-01 3.075220e-01 3.157627e-01 3.202661e-01 3.305242e-01 3.434535e-01 3.767205e-01 4.487051e-01 4.744315e-01 5.145493e-01 6.040777e-01 6.145010e-01 8.443395e-01 8.670712e-01 9.202105e-01 
75 751 1.242360e-02 9.202529e-01 8.080723e-02 8.080723e-02 1.346071e-01 1.488331e-01 1.527137e-01 2.045716e-01 2.197116e-01 2.321857e-01 2.420071e-01 2.450548e-01 2.528038e-01 2.562755e-01 2.736324e-01 2.843251e-01 3.064357e-01 3.068725e-01 3.150843e-01 3.199961e-01 3.299448e-01 3.432433e-01 3.757907e-01 4.481887e-01 4.739900e-01 5.149434e-01 6.081206e-01 6.144688e-01 8.429410e-01 8.663714e-01 9.202529e-01 
76 761 1.218940e-02 9.183336e-01 8.064303e-02 8.064303e-02 1.343672e-01 1.485221e-01 1.525496e-01 2.043086e-01 2.195105e-01 2.316264e-01 2.415131e-01 2.448468e-01 2.537945e-01 2.556337e-01 2.730167e-01 2.837895e-01 3.060400e-01 3.071295e-01 3.155273e-01 3.196090e-01 3.291724e-01 3.426975e-01 3.760655e-01 4.474467e-01 4.742952e-01 5.144190e-01 6.112941e-01 6.140337e-01 8.415950e-01 8.652881e-01 9.183336e-01 
77 771 1.196208e-02 9.165332e-01 8.079265e-02 8.079265e-02 1.342965e-01 1.482024e-01 1.521655e-01 2.039147e-01 2.191706e-01 2.312251e-01 2.412470e-01 2.443244e-01 2.538338e-01 2.557975e-01 2.727378e-01 2.834621e-01 3.055022e-01 3.065204e-01 3.155481e-01 3.191428e-01 3.285302e-01 3.427947e-01 3.756351e-01 4.465910e-01 4.735718e-01 5.160629e-01 6.117654e-01 6.142702e-01 8.395396e-01 8.636438e-01 9.165332e-01 
78 781 1.174228e-02 9.151748e-01 8.093491e-02 8.093491e-02 1.345816e-01 1.479425e-01 1.518511e-01 2.036521e-01 2.189687e-01 2.309716e-01 2.409553e-01 2.436663e-01 2.539515e-01 2.552995e-01 2.726659e-01 2.828569e-01 3.050696e-01 3.062448e-01 3.153474e-01 3.184700e-01 3.284240e-01 3.434792e-01 3.755836e-01 4.458542e-01 4.734887e-01 5.173292e-01 6.105487e-01 6.146620e-01 8.376365e-01 8.625300e-01 9.151748e-01 
79 791 1.156283e-02 9.150174e-01 8.082750e-02 8.082750e-02 1.345673e-01 1.478294e-01 1.522870e-01 2.033179e-01 2.187294e-01 2.308713e-01 2.406935e-01 2.431724e-01 2.536563e-01 2.548973e-01 2.721920e-01 2.824142e-01 3.049522e-01 3.065790e-01 3.152895e-01 3.181018e-01 3.282295e-01 3.434881e-01 3.758218e-01 4.446971e-01 4.729783e-01 5.204789e-01 6.096434e-01 6.147251e-01 8.353769e-01 8.638559e-01 9.150174e-01 
80 801 1.163305e-02 9.133333e-01 8.070391e-02 8.070391e-02 1.346184e-01 1.475952e-01 1.525548e-01 2.032968e-01 2.183097e-01 2.306086e-01 2.403596e-01 2.437347e-01 2.532577e-01 2.547697e-01 2.721585e-01 2.821657e-01 3.043169e-01 3.064883e-01 3.160971e-01 3.182518e-01 3.278667e-01 3.454707e-01 3.758120e-01 4.444641e-01 4.740046e-01 5.248807e-01 6.081887e-01 6.147593e-01 8.355825e-01 8.621611e-01 9.133333e-01 
81 811 1.169151e-02 9.147962e-01 8.056311e-02 8.056311e-02 1.346213e-01 1.475520e-01 1.524584e-01 2.029401e-01 2.183453e-01 2.301762e-01 2.398256e-01 2.442540e-01 2.527528e-01 2.544706e-01 2.716328e-01 2.815558e-01 3.058656e-01 3.064975e-01 3.156528e-01 3.176684e-01 3.274019e-01 3.454141e-01 3.752949e-01 4.441000e-01 4.750939e-01 5.285072e-01 6.077086e-01 6.137926e-01 8.339710e-01 8.624893e-01 9.147962e-01 
82 821 1.209262e-02 9.145993e-01 8.065394e-02 8.065394e-02 1.343579e-01 1.483615e-01 1.521116e-01 2.030847e-01 2.180616e-01 2.302932e-01 2.395728e-01 2.446306e-01 2.522623e-01 2.539292e-01 2.712015e-01 2.811530e-01 3.055606e-01 3.068375e-01 3.158369e-01 3.175443e-01 3.272457e-01 3.456882e-01 3.751107e-01 4.435936e-01 4.764304e-01 5.355971e-01 6.065306e-01 6.136216e-01 8.321065e-01 8.611665e-01 9.145993e-01 
83 831 1.237633e-02 9.136225e-01 8.062511e-02 8.062511e-02 1.342004e-01 1.483527e-01 1.517782e-01 2.030991e-01 2.178923e-01 2.297644e-01 2.394219e-01 2.440657e-01 2.529628e-01 2.536653e-01 2.710338e-01 2.810225e-01 3.047434e-01 3.070958e-01 3.151468e-01 3.173665e-01 3.266045e-01 3.457177e-01 3.750776e-01 4.434313e-01 4.776204e-01 5.395288e-01 6.064844e-01 6.127783e-01 8.301140e-01 8.626474e-01 9.136225e-01 
84 841 1.244800e-02 9.134335e-01 8.072757e-02 8.072757e-02 1.342999e-01 1.482175e-01 1.514828e-01 2.029471e-01 2.177531e-01 2.291983e-01 2.390871e-01 2.437020e-01 2.526638e-01 2.533623e-01 2.707065e-01 2.810626e-01 3.041268e-01 3.071381e-01 3.148080e-01 3.167367e-01 3.257901e-01 3.460612e-01 3.750927e-01 4.429712e-01 4.779801e-01 5.429613e-01 6.060554e-01 6.124694e-01 8.281694e-01 8.614440e-01 9.134335e-01 
85 851 1.237183e-02 9.143706e-01 8.059460e-02 8.059460e-02 1.344847e-01 1.478782e-01 1.512165e-01 2.027368e-01 2.182638e-01 2.289335e-01 2.385721e-01 2.436204e-01 2.526664e-01 2.529010e-01 2.702472e-01 2.806973e-01 3.041918e-01 3.071871e-01 3.140270e-01 3.161650e-01 3.261143e-01 3.462705e-01 3.747450e-01 4.421239e-01 4.783557e-01 5.456745e-01 6.056025e-01 6.112501e-01 8.267549e-01 8.605137e-01 9.143706e-01 
86 861 1.217686e-02 9.155994e-01 8.041227e-02 8.041227e-02 1.341463e-01 1.476027e-01 1.514201e-01 2.028185e-01 2.181636e-01 2.285081e-01 2.380336e-01 2.432356e-01 2.521010e-01 2.527047e-01 2.702427e-01 2.804362e-01 3.039363e-01 3.066801e-01 3.133299e-01 3.155830e-01 3.264350e-01 3.468300e-01 3.743983e-01 4.411990e-01 4.780422e-01 5.477226e-01 6.046523e-01 6.103478e-01 8.248526e-01 8.587419e-01 9.155994e-01 
87 871 1.209372e-02 9.145758e-01 8.032243e-02 8.032243e-02 1.340783e-01 1.472795e-01 1.512816e-01 2.027077e-01 2.182518e-01 2.284176e-01 2.378033e-01 2.431546e-01 2.515723e-01 2.523311e-01 2.702020e-01 2.811578e-01 3.033103e-01 3.062954e-01 3.126009e-01 3.151052e-01 3.259116e-01 3.469451e-01 3.737582e-01 4.426940e-01 4.782207e-01 5.490585e-01 6.040049e-01 6.094823e-01 8.230842e-01 8.577851e-01 9.145758e-01 
88 881 1.212995e-02 9.129384e-01 8.014028e-02 8.014028e-02 1.338766e-01 1.471716e-01 1.531081e-01 2.030819e-01 2.178524e-01 2.279559e-01 2.376046e-01 2.425207e-01 2.512876e-01 2.523167e-01 2.698406e-01 2.811149e-01 3.029068e-01 3.066060e-01 3.123968e-01 3.150358e-01 3.256212e-01 3.466991e-01 3.734226e-01 4.431116e-01 4.776143e-01 5.493747e-01 6.031062e-01 6.095452e-01 8.244609e-01 8.565191e-01 9.129384e-01 
89 891 1.202878e-02 9.114470e-01 8.004702e-02 8.004702e-02 1.336433e-01 1.469674e-01 1.533836e-01 2.030663e-01 2.174608e-01 2.276735e-01 2.371116e-01 2.420630e-01 2.505967e-01 2.523683e-01 2.692834e-01 2.811185e-01 3.023477e-01 3.061126e-01 3.131802e-01 3.152419e-01 3.249209e-01 3.462358e-01 3.729357e-01 4.431965e-01 4.795191e-01 5.506202e-01 6.026167e-01 6.085169e-01 8.234081e-01 8.555027e-01 9.114470e-01 
90 901 1.203626e-02 9.119406e-01 7.993790e-02 7.993790e-02 1.335013e-01 1.466942e-01 1.538209e-01 2.026023e-01 2.175981e-01 2.274005e-01 2.371367e-01 2.415131e-01 2.500434e-01 2.524532e-01 2.691649e-01 2.808687e-01 3.023563e-01 3.054109e-01 3.131551e-01 3.162760e-01 3.241181e-01 3.456342e-01 3.734954e-01 4.436480e-01 4.805144e-01 5.494272e-01 6.012817e-01 6.080722e-01 8.219316e-01 8.575746e-01 9.119406e-01 
91 911 1.201945e-02 9.101998e-01 7.979384e-02 7.979384e-02 1.333216e-01 1.463173e-01 1.543238e-01 2.029960e-01 2.176324e-01 2.269031e-01 2.370504e-01 2.409877e-01 2.494195e-01 2.519293e-01 2.692164e-01 2.807080e-01 3.016346e-01 3.047245e-01 3.127589e-01 3.173654e-01 3.236531e-01 3.456566e-01 3.734141e-01 4.434925e-01 4.823215e-01 5.501037e-01 6.000531e-01 6.071278e-01 8.198373e-01 8.565820e-01 9.101998e-01 
92 921 1.181526e-02 9.120938e-01 7.960419e-02 7.960419e-02 1.331983e-01 1.464871e-01 1.544593e-01 2.028070e-01 2.176856e-01 2.264349e-01 2.368082e-01 2.411146e-01 2.489413e-01 2.513032e-01 2.693416e-01 2.806364e-01 3.010408e-01 3.047665e-01 3.120603e-01 3.178795e-01 3.234488e-01 3.448925e-01 3.743641e-01 4.431287e-01 4.830410e-01 5.497152e-01 5.990295e-01 6.067316e-01 8.185642e-01 8.555231e-01 9.120938e-01 
93 931 1.165743e-02 9.104597e-01 7.952863e-02 7.952863e-02 1.329173e-01 1.465932e-01 1.552044e-01 2.031240e-01 2.176429e-01 2.271350e-01 2.367955e-01 2.410789e-01 2.492221e-01 2.506935e-01 2.688706e-01 2.804533e-01 3.009258e-01 3.042879e-01 3.113932e-01 3.182151e-01 3.228564e-01 3.444619e-01 3.736094e-01 4.428109e-01 4.828631e-01 5.496237e-01 5.991156e-01 6.079541e-01 8.195152e-01 8.542966e-01 9.104597e-01 
94 941 1.151283e-02 9.086817e-01 7.953768e-02 7.953768e-02 1.327890e-01 1.463844e-01 1.551386e-01 2.028061e-01 2.172602e-01 2.271194e-01 2.365418e-01 2.408500e-01 2.491322e-01 2.505712e-01 2.692837e-01 2.800716e-01 3.008240e-01 3.037508e-01 3.112874e-01 3.179041e-01 3.221003e-01 3.440074e-01 3.738109e-01 4.428225e-01 4.821937e-01 5.488908e-01 5.978740e-01 6.107582e-01 8.212580e-01 8.527776e-01 9.086817e-01 
95 951 1.141116e-02 9.070235e-01 7.949097e-02 7.949097e-02 1.326389e-01 1.461070e-01 1.565870e-01 2.023752e-01 2.167385e-01 2.272042e-01 2.359078e-01 2.402681e-01 2.491397e-01 2.500615e-01 2.693840e-01 2.803721e-01 3.003142e-01 3.032621e-01 3.106798e-01 3.173669e-01 3.218214e-01 3.435314e-01 3.733587e-01 4.426427e-01 4.837809e-01 5.478069e-01 5.965863e-01 6.125880e-01 8.204403e-01 8.523653e-01 9.070235e-01 
96 961 1.102345e-02 9.047622e-01 7.936747e-02 7.936747e-02 1.324524e-01 1.467913e-01 1.567238e-01 2.021179e-01 2.166672e-01 2.268374e-01 2.357049e-01 2.400239e-01 2.486674e-01 2.500527e-01 2.687900e-01 2.802577e-01 2.996951e-01 3.026072e-01 3.103264e-01 3.169319e-01 3.216199e-01 3.429837e-01 3.739371e-01 4.415502e-01 4.841800e-01 5.490900e-01 5.955848e-01 6.129131e-01 8.200890e-01 8.509448e-01 9.047622e-01 
97 971 1.065939e-02 9.028068e-01 7.921919e-02 7.921919e-02 1.325287e-01 1.468295e-01 1.566997e-01 2.016626e-01 2.165904e-01 2.263651e-01 2.359152e-01 2.399478e-01 2.480928e-01 2.515575e-01 2.685630e-01 2.803031e-01 2.991410e-01 3.020317e-01 3.099619e-01 3.167223e-01 3.209689e-01 3.421911e-01 3.735080e-01 4.406016e-01 4.840736e-01 5.485260e-01 5.948952e-01 6.125305e-01 8.189697e-01 8.502146e-01 9.028068e-01 
98 981 1.041082e-02 9.032211e-01 7.927207e-02 7.927207e-02 1.325408e-01 1.470622e-01 1.569654e-01 2.013104e-01 2.161399e-01 2.259267e-01 2.367267e-01 2.393958e-01 2.475963e-01 2.515938e-01 2.680997e-01 2.802368e-01 2.991692e-01 3.018407e-01 3.095980e-01 3.173780e-01 3.207199e-01 3.414543e-01 3.729087e-01 4.400411e-01 4.840354e-01 5.493192e-01 5.939841e-01 6.119350e-01 8.177974e-01 8.509953e-01 9.032211e-01 
99 991 1.025624e-02 9.012857e-01 7.921512e-02 7.921512e-02 1.325213e-01 1.475813e-01 1.568499e-01 2.008489e-01 2.156409e-01 2.254562e-01 2.371852e-01 2.388184e-01 2.477757e-01 2.518966e-01 2.680466e-01 2.800410e-01 2.987307e-01 3.019430e-01 3.091243e-01 3.176397e-01 3.204261e-01 3.411938e-01 3.722617e-01 4.394379e-01 4.865428e-01 5.486284e-01 5.938300e-01 6.107924e-01 8.168749e-01 8.504426e-01 9.012857e-01 
100 1001 1.022319e-02 8.993991e-01 7.920799e-02 7.920799e-02 1.324762e-01 1.474757e-01 1.565662e-01 2.004353e-01 2.152515e-01 2.254245e-01 2.379646e-01 2.390122e-01 2.473121e-01 2.515594e-01 2.680970e-01 2.799504e-01 2.984266e-01 3.025134e-01 3.084938e-01 3.176024e-01 3.201463e-01 3.405021e-01 3.716217e-01 4.383874e-01 4.900321e-01 5.475595e-01 5.928931e-01 6.094306e-01 8.164124e-01 8.502237e-01 8.993991e-01 
101 1011 1.015533e-02 8.985695e-01 7.912731e-02 7.912731e-02 1.322185e-01 1.473536e-01 1.562821e-01 2.001457e-01 2.149537e-01 2.248972e-01 2.383328e-01 2.396453e-01 2.470813e-01 2.518071e-01 2.677015e-01 2.794885e-01 2.977314e-01 3.018037e-01 3.079397e-01 3.193519e-01 3.195310e-01 3.396296e-01 3.710796e-01 4.375366e-01 4.924889e-01 5.465565e-01 5.919670e-01 6.081869e-01 8.145751e-01 8.490302e-01 8.985695e-01 
102 1021 1.003013e-02 8.978051e-01 7.908124e-02 7.908124e-02 1.319921e-01 1.470705e-01 1.559129e-01 1.999071e-01 2.150258e-01 2.245214e-01 2.386429e-01 2.392810e-01 2.468094e-01 2.516522e-01 2.674679e-01 2.791043e-01 2.975414e-01 3.018563e-01 3.076122e-01 3.192564e-01 3.197043e-01 3.391716e-01 3.705173e-01 4.370971e-01 4.946153e-01 5.471889e-01 5.911699e-01 6.101159e-01 8.132331e-01 8.487026e-01 8.978051e-01 
103 1031 9.947997e-03 8.964108e-01 7.909946e-02 7.909946e-02 1.317931e-01 1.466938e-01 1.556553e-01 1.995089e-01 2.146542e-01 2.241246e-01 2.385340e-01 2.398928e-01 2.465097e-01 2.514394e-01 2.674932e-01 2.784144e-01 2.984725e-01 3.016409e-01 3.077572e-01 3.188468e-01 3.220121e-01 3.396219e-01 3.698662e-01 4.364593e-01 4.966322e-01 5.470595e-01 5.901187e-01 6.096793e-01 8.116891e-01 8.471169e-01 8.964108e-01 
104 1041 9.838739e-03 8.947086e-01 7.896104e-02 7.896104e-02 1.315897e-01 1.468174e-01 1.553745e-01 1.992027e-01 2.142166e-01 2.242562e-01 2.390607e-01 2.399751e-01 2.463310e-01 2.513049e-01 2.673640e-01 2.778574e-01 2.979418e-01 3.014361e-01 3.071580e-01 3.192175e-01 3.232111e-01 3.391185e-01 3.699619e-01 4.360240e-01 4.971363e-01 5.461760e-01 5.888130e-01 6.084668e-01 8.111001e-01 8.457011e-01 8.947086e-01 
105 1051 9.693072e-03 8.942640e-01 7.876638e-02 7.876638e-02 1.313314e-01 1.465746e-01 1.550378e-01 1.987968e-01 2.136887e-01 2.242810e-01 2.389695e-01 2.399514e-01 2.468404e-01 2.511078e-01 2.669275e-01 2.774707e-01 2.976549e-01 3.038554e-01 3.064807e-01 3.184971e-01 3.238641e-01 3.392197e-01 3.711291e-01 4.351195e-01 4.985498e-01 5.467461e-01 5.874018e-01 6.080583e-01 8.101495e-01 8.434226e-01 8.942640e-01 
106 1061 9.512795e-03 8.928705e-01 7.858398e-02 7.858398e-02 1.311553e-01 1.464735e-01 1.547563e-01 1.987559e-01 2.134392e-01 2.238535e-01 2.387009e-01 2.397306e-01 2.468978e-01 2.517105e-01 2.673176e-01 2.767560e-01 2.970062e-01 3.036078e-01 3.059725e-01 3.184644e-01 3.240100e-01 3.388729e-01 3.725087e-01 4.349514e-01 4.975011e-01 5.458489e-01 5.867469e-01 6.070213e-01 8.114441e-01 8.442100e-01 8.928705e-01 
107 1071 9.240494e-03 8.908239e-01 7.845800e-02 7.845800e-02 1.311564e-01 1.463023e-01 1.552825e-01 1.985769e-01 2.129343e-01 2.235767e-01 2.380837e-01 2.396489e-01 2.475477e-01 2.514059e-01 2.671738e-01 2.762952e-01 2.967756e-01 3.032944e-01 3.061840e-01 3.177610e-01 3.239399e-01 3.385221e-01 3.725012e-01 4.348721e-01 4.973319e-01 5.450405e-01 5.860616e-01 6.063740e-01 8.114723e-01 8.420773e-01 8.908239e-01 
108 1081 8.936292e-03 8.905505e-01 7.841526e-02 7.841526e-02 1.308268e-01 1.460870e-01 1.553865e-01 1.981925e-01 2.128860e-01 2.235574e-01 2.382575e-01 2.395708e-01 2.479208e-01 2.514061e-01 2.674155e-01 2.764761e-01 2.968011e-01 3.028403e-01 3.055329e-01 3.173755e-01 3.238482e-01 3.384083e-01 3.721311e-01 4.343234e-01 4.967465e-01 5.445203e-01 5.853852e-01 6.049571e-01 8.105025e-01 8.430079e-01 8.905505e-01 
109 1091 8.675771e-03 8.888884e-01 7.845991e-02 7.845991e-02 1.312483e-01 1.459977e-01 1.554696e-01 1.977171e-01 2.137826e-01 2.232224e-01 2.377849e-01 2.395555e-01 2.477534e-01 2.516288e-01 2.670125e-01 2.769934e-01 2.965583e-01 3.024674e-01 3.049958e-01 3.166960e-01 3.239949e-01 3.384565e-01 3.719183e-01 4.348289e-01 4.958190e-01 5.432361e-01 5.843428e-01 6.041807e-01 8.100487e-01 8.413740e-01 8.888884e-01 
110 1101 8.529347e-03 8.872939e-01 7.844796e-02 7.844796e-02 1.315339e-01 1.458353e-01 1.552117e-01 1.975172e-01 2.134071e-01 2.229953e-01 2.379951e-01 2.394339e-01 2.474596e-01 2.514870e-01 2.665757e-01 2.773911e-01 2.974074e-01 3.025450e-01 3.046774e-01 3.171887e-01 3.239479e-01 3.392715e-01 3.714508e-01 4.340096e-01 4.955641e-01 5.425146e-01 5.835310e-01 6.030572e-01 8.091019e-01 8.394946e-01 8.872939e-01 
111 1111 8.400033e-03 8.852992e-01 7.837935e-02 7.837935e-02 1.312537e-01 1.455797e-01 1.549848e-01 1.970819e-01 2.130461e-01 2.224093e-01 2.376383e-01 2.391605e-01 2.475444e-01 2.520909e-01 2.664564e-01 2.773125e-01 2.970765e-01 3.022938e-01 3.042122e-01 3.170546e-01 3.234491e-01 3.385742e-01 3.707322e-01 4.332768e-01 4.948402e-01 5.412602e-01 5.828517e-01 6.077291e-01 8.151206e-01 8.378878e-01 8.852992e-01 
112 1121 8.396788e-03 8.831787e-01 7.831299e-02 7.831299e-02 1.309584e-01 1.452554e-01 1.546442e-01 1.967477e-01 2.134834e-01 2.218179e-01 2.372368e-01 2.388552e-01 2.474904e-01 2.523084e-01 2.659496e-01 2.772068e-01 2.983169e-01 3.019681e-01 3.043117e-01 3.164051e-01 3.233341e-01 3.412996e-01 3.702715e-01 4.338148e-01 4.946394e-01 5.400222e-01 5.821173e-01 6.099623e-01 8.138897e-01 8.356663e-01 8.831787e-01 
113 1131 8.525097e-03 8.819243e-01 7.823794e-02 7.823794e-02 1.307186e-01 1.450537e-01 1.545105e-01 1.968554e-01 2.136965e-01 2.219913e-01 2.371659e-01 2.395453e-01 2.472884e-01 2.531621e-01 2.655627e-01 2.768946e-01 2.983161e-01 3.020613e-01 3.039783e-01 3.166158e-01 3.227579e-01 3.436478e-01 3.699727e-01 4.348674e-01 4.945474e-01 5.399579e-01 5.809288e-01 6.098348e-01 8.121931e-01 8.338480e-01 8.819243e-01 
114 1141 8.683689e-03 8.814111e-01 7.824095e-02 7.824095e-02 1.305091e-01 1.453050e-01 1.543411e-01 1.967020e-01 2.133848e-01 2.218280e-01 2.368991e-01 2.392202e-01 2.467288e-01 2.533885e-01 2.659698e-01 2.771521e-01 2.985082e-01 3.020212e-01 3.036968e-01 3.168767e-01 3.230877e-01 3.441813e-01 3.694902e-01 4.368161e-01 4.948570e-01 5.409478e-01 5.806800e-01 6.107219e-01 8.126057e-01 8.324832e-01 8.814111e-01 
115 1151 8.818732e-03 8.799395e-01 7.822812e-02 7.822812e-02 1.302278e-01 1.454535e-01 1.546200e-01 1.961762e-01 2.129478e-01 2.213485e-01 2.365963e-01 2.387753e-01 2.466644e-01 2.529940e-01 2.659947e-01 2.765963e-01 2.983519e-01 3.015426e-01 3.030606e-01 3.168958e-01 3.252733e-01 3.453029e-01 3.690526e-01 4.371950e-01 4.942185e-01 5.422205e-01 5.795208e-01 6.105490e-01 8.108687e-01 8.305993e-01 8.799395e-01 
116 1161 8.713026e-03 8.779272e-01 7.814408e-02 7.814408e-02 1.301622e-01 1.454868e-01 1.546873e-01 1.959857e-01 2.125581e-01 2.208936e-01 2.362538e-01 2.383915e-01 2.463861e-01 2.525113e-01 2.656004e-01 2.760581e-01 2.982997e-01 3.018694e-01 3.025685e-01 3.161026e-01 3.252761e-01 3.462494e-01 3.686154e-01 4.369771e-01 4.939416e-01 5.428299e-01 5.781849e-01 6.100821e-01 8.106006e-01 8.331258e-01 8.779272e-01 
117 1171 8.627481e-03 8.763049e-01 7.824605e-02 7.824605e-02 1.298774e-01 1.456370e-01 1.545097e-01 1.959771e-01 2.123094e-01 2.210001e-01 2.360308e-01 2.388986e-01 2.458460e-01 2.518715e-01 2.651826e-01 2.759394e-01 2.977475e-01 3.018888e-01 3.026037e-01 3.156173e-01 3.267400e-01 3.456843e-01 3.680992e-01 4.372137e-01 4.931621e-01 5.433336e-01 5.770449e-01 6.106391e-01 8.113133e-01 8.329059e-01 8.763049e-01 
118 1181 8.482021e-03 8.745138e-01 7.816180e-02 7.816180e-02 1.295942e-01 1.458363e-01 1.547168e-01 1.956665e-01 2.119311e-01 2.205154e-01 2.358516e-01 2.384312e-01 2.456293e-01 2.513134e-01 2.647992e-01 2.752138e-01 2.971301e-01 3.017836e-01 3.029079e-01 3.155971e-01 3.275406e-01 3.451343e-01 3.677298e-01 4.368332e-01 4.924203e-01 5.427399e-01 5.759721e-01 6.100144e-01 8.138096e-01 8.317576e-01 8.745138e-01 
119 1191 8.417423e-03 8.723710e-01 7.798783e-02 7.798783e-02 1.295169e-01 1.462797e-01 1.546993e-01 1.957783e-01 2.116354e-01 2.200867e-01 2.354859e-01 2.394005e-01 2.455781e-01 2.506328e-01 2.641748e-01 2.749171e-01 2.965387e-01 3.013897e-01 3.047642e-01 3.153677e-01 3.278695e-01 3.445990e-01 3.670138e-01 4.362067e-01 4.919053e-01 5.436434e-01 5.756991e-01 6.091467e-01 8.133229e-01 8.337806e-01 8.723710e-01 
120 1201 8.373209e-03 8.703684e-01 7.787533e-02 7.787533e-02 1.295375e-01 1.461010e-01 1.544372e-01 1.953330e-01 2.112104e-01 2.195892e-01 2.350339e-01 2.405448e-01 2.454416e-01 2.505506e-01 2.641746e-01 2.745893e-01 2.958064e-01 3.010612e-01 3.054614e-01 3.148077e-01 3.278672e-01 3.439891e-01 3.671079e-01 4.354845e-01 4.918179e-01 5.428832e-01 5.745446e-01 6.082313e-01 8.129943e-01 8.372125e-01 8.703684e-01 
121 1211 8.187178e-03 8.681154e-01 7.781071e-02 7.781071e-02 1.293506e-01 1.461253e-01 1.542646e-01 1.948455e-01 2.107697e-01 2.190737e-01 2.346755e-01 2.406785e-01 2.450812e-01 2.501139e-01 2.638105e-01 2.740716e-01 2.956539e-01 3.004793e-01 3.070493e-01 3.143213e-01 3.280968e-01 3.433616e-01 3.671518e-01 4.348038e-01 4.909694e-01 5.420777e-01 5.741194e-01 6.077775e-01 8.119494e-01 8.375034e-01 8.681154e-01 
122 1221 8.007294e-03 8.659702e-01 7.766797e-02 7.766797e-02 1.292950e-01 1.458979e-01 1.538580e-01 1.946270e-01 2.105045e-01 2.185922e-01 2.341210e-01 2.411143e-01 2.445078e-01 2.496575e-01 2.644048e-01 2.734437e-01 2.952529e-01 3.006045e-01 3.072788e-01 3.135658e-01 3.295529e-01 3.427878e-01 3.666968e-01 4.339218e-01 4.900961e-01 5.436938e-01 5.736126e-01 6.067738e-01 8.117049e-01 8.366846e-01 8.659702e-01 
123 1231 7.842061e-03 8.650699e-01 7.753181e-02 7.753181e-02 1.292497e-01 1.457643e-01 1.536763e-01 1.945986e-01 2.101644e-01 2.185794e-01 2.338468e-01 2.412785e-01 2.441497e-01 2.491556e-01 2.639200e-01 2.729501e-01 2.947888e-01 3.001859e-01 3.074946e-01 3.133493e-01 3.298413e-01 3.422091e-01 3.658988e-01 4.350968e-01 4.893833e-01 5.434131e-01 5.722723e-01 6.054356e-01 8.106493e-01 8.355161e-01 8.650699e-01 
124 1241 7.651826e-03 8.644170e-01 7.736104e-02 7.736104e-02 1.290132e-01 1.458893e-01 1.534743e-01 1.944857e-01 2.096668e-01 2.181511e-01 2.338566e-01 2.410602e-01 2.441761e-01 2.492365e-01 2.634322e-01 2.725631e-01 2.941977e-01 2.995751e-01 3.076893e-01 3.127383e-01 3.319848e-01 3.425607e-01 3.650704e-01 4.354294e-01 4.881395e-01 5.425834e-01 5.715635e-01 6.041294e-01 8.095836e-01 8.344392e-01 8.644170e-01 
125 1251 7.520204e-03 8.629263e-01 7.735099e-02 7.735099e-02 1.289359e-01 1.457254e-01 1.532621e-01 1.948319e-01 2.091709e-01 2.176111e-01 2.335829e-01 2.408987e-01 2.442178e-01 2.494293e-01 2.633463e-01 2.723712e-01 2.940007e-01 2.990124e-01 3.071686e-01 3.124331e-01 3.346432e-01 3.424912e-01 3.658380e-01 4.343571e-01 4.871937e-01 5.421099e-01 5.701933e-01 6.033435e-01 8.082713e-01 8.326689e-01 8.629263e-01 
126 1261 7.509535e-03 8.644344e-01 7.717643e-02 7.717643e-02 1.290013e-01 1.456391e-01 1.530627e-01 1.949266e-01 2.089493e-01 2.172008e-01 2.338326e-01 2.407340e-01 2.444428e-01 2.497109e-01 2.627110e-01 2.723625e-01 2.932455e-01 2.986804e-01 3.073222e-01 3.117446e-01 3.394599e-01 3.417878e-01 3.653275e-01 4.334388e-01 4.865088e-01 5.409803e-01 5.687974e-01 6.020284e-01 8.097703e-01 8.309344e-01 8.644344e-01 
127 1271 7.612721e-03 8.630628e-01 7.703271e-02 7.703271e-02 1.288874e-01 1.464009e-01 1.528286e-01 1.947288e-01 2.088186e-01 2.169502e-01 2.334060e-01 2.405707e-01 2.449937e-01 2.494746e-01 2.630814e-01 2.720673e-01 2.924935e-01 2.987052e-01 3.076901e-01 3.115354e-01 3.410460e-01 3.434309e-01 3.669206e-01 4.344783e-01 4.862381e-01 5.398399e-01 5.682823e-01 6.018978e-01 8.091169e-01 8.303390e-01 8.630628e-01 
128 1281 7.762681e-03 8.615365e-01 7.716917e-02 7.716917e-02 1.286938e-01 1.466291e-01 1.528432e-01 1.945844e-01 2.083163e-01 2.165829e-01 2.329475e-01 2.402645e-01 2.446794e-01 2.490239e-01 2.629116e-01 2.721909e-01 2.921001e-01 2.981109e-01 3.083646e-01 3.109081e-01 3.405157e-01 3.469153e-01 3.699115e-01 4.335674e-01 4.855767e-01 5.397221e-01 5.674291e-01 6.012047e-01 8.097584e-01 8.286348e-01 8.615365e-01 
129 1291 7.737056e-03 8.594194e-01 7.721708e-02 7.721708e-02 1.284075e-01 1.469509e-01 1.530394e-01 1.946040e-01 2.079846e-01 2.164621e-01 2.328987e-01 2.399628e-01 2.453302e-01 2.484305e-01 2.625474e-01 2.718829e-01 2.914857e-01 2.977081e-01 3.085009e-01 3.103236e-01 3.402358e-01 3.480335e-01 3.724328e-01 4.330941e-01 4.864719e-01 5.388497e-01 5.679578e-01 6.007203e-01 8.099882e-01 8.270126e-01 8.594194e-01 
130 1301 7.721983e-03 8.581372e-01 7.715851e-02 7.715851e-02 1.282965e-01 1.469844e-01 1.533235e-01 1.946989e-01 2.075455e-01 2.160568e-01 2.323825e-01 2.401769e-01 2.454456e-01 2.478539e-01 2.619453e-01 2.717494e-01 2.916282e-01 2.982456e-01 3.089995e-01 3.105421e-01 3.403721e-01 3.486726e-01 3.750402e-01 4.327712e-01 4.852990e-01 5.378598e-01 5.676747e-01 6.002703e-01 8.094208e-01 8.255826e-01 8.581372e-01 
131 1311 7.701071e-03 8.569489e-01 7.704547e-02 7.704547e-02 1.280127e-01 1.469673e-01 1.532639e-01 1.945496e-01 2.072184e-01 2.159197e-01 2.323347e-01 2.397241e-01 2.455162e-01 2.478684e-01 2.617003e-01 2.715658e-01 2.912858e-01 2.980272e-01 3.086120e-01 3.099511e-01 3.396454e-01 3.486158e-01 3.778318e-01 4.327977e-01 4.853604e-01 5.373433e-01 5.665021e-01 5.997851e-01 8.092819e-01 8.251074e-01 8.569489e-01 
132 1321 7.624273e-03 8.591004e-01 7.688939e-02 7.688939e-02 1.278215e-01 1.467554e-01 1.530461e-01 1.942432e-01 2.067493e-01 2.156916e-01 2.319648e-01 2.394511e-01 2.453462e-01 2.477790e-01 2.616904e-01 2.711454e-01 2.906746e-01 2.985958e-01 3.085147e-01 3.098323e-01 3.391691e-01 3.491108e-01 3.780753e-01 4.318291e-01 4.855405e-01 5.382852e-01 5.656146e-01 5.990639e-01 8.080247e-01 8.236681e-01 8.591004e-01 
133 1331 7.575941e-03 8.610670e-01 7.678791e-02 7.678791e-02 1.275202e-01 1.466784e-01 1.529099e-01 1.941099e-01 2.065022e-01 2.155022e-01 2.332269e-01 2.391748e-01 2.448759e-01 2.474557e-01 2.613186e-01 2.706716e-01 2.902712e-01 2.981244e-01 3.086000e-01 3.093409e-01 3.391643e-01 3.489927e-01 3.781099e-01 4.312524e-01 4.847006e-01 5.388284e-01 5.645649e-01 5.981527e-01 8.097157e-01 8.231600e-01 8.610670e-01 
134 1341 7.461387e-03 8.612038e-01 7.665916e-02 7.665916e-02 1.273320e-01 1.465175e-01 1.528488e-01 1.937418e-01 2.066397e-01 2.155468e-01 2.335710e-01 2.392652e-01 2.443589e-01 2.479050e-01 2.613189e-01 2.700115e-01 2.896296e-01 2.980113e-01 3.081407e-01 3.086926e-01 3.386411e-01 3.482846e-01 3.795028e-01 4.316281e-01 4.837725e-01 5.384949e-01 5.637421e-01 6.016721e-01 8.114272e-01 8.214019e-01 8.612038e-01 
135 1351 7.278454e-03 8.613924e-01 7.663899e-02 7.663899e-02 1.272171e-01 1.462848e-01 1.530750e-01 1.935598e-01 2.067502e-01 2.152311e-01 2.331411e-01 2.387221e-01 2.437559e-01 2.478561e-01 2.617346e-01 2.694687e-01 2.891007e-01 2.972599e-01 3.074530e-01 3.084858e-01 3.379777e-01 3.479463e-01 3.798749e-01 4.311579e-01 4.824400e-01 5.384041e-01 5.629013e-01 6.021007e-01 8.100461e-01 8.193348e-01 8.613924e-01 
136 1361 7.024663e-03 8.626086e-01 7.655532e-02 7.655532e-02 1.273107e-01 1.461743e-01 1.527921e-01 1.935842e-01 2.071015e-01 2.147937e-01 2.329837e-01 2.381256e-01 2.436148e-01 2.476087e-01 2.614186e-01 2.689010e-01 2.888675e-01 2.964712e-01 3.067138e-01 3.087503e-01 3.375414e-01 3.472662e-01 3.793729e-01 4.315675e-01 4.815792e-01 5.381237e-01 5.614867e-01 6.032222e-01 8.113432e-01 8.194547e-01 8.626086e-01 
137 1371 6.882594e-03 8.659331e-01 7.652526e-02 7.652526e-02 1.277866e-01 1.459529e-01 1.524931e-01 1.933340e-01 2.069398e-01 2.146257e-01 2.324317e-01 2.377208e-01 2.433688e-01 2.470927e-01 2.607695e-01 2.686020e-01 2.885723e-01 2.961433e-01 3.060562e-01 3.082127e-01 3.368561e-01 3.486032e-01 3.787458e-01 4.316697e-01 4.814596e-01 5.376928e-01 5.603894e-01 6.026546e-01 8.124331e-01 8.178303e-01 8.659331e-01 
138 1381 6.728825e-03 8.746340e-01 7.645381e-02 7.645381e-02 1.279416e-01 1.457674e-01 1.521126e-01 1.931535e-01 2.065933e-01 2.140866e-01 2.321280e-01 2.372041e-01 2.431398e-01 2.465302e-01 2.602672e-01 2.682451e-01 2.885092e-01 2.953733e-01 3.058132e-01 3.075522e-01 3.362922e-01 3.480947e-01 3.779762e-01 4.319422e-01 4.805482e-01 5.377248e-01 5.590389e-01 6.020824e-01 8.118124e-01 8.169149e-01 8.746340e-01 
139 1391 6.564877e-03 8.780715e-01 7.626910e-02 7.626910e-02 1.277990e-01 1.455930e-01 1.518353e-01 1.935964e-01 2.062798e-01 2.136009e-01 2.318777e-01 2.380569e-01 2.431711e-01 2.463202e-01 2.597219e-01 2.676806e-01 2.881909e-01 2.953160e-01 3.054471e-01 3.074386e-01 3.359826e-01 3.475142e-01 3.771786e-01 4.313099e-01 4.809799e-01 5.384664e-01 5.580770e-01 6.021194e-01 8.118164e-01 8.163430e-01 8.780715e-01 
140 1401 6.411870e-03 8.858558e-01 7.616313e-02 7.616313e-02 1.278053e-01 1.453483e-01 1.516030e-01 1.933130e-01 2.062485e-01 2.135700e-01 2.315037e-01 2.376056e-01 2.427748e-01 2.461525e-01 2.590400e-01 2.671526e-01 2.876575e-01 2.950093e-01 3.050174e-01 3.072876e-01 3.351353e-01 3.467433e-01 3.764301e-01 4.303544e-01 4.815832e-01 5.378976e-01 5.567390e-01 6.068047e-01 8.108812e-01 8.150870e-01 8.858558e-01 
141 1411 6.284091e-03 8.885429e-01 7.624796e-02 7.624796e-02 1.276878e-01 1.450420e-01 1.512608e-01 1.931330e-01 2.061418e-01 2.131380e-01 2.310835e-01 2.372690e-01 2.422414e-01 2.458681e-01 2.588281e-01 2.668578e-01 2.872098e-01 2.946780e-01 3.047797e-01 3.082056e-01 3.345064e-01 3.466167e-01 3.759374e-01 4.300176e-01 4.808441e-01 5.379324e-01 5.555397e-01 6.073501e-01 8.110066e-01 8.151914e-01 8.885429e-01 
142 1421 6.148774e-03 8.890274e-01 7.616859e-02 7.616859e-02 1.277695e-01 1.447538e-01 1.514186e-01 1.928067e-01 2.056781e-01 2.128853e-01 2.309613e-01 2.369387e-01 2.419249e-01 2.457665e-01 2.587235e-01 2.663687e-01 2.866842e-01 2.939515e-01 3.043704e-01 3.079817e-01 3.346874e-01 3.458999e-01 3.750197e-01 4.290816e-01 4.796948e-01 5.388031e-01 5.548069e-01 6.086433e-01 8.108065e-01 8.141081e-01 8.890274e-01 
143 1431 6.059240e-03 8.961419e-01 7.614598e-02 7.614598e-02 1.275665e-01 1.444355e-01 1.512457e-01 1.926873e-01 2.056177e-01 2.124304e-01 2.305527e-01 2.365317e-01 2.413552e-01 2.458923e-01 2.582824e-01 2.667395e-01 2.863483e-01 2.932268e-01 3.038302e-01 3.075715e-01 3.348681e-01 3.463123e-01 3.741763e-01 4.283901e-01 4.821577e-01 5.383873e-01 5.539925e-01 6.096914e-01 8.089424e-01 8.126843e-01 8.961419e-01 
144 1441 6.020153e-03 8.984142e-01 7.618518e-02 7.618518e-02 1.274883e-01 1.441179e-01 1.510041e-01 1.923543e-01 2.057429e-01 2.125641e-01 2.301518e-01 2.362351e-01 2.410245e-01 2.459071e-01 2.580597e-01 2.666776e-01 2.858299e-01 2.928709e-01 3.035638e-01 3.075481e-01 3.354072e-01 3.469135e-01 3.740082e-01 4.275751e-01 4.816065e-01 5.370112e-01 5.548801e-01 6.097568e-01 8.077992e-01 8.113438e-01 8.984142e-01 
145 1451 6.035062e-03 9.015727e-01 7.618876e-02 7.618876e-02 1.274829e-01 1.438537e-01 1.512850e-01 1.921887e-01 2.055848e-01 2.122975e-01 2.302736e-01 2.357194e-01 2.414115e-01 2.453213e-01 2.576051e-01 2.669391e-01 2.852953e-01 2.929487e-01 3.036468e-01 3.070234e-01 3.348796e-01 3.466021e-01 3.747045e-01 4.272429e-01 4.804366e-01 5.364141e-01 5.544359e-01 6.108412e-01 8.058944e-01 8.109052e-01 9.015727e-01 
146 1461 5.923815e-03 9.043674e-01 7.608858e-02 7.608858e-02 1.272835e-01 1.435360e-01 1.515354e-01 1.918543e-01 2.052660e-01 2.120256e-01 2.298835e-01 2.351952e-01 2.410997e-01 2.449074e-01 2.572582e-01 2.666391e-01 2.853249e-01 2.923332e-01 3.037728e-01 3.064220e-01 3.346736e-01 3.473415e-01 3.741447e-01 4.267543e-01 4.800103e-01 5.360906e-01 5.544900e-01 6.113102e-01 8.039767e-01 8.096663e-01 9.043674e-01 
147 1471 5.680377e-03 9.047821e-01 7.592234e-02 7.592234e-02 1.271893e-01 1.433166e-01 1.512724e-01 1.919757e-01 2.051897e-01 2.117612e-01 2.296070e-01 2.348724e-01 2.411141e-01 2.445577e-01 2.566691e-01 2.664201e-01 2.849719e-01 2.927235e-01 3.038556e-01 3.063642e-01 3.338931e-01 3.469027e-01 3.735522e-01 4.259305e-01 4.792188e-01 5.357816e-01 5.536705e-01 6.113599e-01 8.048720e-01 8.085400e-01 9.047821e-01 
148 1481 5.453637e-03 9.039093e-01 7.581450e-02 7.581450e-02 1.269653e-01 1.430029e-01 1.513746e-01 1.918398e-01 2.052063e-01 2.113400e-01 2.295751e-01 2.344563e-01 2.406252e-01 2.444103e-01 2.561517e-01 2.663991e-01 2.849180e-01 2.921327e-01 3.046433e-01 3.060497e-01 3.331273e-01 3.462543e-01 3.729738e-01 4.252822e-01 4.786062e-01 5.355819e-01 5.527387e-01 6.120035e-01 8.036066e-01 8.078925e-01 9.039093e-01 
149 1491 5.375996e-03 9.048241e-01 7.578982e-02 7.578982e-02 1.268124e-01 1.428029e-01 1.517942e-01 1.918000e-01 2.048830e-01 2.114339e-01 2.296882e-01 2.346453e-01 2.403883e-01 2.440696e-01 2.558202e-01 2.663728e-01 2.845994e-01 2.913988e-01 3.039627e-01 3.066159e-01 3.323992e-01 3.455379e-01 3.724840e-01 4.251644e-01 4.777665e-01 5.346463e-01 5.516415e-01 6.160337e-01 8.021033e-01 8.075131e-01 9.048241e-01 
150 1501 5.417952e-03 9.069462e-01 7.563127e-02 7.563127e-02 1.269661e-01 1.426357e-01 1.525341e-01 1.913521e-01 2.044924e-01 2.113962e-01 2.294784e-01 2.342568e-01 2.398879e-01 2.446769e-01 2.556285e-01 2.661615e-01 2.840967e-01 2.918672e-01 3.033319e-01 3.065014e-01 3.316852e-01 3.452228e-01 3.717622e-01 4.247854e-01 4.776781e-01 5.353787e-01 5.509496e-01 6.213741e-01 8.001998e-01 8.058690e-01 9.069462e-01 
151 1511 5.314551e-03 9.066986e-01 7.547865e-02 7.547865e-02 1.266617e-01 1.424890e-01 1.527916e-01 1.910177e-01 2.044692e-01 2.111846e-01 2.291643e-01 2.341204e-01 2.394465e-01 2.446099e-01 2.552408e-01 2.662469e-01 2.841152e-01 2.913137e-01 3.026037e-01 3.061671e-01 3.308990e-01 3.448902e-01 3.712167e-01 4.246050e-01 4.767891e-01 5.349144e-01 5.511106e-01 6.224082e-01 7.999088e-01 8.044715e-01 9.066986e-01 
152 1521 5.218516e-03 9.072382e-01 7.550204e-02 7.550204e-02 1.265905e-01 1.424342e-01 1.528424e-01 1.909546e-01 2.042162e-01 2.109133e-01 2.292220e-01 2.336726e-01 2.389752e-01 2.442948e-01 2.548794e-01 2.657150e-01 2.836610e-01 2.914807e-01 3.018996e-01 3.054474e-01 3.311096e-01 3.445004e-01 3.708469e-01 4.250246e-01 4.775039e-01 5.344069e-01 5.506858e-01 6.220326e-01 8.007825e-01 8.029276e-01 9.072382e-01 
153 1531 5.162084e-03 9.076879e-01 7.541505e-02 7.541505e-02 1.264264e-01 1.422949e-01 1.526766e-01 1.906165e-01 2.037992e-01 2.105930e-01 2.289528e-01 2.335484e-01 2.384526e-01 2.438861e-01 2.549120e-01 2.657388e-01 2.833361e-01 2.925894e-01 3.016746e-01 3.059799e-01 3.307896e-01 3.437697e-01 3.712283e-01 4.259725e-01 4.769142e-01 5.335400e-01 5.496342e-01 6.211074e-01 8.009540e-01 8.020188e-01 9.076879e-01 
154 1541 5.052510e-03 9.076200e-01 7.532601e-02 7.532601e-02 1.264369e-01 1.419578e-01 1.524258e-01 1.903942e-01 2.038046e-01 2.103878e-01 2.286474e-01 2.330773e-01 2.386442e-01 2.443563e-01 2.547794e-01 2.653157e-01 2.848207e-01 2.925229e-01 3.010132e-01 3.056045e-01 3.303524e-01 3.432282e-01 3.711035e-01 4.273574e-01 4.759655e-01 5.346203e-01 5.487110e-01 6.200592e-01 7.995377e-01 8.047515e-01 9.076200e-01 
155 1551 5.014608e-03 9.060160e-01 7.514320e-02 7.514320e-02 1.262683e-01 1.416528e-01 1.520995e-01 1.911171e-01 2.036557e-01 2.101033e-01 2.285530e-01 2.329872e-01 2.387961e-01 2.440319e-01 2.545868e-01 2.648407e-01 2.844169e-01 2.922492e-01 3.011591e-01 3.056774e-01 3.305477e-01 3.435418e-01 3.713400e-01 4.273752e-01 4.755664e-01 5.342986e-01 5.473366e-01 6.200937e-01 7.984781e-01 8.058897e-01 9.060160e-01 
156 1561 5.061252e-03 9.044302e-01 7.495803e-02 7.495803e-02 1.270688e-01 1.418647e-01 1.518434e-01 1.908079e-01 2.031960e-01 2.103312e-01 2.291515e-01 2.325001e-01 2.391898e-01 2.434901e-01 2.559024e-01 2.641894e-01 2.843479e-01 2.920193e-01 3.011495e-01 3.052267e-01 3.299014e-01 3.434190e-01 3.723973e-01 4.279105e-01 4.761011e-01 5.335300e-01 5.480040e-01 6.206750e-01 7.979795e-01 8.062743e-01 9.044302e-01 
157 1571 5.079919e-03 9.029427e-01 7.480007e-02 7.480007e-02 1.270895e-01 1.417421e-01 1.517168e-01 1.905181e-01 2.041475e-01 2.100762e-01 2.290259e-01 2.322414e-01 2.390141e-01 2.430219e-01 2.562483e-01 2.642343e-01 2.839446e-01 2.916774e-01 3.016195e-01 3.054716e-01 3.292008e-01 3.434458e-01 3.738367e-01 4.284110e-01 4.757519e-01 5.337441e-01 5.471079e-01 6.207380e-01 7.966196e-01 8.055328e-01 9.029427e-01 
158 1581 5.149956e-03 9.022071e-01 7.470954e-02 7.470954e-02 1.269165e-01 1.416657e-01 1.514855e-01 1.904942e-01 2.043604e-01 2.095777e-01 2.287715e-01 2.322333e-01 2.392161e-01 2.428439e-01 2.575968e-01 2.636265e-01 2.833393e-01 2.912823e-01 3.019747e-01 3.050398e-01 3.283417e-01 3.451131e-01 3.752748e-01 4.288940e-01 4.751704e-01 5.324463e-01 5.474830e-01 6.195050e-01 7.964648e-01 8.070283e-01 9.022071e-01 
159 1591 5.224715e-03 9.006890e-01 7.457142e-02 7.457142e-02 1.271128e-01 1.415018e-01 1.515170e-01 1.904651e-01 2.044059e-01 2.091154e-01 2.283329e-01 2.317864e-01 2.393306e-01 2.432556e-01 2.585139e-01 2.638330e-01 2.829306e-01 2.905743e-01 3.029184e-01 3.046294e-01 3.275170e-01 3.449148e-01 3.758194e-01 4.288589e-01 4.744882e-01 5.314758e-01 5.490830e-01 6.199272e-01 7.957519e-01 8.049522e-01 9.006890e-01 
160 1601 5.152137e-03 8.997635e-01 7.456254e-02 7.456254e-02 1.270182e-01 1.414900e-01 1.520354e-01 1.901737e-01 2.042307e-01 2.089179e-01 2.281388e-01 2.314953e-01 2.388211e-01 2.432155e-01 2.587829e-01 2.638207e-01 2.826918e-01 2.898743e-01 3.030829e-01 3.045912e-01 3.268384e-01 3.444239e-01 3.757496e-01 4.289887e-01 4.740609e-01 5.300854e-01 5.479924e-01 6.192243e-01 7.957612e-01 8.047349e-01 8.997635e-01 
161 1611 5.161968e-03 8.989649e-01 7.464890e-02 7.464890e-02 1.270716e-01 1.412388e-01 1.529331e-01 1.900117e-01 2.038248e-01 2.095602e-01 2.279511e-01 2.312971e-01 2.383995e-01 2.430719e-01 2.588093e-01 2.635384e-01 2.825523e-01 2.897867e-01 3.030931e-01 3.044781e-01 3.262728e-01 3.438435e-01 3.756726e-01 4.285334e-01 4.770454e-01 5.289440e-01 5.466848e-01 6.208723e-01 7.936305e-01 8.028920e-01 8.989649e-01 
162 1621 5.146659e-03 8.984017e-01 7.457118e-02 7.457118e-02 1.271447e-01 1.412951e-01 1.536246e-01 1.898329e-01 2.035249e-01 2.093500e-01 2.280030e-01 2.313621e-01 2.378317e-01 2.426316e-01 2.591364e-01 2.631775e-01 2.821602e-01 2.896286e-01 3.023286e-01 3.053968e-01 3.256046e-01 3.437812e-01 3.757937e-01 4.282949e-01 4.774094e-01 5.276242e-01 5.468619e-01 6.214117e-01 7.923797e-01 8.010786e-01 8.984017e-01 
163 1631 5.163458e-03 8.985376e-01 7.464844e-02 7.464844e-02 1.270430e-01 1.410364e-01 1.542122e-01 1.894397e-01 2.033330e-01 2.091086e-01 2.275384e-01 2.315772e-01 2.378089e-01 2.434096e-01 2.596585e-01 2.638500e-01 2.817489e-01 2.904966e-01 3.033967e-01 3.058978e-01 3.258472e-01 3.431412e-01 3.753052e-01 4.276106e-01 4.784609e-01 5.265242e-01 5.458683e-01 6.218415e-01 7.914963e-01 8.017548e-01 8.985376e-01 
164 1641 5.145878e-03 8.994597e-01 7.465604e-02 7.465604e-02 1.267772e-01 1.406963e-01 1.542993e-01 1.890500e-01 2.032141e-01 2.087670e-01 2.270471e-01 2.312774e-01 2.376042e-01 2.432081e-01 2.604916e-01 2.638380e-01 2.812581e-01 2.906512e-01 3.035344e-01 3.052533e-01 3.259831e-01 3.432140e-01 3.748455e-01 4.286782e-01 4.777337e-01 5.284594e-01 5.464347e-01 6.217363e-01 7.897075e-01 8.002998e-01 8.994597e-01 
165 1651 5.073577e-03 8.989960e-01 7.454255e-02 7.454255e-02 1.264980e-01 1.405738e-01 1.542137e-01 1.888272e-01 2.035219e-01 2.083371e-01 2.270539e-01 2.311207e-01 2.378296e-01 2.433018e-01 2.602538e-01 2.650178e-01 2.813671e-01 2.902322e-01 3.032203e-01 3.046870e-01 3.253352e-01 3.427236e-01 3.742150e-01 4.292292e-01 4.767848e-01 5.285677e-01 5.474937e-01 6.242856e-01 7.888211e-01 7.988179e-01 8.989960e-01 
166 1661 4.931679e-03 8.991091e-01 7.434858e-02 7.434858e-02 1.262793e-01 1.406659e-01 1.539559e-01 1.888764e-01 2.031896e-01 2.081452e-01 2.266060e-01 2.315624e-01 2.373661e-01 2.432674e-01 2.597205e-01 2.645066e-01 2.806947e-01 2.903152e-01 3.031391e-01 3.050407e-01 3.252833e-01 3.421736e-01 3.739336e-01 4.307265e-01 4.759475e-01 5.278960e-01 5.477493e-01 6.247179e-01 7.874027e-01 8.019500e-01 8.991091e-01 
167 1671 4.810218e-03 8.982300e-01 7.450952e-02 7.450952e-02 1.260697e-01 1.404198e-01 1.536654e-01 1.889242e-01 2.030253e-01 2.081541e-01 2.261088e-01 2.315087e-01 2.377276e-01 2.432385e-01 2.605681e-01 2.644995e-01 2.809235e-01 2.898711e-01 3.024175e-01 3.053740e-01 3.244175e-01 3.416948e-01 3.730895e-01 4.311223e-01 4.754323e-01 5.270485e-01 5.465243e-01 6.238554e-01 7.864924e-01 8.023847e-01 8.982300e-01 
168 1681 4.737503e-03 8.972953e-01 7.441576e-02 7.441576e-02 1.258101e-01 1.403416e-01 1.536607e-01 1.888076e-01 2.033071e-01 2.084432e-01 2.257459e-01 2.311360e-01 2.375966e-01 2.450287e-01 2.599851e-01 2.641472e-01 2.804221e-01 2.894923e-01 3.017745e-01 3.053697e-01 3.264835e-01 3.421956e-01 3.726239e-01 4.321761e-01 4.747074e-01 5.261938e-01 5.456293e-01 6.235953e-01 7.848111e-01 8.031159e-01 8.972953e-01 
169 1691 4.615054e-03 8.959835e-01 7.451858e-02 7.451858e-02 1.256244e-01 1.401212e-01 1.533360e-01 1.883832e-01 2.033650e-01 2.080943e-01 2.251829e-01 2.307055e-01 2.373167e-01 2.455770e-01 2.604008e-01 2.636692e-01 2.807068e-01 2.890868e-01 3.010557e-01 3.046845e-01 3.265757e-01 3.418813e-01 3.720569e-01 4.318896e-01 4.735611e-01 5.254783e-01 5.445305e-01 6.260251e-01 7.830584e-01 8.037869e-01 8.959835e-01 
170 1701 4.530730e-03 8.970574e-01 7.456665e-02 7.456665e-02 1.254659e-01 1.399337e-01 1.532025e-01 1.881539e-01 2.031135e-01 2.077579e-01 2.247389e-01 2.303259e-01 2.369772e-01 2.461537e-01 2.603774e-01 2.634192e-01 2.808427e-01 2.885581e-01 3.017531e-01 3.042569e-01 3.265115e-01 3.414426e-01 3.722595e-01 4.329243e-01 4.736308e-01 5.243737e-01 5.433557e-01 6.280259e-01 7.823638e-01 8.029887e-01 8.970574e-01 
171 1711 4.497179e-03 8.963098e-01 7.447254e-02 7.447254e-02 1.252048e-01 1.397939e-01 1.531368e-01 1.877377e-01 2.029269e-01 2.073309e-01 2.247201e-01 2.305631e-01 2.369279e-01 2.459262e-01 2.603568e-01 2.630419e-01 2.809450e-01 2.881307e-01 3.014465e-01 3.038378e-01 3.264082e-01 3.406161e-01 3.721729e-01 4.328955e-01 4.766808e-01 5.248858e-01 5.423556e-01 6.299273e-01 7.814731e-01 8.040028e-01 8.963098e-01 
172 1721 4.469346e-03 8.947185e-01 7.437268e-02 7.437268e-02 1.248687e-01 1.396674e-01 1.529576e-01 1.873335e-01 2.028581e-01 2.080134e-01 2.248515e-01 2.303659e-01 2.366371e-01 2.458845e-01 2.606504e-01 2.625734e-01 2.809028e-01 2.877173e-01 3.011473e-01 3.047744e-01 3.259257e-01 3.401940e-01 3.728338e-01 4.325573e-01 4.781002e-01 5.247467e-01 5.424391e-01 6.300054e-01 7.813409e-01 8.050523e-01 8.947185e-01 
173 1731 4.393218e-03 8.942167e-01 7.420495e-02 7.420495e-02 1.250217e-01 1.395243e-01 1.530019e-01 1.871540e-01 2.023904e-01 2.077372e-01 2.243363e-01 2.301957e-01 2.366308e-01 2.464124e-01 2.600227e-01 2.621104e-01 2.814515e-01 2.871670e-01 3.007132e-01 3.044383e-01 3.253506e-01 3.395407e-01 3.720770e-01 4.315972e-01 4.790369e-01 5.254991e-01 5.412601e-01 6.311808e-01 7.802133e-01 8.037675e-01 8.942167e-01 
174 1741 4.390687e-03 8.932214e-01 7.403909e-02 7.403909e-02 1.248364e-01 1.393862e-01 1.538232e-01 1.869010e-01 2.024154e-01 2.075413e-01 2.250144e-01 2.297805e-01 2.365137e-01 2.474273e-01 2.597860e-01 2.628009e-01 2.815959e-01 2.864922e-01 3.001749e-01 3.039731e-01 3.250318e-01 3.390433e-01 3.722500e-01 4.307376e-01 4.813095e-01 5.261210e-01 5.406139e-01 6.298619e-01 7.789610e-01 8.026394e-01 8.932214e-01 
175 1751 4.327958e-03 8.920618e-01 7.388461e-02 7.388461e-02 1.246733e-01 1.393667e-01 1.536243e-01 1.867905e-01 2.019459e-01 2.074151e-01 2.248103e-01 2.300993e-01 2.361862e-01 2.475230e-01 2.596542e-01 2.629169e-01 2.815562e-01 2.861657e-01 3.012084e-01 3.034542e-01 3.244671e-01 3.394133e-01 3.715700e-01 4.306606e-01 4.820515e-01 5.254138e-01 5.401738e-01 6.309707e-01 7.772810e-01 8.026263e-01 8.920618e-01 
176 1761 4.279118e-03 8.916185e-01 7.405860e-02 7.405860e-02 1.243876e-01 1.393004e-01 1.534392e-01 1.869748e-01 2.020057e-01 2.073133e-01 2.253354e-01 2.297624e-01 2.357364e-01 2.473878e-01 2.591615e-01 2.631658e-01 2.813579e-01 2.856492e-01 3.004971e-01 3.033433e-01 3.255967e-01 3.389525e-01 3.710583e-01 4.308898e-01 4.813934e-01 5.262732e-01 5.391743e-01 6.299450e-01 7.779906e-01 8.036417e-01 8.916185e-01 
177 1771 4.190630e-03 8.901823e-01 7.389722e-02 7.389722e-02 1.241328e-01 1.390272e-01 1.531601e-01 1.867463e-01 2.016299e-01 2.070444e-01 2.250530e-01 2.295433e-01 2.362274e-01 2.473742e-01 2.586978e-01 2.628870e-01 2.828161e-01 2.852097e-01 3.002532e-01 3.036185e-01 3.253316e-01 3.387258e-01 3.703787e-01 4.304771e-01 4.807944e-01 5.252971e-01 5.378208e-01 6.290071e-01 7.759727e-01 8.036877e-01 8.901823e-01 
178 1781 4.054102e-03 8.905360e-01 7.377917e-02 7.377917e-02 1.240065e-01 1.386819e-01 1.530658e-01 1.866236e-01 2.015034e-01 2.066094e-01 2.246361e-01 2.292726e-01 2.361203e-01 2.469311e-01 2.585653e-01 2.626411e-01 2.827612e-01 2.846543e-01 2.999009e-01 3.040927e-01 3.251641e-01 3.389773e-01 3.699289e-01 4.299768e-01 4.803047e-01 5.243733e-01 5.367385e-01 6.282139e-01 7.744893e-01 8.018965e-01 8.905360e-01 
179 1791 3.921182e-03 8.897894e-01 7.359946e-02 7.359946e-02 1.238075e-01 1.397298e-01 1.530546e-01 1.863655e-01 2.012043e-01 2.064190e-01 2.244026e-01 2.298674e-01 2.355696e-01 2.465622e-01 2.585095e-01 2.623786e-01 2.822913e-01 2.842850e-01 3.001235e-01 3.037802e-01 3.246879e-01 3.387063e-01 3.696731e-01 4.301204e-01 4.809474e-01 5.236716e-01 5.355970e-01 6.269005e-01 7.726249e-01 8.013474e-01 8.897894e-01 
180 1801 3.791103e-03 8.876861e-01 7.341936e-02 7.341936e-02 1.235206e-01 1.395993e-01 1.530271e-01 1.860314e-01 2.013702e-01 2.062736e-01 2.241165e-01 2.300826e-01 2.356868e-01 2.460737e-01 2.580662e-01 2.623622e-01 2.822869e-01 2.839275e-01 2.994035e-01 3.034477e-01 3.252592e-01 3.383382e-01 3.697100e-01 4.300774e-01 4.802772e-01 5.228200e-01 5.341954e-01 6.258001e-01 7.720695e-01 8.023417e-01 8.876861e-01 
181 1811 3.663374e-03 8.854803e-01 7.326132e-02 7.326132e-02 1.233718e-01 1.394759e-01 1.526645e-01 1.858118e-01 2.020671e-01 2.064192e-01 2.248360e-01 2.304665e-01 2.353061e-01 2.466786e-01 2.580530e-01 2.626862e-01 2.819911e-01 2.832655e-01 2.988115e-01 3.031484e-01 3.246326e-01 3.376170e-01 3.693709e-01 4.295481e-01 4.793470e-01 5.218008e-01 5.342553e-01 6.251933e-01 7.704166e-01 8.005648e-01 8.854803e-01 
182 1821 3.610271e-03 8.839298e-01 7.313594e-02 7.313594e-02 1.230962e-01 1.392288e-01 1.525231e-01 1.860667e-01 2.025498e-01 2.062757e-01 2.245393e-01 2.309768e-01 2.348873e-01 2.462089e-01 2.580487e-01 2.624478e-01 2.813372e-01 2.829625e-01 2.985682e-01 3.040839e-01 3.239416e-01 3.368623e-01 3.695276e-01 4.288195e-01 4.783353e-01 5.209643e-01 5.337955e-01 6.250616e-01 7.693599e-01 8.005292e-01 8.839298e-01 
183 1831 3.511475e-03 8.820680e-01 7.296633e-02 7.296633e-02 1.228250e-01 1.390277e-01 1.524508e-01 1.859972e-01 2.028401e-01 2.058224e-01 2.242659e-01 2.309497e-01 2.349079e-01 2.456682e-01 2.575536e-01 2.622609e-01 2.807155e-01 2.828899e-01 2.981143e-01 3.049642e-01 3.239192e-01 3.372188e-01 3.701414e-01 4.279050e-01 4.781024e-01 5.198953e-01 5.335264e-01 6.236875e-01 7.690655e-01 7.988589e-01 8.820680e-01 
184 1841 3.465502e-03 8.802857e-01 7.281092e-02 7.281092e-02 1.227097e-01 1.388529e-01 1.521780e-01 1.861936e-01 2.033095e-01 2.054475e-01 2.238435e-01 2.307511e-01 2.342613e-01 2.452616e-01 2.570507e-01 2.620500e-01 2.800374e-01 2.823928e-01 2.980492e-01 3.052298e-01 3.253083e-01 3.368080e-01 3.738785e-01 4.278083e-01 4.770997e-01 5.195558e-01 5.327663e-01 6.229480e-01 7.675039e-01 7.969595e-01 8.802857e-01 
185 1851 3.357093e-03 8.801096e-01 7.287183e-02 7.287183e-02 1.224659e-01 1.387267e-01 1.520404e-01 1.857217e-01 2.033225e-01 2.050701e-01 2.237222e-01 2.304701e-01 2.339224e-01 2.450583e-01 2.564878e-01 2.616710e-01 2.793665e-01 2.819457e-01 2.974820e-01 3.054820e-01 3.264116e-01 3.361623e-01 3.742275e-01 4.269951e-01 4.764038e-01 5.185889e-01 5.323035e-01 6.223485e-01 7.659247e-01 7.957127e-01 8.801096e-01 
186 1861 3.321230e-03 8.828459e-01 7.274428e-02 7.274428e-02 1.223210e-01 1.384063e-01 1.522319e-01 1.856161e-01 2.031587e-01 2.047847e-01 2.234206e-01 2.302406e-01 2.340566e-01 2.451652e-01 2.565330e-01 2.611838e-01 2.787601e-01 2.814554e-01 2.972872e-01 3.065769e-01 3.289884e-01 3.374977e-01 3.759361e-01 4.262516e-01 4.761794e-01 5.174898e-01 5.319136e-01 6.217192e-01 7.644258e-01 7.943420e-01 8.828459e-01 
187 1871 3.229486e-03 8.814676e-01 7.256625e-02 7.256625e-02 1.223261e-01 1.382133e-01 1.518629e-01 1.859789e-01 2.036934e-01 2.045115e-01 2.236880e-01 2.303347e-01 2.338994e-01 2.448809e-01 2.561121e-01 2.608987e-01 2.793132e-01 2.809958e-01 2.969319e-01 3.065303e-01 3.295030e-01 3.388246e-01 3.759062e-01 4.259969e-01 4.756608e-01 5.169274e-01 5.311950e-01 6.222440e-01 7.646251e-01 7.949931e-01 8.814676e-01 
188 1881 3.150507e-03 8.809616e-01 7.270607e-02 7.270607e-02 1.223592e-01 1.379530e-01 1.515207e-01 1.856074e-01 2.039579e-01 2.045778e-01 2.236404e-01 2.298549e-01 2.333635e-01 2.446387e-01 2.562853e-01 2.605785e-01 2.791434e-01 2.803745e-01 2.967132e-01 3.065327e-01 3.289059e-01 3.392115e-01 3.753843e-01 4.255148e-01 4.748602e-01 5.165322e-01 5.305817e-01 6.212915e-01 7.638646e-01 7.939549e-01 8.809616e-01 
189 1891 3.134898e-03 8.788796e-01 7.280086e-02 7.280086e-02 1.223304e-01 1.377044e-01 1.513174e-01 1.853410e-01 2.039519e-01 2.046722e-01 2.232861e-01 2.292829e-01 2.331560e-01 2.449957e-01 2.557251e-01 2.602236e-01 2.789234e-01 2.805508e-01 2.965749e-01 3.064856e-01 3.282691e-01 3.390049e-01 3.752026e-01 4.280449e-01 4.752768e-01 5.170909e-01 5.311525e-01 6.224075e-01 7.622388e-01 7.928964e-01 8.788796e-01 
190 1901 3.105408e-03 8.800808e-01 7.277869e-02 7.277869e-02 1.224274e-01 1.377018e-01 1.510242e-01 1.850189e-01 2.035719e-01 2.045473e-01 2.227863e-01 2.289520e-01 2.329632e-01 2.450506e-01 2.554771e-01 2.601461e-01 2.786408e-01 2.801967e-01 2.961328e-01 3.063210e-01 3.277773e-01 3.384025e-01 3.765963e-01 4.297370e-01 4.749485e-01 5.179672e-01 5.303350e-01 6.210600e-01 7.603849e-01 7.952058e-01 8.800808e-01 
191 1911 3.078412e-03 8.801790e-01 7.260388e-02 7.260388e-02 1.222090e-01 1.373705e-01 1.507905e-01 1.846984e-01 2.033033e-01 2.042233e-01 2.224375e-01 2.296157e-01 2.324323e-01 2.447253e-01 2.549709e-01 2.599878e-01 2.785271e-01 2.801736e-01 2.957234e-01 3.070035e-01 3.271279e-01 3.382503e-01 3.767014e-01 4.333148e-01 4.755095e-01 5.177227e-01 5.305252e-01 6.203548e-01 7.583708e-01 7.942056e-01 8.801790e-01 
192 1921 2.993797e-03 8.812486e-01 7.248641e-02 7.248641e-02 1.221131e-01 1.372165e-01 1.510503e-01 1.844671e-01 2.029461e-01 2.040435e-01 2.220671e-01 2.297659e-01 2.320382e-01 2.441487e-01 2.544892e-01 2.602525e-01 2.779479e-01 2.801433e-01 2.949192e-01 3.074458e-01 3.267245e-01 3.376372e-01 3.766838e-01 4.343121e-01 4.755394e-01 5.178339e-01 5.300948e-01 6.190541e-01 7.593827e-01 7.928003e-01 8.812486e-01 
193 1931 2.987031e-03 8.788933e-01 7.263704e-02 7.263704e-02 1.219095e-01 1.369147e-01 1.507617e-01 1.843959e-01 2.025284e-01 2.045007e-01 2.217708e-01 2.293378e-01 2.318494e-01 2.438137e-01 2.538288e-01 2.608353e-01 2.773434e-01 2.796166e-01 2.941288e-01 3.081846e-01 3.275871e-01 3.372997e-01 3.769434e-01 4.359882e-01 4.746078e-01 5.168949e-01 5.290252e-01 6.180950e-01 7.587284e-01 7.938977e-01 8.788933e-01 
194 1941 2.981526e-03 8.782823e-01 7.279722e-02 7.279722e-02 1.217091e-01 1.373686e-01 1.509744e-01 1.841724e-01 2.021115e-01 2.042725e-01 2.220050e-01 2.293860e-01 2.315787e-01 2.432637e-01 2.536728e-01 2.608187e-01 2.772805e-01 2.792168e-01 2.934187e-01 3.077973e-01 3.279964e-01 3.370088e-01 3.769739e-01 4.360081e-01 4.748767e-01 5.159294e-01 5.305421e-01 6.179265e-01 7.587325e-01 7.960147e-01 8.782823e-01 
195 1951 2.997141e-03 8.837723e-01 7.290707e-02 7.290707e-02 1.217149e-01 1.371618e-01 1.506529e-01 1.838327e-01 2.017514e-01 2.043187e-01 2.221558e-01 2.289303e-01 2.315468e-01 2.427422e-01 2.535703e-01 2.604414e-01 2.772787e-01 2.790517e-01 2.931136e-01 3.072743e-01 3.276019e-01 3.363034e-01 3.808232e-01 4.362559e-01 4.744369e-01 5.148429e-01 5.298888e-01 6.175253e-01 7.608562e-01 7.958980e-01 8.837723e-01 
196 1961 2.973421e-03 8.873871e-01 7.283189e-02 7.283189e-02 1.216320e-01 1.371754e-01 1.509796e-01 1.835410e-01 2.014645e-01 2.062619e-01 2.221810e-01 2.284542e-01 2.311020e-01 2.423121e-01 2.533037e-01 2.603960e-01 2.768652e-01 2.784844e-01 2.926826e-01 3.066549e-01 3.276633e-01 3.362776e-01 3.818809e-01 4.353610e-01 4.735235e-01 5.139102e-01 5.289834e-01 6.167754e-01 7.645176e-01 7.948376e-01 8.873871e-01 
197 1971 2.967832e-03 8.946586e-01 7.279135e-02 7.279135e-02 1.217652e-01 1.369680e-01 1.508773e-01 1.835640e-01 2.011590e-01 2.060933e-01 2.217046e-01 2.282263e-01 2.307603e-01 2.418443e-01 2.529439e-01 2.599307e-01 2.761933e-01 2.779981e-01 2.921822e-01 3.061000e-01 3.275108e-01 3.361724e-01 3.821368e-01 4.349622e-01 4.732441e-01 5.137202e-01 5.278161e-01 6.157989e-01 7.643965e-01 7.954871e-01 8.946586e-01 
198 1981 2.961513e-03 8.969408e-01 7.265480e-02 7.265480e-02 1.217771e-01 1.367623e-01 1.506367e-01 1.841953e-01 2.007096e-01 2.056646e-01 2.215368e-01 2.279819e-01 2.304676e-01 2.419016e-01 2.530847e-01 2.603044e-01 2.754941e-01 2.779707e-01 2.918284e-01 3.059531e-01 3.278298e-01 3.363013e-01 3.832857e-01 4.340354e-01 4.740370e-01 5.128605e-01 5.272489e-01 6.144123e-01 7.632836e-01 7.948146e-01 8.969408e-01 
199 1991 2.891305e-03 8.999096e-01 7.264388e-02 7.264388e-02 1.215835e-01 1.368227e-01 1.505694e-01 1.843584e-01 2.002117e-01 2.054454e-01 2.209945e-01 2.274921e-01 2.306002e-01 2.417303e-01 2.535824e-01 2.597391e-01 2.751207e-01 2.781268e-01 2.911671e-01 3.053264e-01 3.273336e-01 3.360456e-01 3.839759e-01 4.333251e-01 4.728963e-01 5.118942e-01 5.276438e-01 6.134565e-01 7.619326e-01 7.943212e-01 8.999096e-01 
200 2001 2.803147e-03 8.991476e-01 7.258510e-02 7.258510e-02 1.213674e-01 1.368339e-01 1.503869e-01 1.840938e-01 1.998481e-01 2.053090e-01 2.206694e-01 2.271031e-01 2.303712e-01 2.412110e-01 2.530041e-01 2.595711e-01 2.763666e-01 2.776450e-01 2.921675e-01 3.048279e-01 3.270442e-01 3.358236e-01 3.839499e-01 4.323974e-01 4.718149e-01 5.118387e-01 5.271973e-01 6.130242e-01 7.611965e-01 7.928438e-01 8.991476e-01 
