%  columns=["iteration, evaluation, sigma, void, void, stds==sigma*sqrt(diag(C))" (startseed=216610, 2026/02/16 20:57:45.12)
1 11 4.046984e-02 0 0 1.365311e-02 1.072090e-02 1.389451e-02 1.047289e-02 9.139117e-03 1.273899e-02 2.006936e-02 1.842340e-02 1.197004e-02 1.352994e-02 1.266786e-02 1.009265e-02 5.638684e-03 1.109174e-02 3.411802e-03 1.072462e-02 1.623464e-02 6.541483e-03 6.298716e-03 3.797477e-02 1.032683e-02 8.617215e-03 1.909264e-02 3.677762e-02 1.374189e-02 4.042617e-02 2.809858e-02 2.518684e-02 
2 21 3.898169e-02 0 0 1.313880e-02 1.030203e-02 1.335757e-02 1.006980e-02 8.793290e-03 1.225793e-02 1.936304e-02 1.771494e-02 1.153491e-02 1.300658e-02 1.218746e-02 9.713299e-03 5.423254e-03 1.066968e-02 3.278445e-03 1.036559e-02 1.561688e-02 6.304175e-03 6.072006e-03 3.649530e-02 9.938930e-03 8.316929e-03 1.836572e-02 3.542290e-02 1.321243e-02 3.890809e-02 2.700988e-02 2.423836e-02 
3 31 3.785017e-02 0 0 1.278028e-02 1.002259e-02 1.294789e-02 9.753654e-03 8.528048e-03 1.195402e-02 1.878783e-02 1.721873e-02 1.118630e-02 1.259758e-02 1.181055e-02 9.437303e-03 5.255810e-03 1.036759e-02 3.175720e-03 1.005513e-02 1.514142e-02 6.119362e-03 5.883614e-03 3.535739e-02 9.637368e-03 8.070147e-03 1.781913e-02 3.436025e-02 1.284651e-02 3.769469e-02 2.616506e-02 2.349011e-02 
4 41 3.598858e-02 0 0 1.217550e-02 9.523090e-03 1.230882e-02 9.255006e-03 8.096172e-03 1.140801e-02 1.786130e-02 1.637816e-02 1.061250e-02 1.196605e-02 1.120938e-02 8.961903e-03 4.992747e-03 9.839618e-03 3.022070e-03 9.542696e-03 1.436892e-02 5.806850e-03 5.589119e-03 3.356348e-02 9.146699e-03 7.665878e-03 1.690937e-02 3.263781e-02 1.222840e-02 3.584213e-02 2.483731e-02 2.228677e-02 
5 51 3.440888e-02 0 0 1.161373e-02 9.119861e-03 1.178456e-02 8.846662e-03 7.720865e-03 1.089355e-02 1.705918e-02 1.569660e-02 1.012349e-02 1.142458e-02 1.070659e-02 8.553693e-03 4.761591e-03 9.400938e-03 2.883903e-03 9.108315e-03 1.371081e-02 5.544491e-03 5.339058e-03 3.204735e-02 8.733622e-03 7.313305e-03 1.616040e-02 3.116620e-02 1.169687e-02 3.429052e-02 2.372324e-02 2.125727e-02 
6 61 3.283151e-02 0 0 1.108069e-02 8.702246e-03 1.122781e-02 8.422318e-03 7.352063e-03 1.038732e-02 1.624636e-02 1.498287e-02 9.651091e-03 1.087616e-02 1.021042e-02 8.154602e-03 4.539415e-03 8.962163e-03 2.751773e-03 8.669419e-03 1.308428e-02 5.284541e-03 5.092591e-03 3.054098e-02 8.317767e-03 6.970100e-03 1.539943e-02 2.968371e-02 1.116796e-02 3.277872e-02 2.257588e-02 2.024250e-02 
7 71 3.178830e-02 0 0 1.070394e-02 8.406361e-03 1.086604e-02 8.155666e-03 7.103066e-03 1.003807e-02 1.570772e-02 1.452452e-02 9.350174e-03 1.055396e-02 9.865108e-03 7.893304e-03 4.384039e-03 8.657409e-03 2.659539e-03 8.379188e-03 1.264477e-02 5.107888e-03 4.941589e-03 2.953635e-02 8.058596e-03 6.737637e-03 1.498367e-02 2.869550e-02 1.079552e-02 3.170806e-02 2.182181e-02 1.957554e-02 
8 81 3.073577e-02 0 0 1.037025e-02 8.136204e-03 1.049039e-02 7.874301e-03 6.879518e-03 9.696839e-03 1.523361e-02 1.404278e-02 9.032959e-03 1.020005e-02 9.518860e-03 7.618447e-03 4.236753e-03 8.353640e-03 2.578968e-03 8.088459e-03 1.221435e-02 4.956783e-03 4.776473e-03 2.851988e-02 7.793483e-03 6.504258e-03 1.448145e-02 2.772598e-02 1.043269e-02 3.061112e-02 2.107550e-02 1.893834e-02 
9 91 3.004609e-02 0 0 1.014313e-02 7.952232e-03 1.023511e-02 7.682367e-03 6.760109e-03 9.463338e-03 1.487285e-02 1.371190e-02 8.832416e-03 9.959306e-03 9.287390e-03 7.440941e-03 4.153517e-03 8.151666e-03 2.518135e-03 7.905436e-03 1.191412e-02 4.847743e-03 4.665593e-03 2.783115e-02 7.611862e-03 6.379462e-03 1.413559e-02 2.704282e-02 1.020254e-02 2.985062e-02 2.055252e-02 1.854720e-02 
10 101 2.932595e-02 0 0 9.950791e-03 7.750135e-03 9.970382e-03 7.483446e-03 6.598036e-03 9.215593e-03 1.447880e-02 1.336981e-02 8.603390e-03 9.699005e-03 9.050738e-03 7.249162e-03 4.048295e-03 7.941488e-03 2.457510e-03 7.702127e-03 1.161233e-02 4.740695e-03 4.547297e-03 2.718698e-02 7.450722e-03 6.215784e-03 1.378341e-02 2.642019e-02 9.937590e-03 2.909718e-02 2.001014e-02 1.821538e-02 
11 111 2.809991e-02 0 0 9.525764e-03 7.445294e-03 9.530551e-03 7.157141e-03 6.321209e-03 8.821816e-03 1.385753e-02 1.279972e-02 8.236523e-03 9.295281e-03 8.658471e-03 6.950202e-03 3.874851e-03 7.599047e-03 2.354478e-03 7.379937e-03 1.111958e-02 4.536991e-03 4.354473e-03 2.605836e-02 7.131566e-03 5.948720e-03 1.317487e-02 2.530515e-02 9.515035e-03 2.782978e-02 1.912991e-02 1.745565e-02 
12 121 2.700654e-02 0 0 9.153096e-03 7.139792e-03 9.147118e-03 6.874874e-03 6.062464e-03 8.497126e-03 1.329520e-02 1.228839e-02 7.901899e-03 8.912858e-03 8.313171e-03 6.669988e-03 3.723009e-03 7.293862e-03 2.275531e-03 7.088917e-03 1.067378e-02 4.370313e-03 4.185422e-03 2.499232e-02 6.844322e-03 5.720096e-03 1.263705e-02 2.431407e-02 9.124814e-03 2.668856e-02 1.835691e-02 1.675528e-02 
13 131 2.595468e-02 0 0 8.793145e-03 6.879544e-03 8.777292e-03 6.593570e-03 5.817581e-03 8.154032e-03 1.276467e-02 1.178639e-02 7.593496e-03 8.550124e-03 7.974149e-03 6.405149e-03 3.576991e-03 6.993673e-03 2.187569e-03 6.806309e-03 1.026223e-02 4.197150e-03 4.011833e-03 2.401606e-02 6.570265e-03 5.487826e-03 1.211902e-02 2.335609e-02 8.753961e-03 2.562577e-02 1.765305e-02 1.613888e-02 
14 141 2.493145e-02 0 0 8.458371e-03 6.610746e-03 8.421762e-03 6.323076e-03 5.576295e-03 7.822703e-03 1.225035e-02 1.132104e-02 7.297285e-03 8.212205e-03 7.652930e-03 6.142059e-03 3.429332e-03 6.735400e-03 2.100458e-03 6.521028e-03 9.844790e-03 4.023335e-03 3.849997e-03 2.301173e-02 6.305308e-03 5.287799e-03 1.162665e-02 2.240126e-02 8.397447e-03 2.456870e-02 1.691705e-02 1.550755e-02 
15 151 2.380299e-02 0 0 8.059192e-03 6.300237e-03 8.062277e-03 6.051193e-03 5.323565e-03 7.463790e-03 1.167964e-02 1.079916e-02 6.969227e-03 7.826333e-03 7.301551e-03 5.851867e-03 3.271176e-03 6.417192e-03 2.001692e-03 6.209067e-03 9.388604e-03 3.836340e-03 3.677549e-03 2.192417e-02 6.026928e-03 5.046086e-03 1.107876e-02 2.136203e-02 8.012411e-03 2.342285e-02 1.611026e-02 1.478721e-02 
16 161 2.362356e-02 0 0 7.995008e-03 6.268997e-03 7.995030e-03 6.003173e-03 5.284151e-03 7.401847e-03 1.158052e-02 1.070393e-02 6.962144e-03 7.763812e-03 7.237842e-03 5.820359e-03 3.247280e-03 6.369184e-03 1.983483e-03 6.169026e-03 9.304530e-03 3.803016e-03 3.648421e-03 2.183413e-02 5.995120e-03 5.002622e-03 1.098079e-02 2.117539e-02 7.949958e-03 2.319502e-02 1.595733e-02 1.466080e-02 
17 171 2.379268e-02 0 0 8.040996e-03 6.305805e-03 8.040477e-03 6.058911e-03 5.357127e-03 7.471965e-03 1.167085e-02 1.079923e-02 7.039088e-03 7.815279e-03 7.284402e-03 5.866421e-03 3.267779e-03 6.411149e-03 1.994086e-03 6.205315e-03 9.362037e-03 3.824301e-03 3.666903e-03 2.195401e-02 6.045070e-03 5.034937e-03 1.109580e-02 2.128453e-02 7.996224e-03 2.334016e-02 1.604395e-02 1.474666e-02 
18 181 2.367570e-02 0 0 7.986354e-03 6.275448e-03 8.032399e-03 6.035121e-03 5.333508e-03 7.419240e-03 1.159503e-02 1.075301e-02 7.022755e-03 7.762309e-03 7.245284e-03 5.851319e-03 3.247349e-03 6.380354e-03 1.983088e-03 6.161436e-03 9.304890e-03 3.802801e-03 3.643426e-03 2.180958e-02 6.011698e-03 5.003430e-03 1.104420e-02 2.112586e-02 7.966678e-03 2.316563e-02 1.592970e-02 1.463867e-02 
19 191 2.378902e-02 0 0 8.026296e-03 6.313566e-03 8.119741e-03 6.057000e-03 5.381384e-03 7.444741e-03 1.163389e-02 1.081141e-02 7.073892e-03 7.784710e-03 7.273960e-03 5.886001e-03 3.262321e-03 6.422192e-03 1.996919e-03 6.202352e-03 9.348227e-03 3.818939e-03 3.653532e-03 2.189707e-02 6.037266e-03 5.016231e-03 1.107500e-02 2.118170e-02 7.998432e-03 2.322488e-02 1.597040e-02 1.476055e-02 
20 201 2.389551e-02 0 0 8.055463e-03 6.348190e-03 8.177135e-03 6.088395e-03 5.428261e-03 7.497967e-03 1.169102e-02 1.086219e-02 7.108823e-03 7.817224e-03 7.296372e-03 5.917215e-03 3.270379e-03 6.436053e-03 2.012753e-03 6.232588e-03 9.376277e-03 3.826386e-03 3.668029e-03 2.197454e-02 6.078403e-03 5.034587e-03 1.111164e-02 2.125169e-02 8.031981e-03 2.326997e-02 1.603003e-02 1.485174e-02 
21 211 2.380629e-02 0 0 8.021962e-03 6.308359e-03 8.145239e-03 6.054530e-03 5.428312e-03 7.459440e-03 1.167917e-02 1.085790e-02 7.074956e-03 7.775591e-03 7.264596e-03 5.909974e-03 3.259385e-03 6.397580e-03 2.007655e-03 6.222191e-03 9.332784e-03 3.803563e-03 3.648638e-03 2.187716e-02 6.049780e-03 5.008805e-03 1.106149e-02 2.115588e-02 7.996394e-03 2.315898e-02 1.594706e-02 1.478769e-02 
22 221 2.328855e-02 0 0 7.837505e-03 6.158881e-03 7.959275e-03 5.918934e-03 5.319827e-03 7.312112e-03 1.141608e-02 1.064334e-02 6.913030e-03 7.588911e-03 7.088474e-03 5.797328e-03 3.181839e-03 6.250483e-03 1.965494e-03 6.078441e-03 9.125373e-03 3.722939e-03 3.570302e-03 2.138203e-02 5.910341e-03 4.897801e-03 1.080766e-02 2.064508e-02 7.812217e-03 2.260649e-02 1.557687e-02 1.447588e-02 
23 231 2.290246e-02 0 0 7.769722e-03 6.051175e-03 7.813061e-03 5.819406e-03 5.238026e-03 7.219418e-03 1.122403e-02 1.047597e-02 6.784243e-03 7.448649e-03 6.970493e-03 5.702039e-03 3.121886e-03 6.165333e-03 1.933104e-03 5.967215e-03 8.958614e-03 3.666892e-03 3.507538e-03 2.098256e-02 5.810943e-03 4.807038e-03 1.062463e-02 2.033554e-02 7.664994e-03 2.219776e-02 1.528688e-02 1.424248e-02 
24 241 2.245556e-02 0 0 7.620813e-03 5.944580e-03 7.654827e-03 5.700535e-03 5.127016e-03 7.081462e-03 1.098839e-02 1.027285e-02 6.634928e-03 7.291778e-03 6.824715e-03 5.587165e-03 3.082037e-03 6.041784e-03 1.892466e-03 5.838040e-03 8.767492e-03 3.626620e-03 3.431967e-03 2.052580e-02 5.686984e-03 4.705171e-03 1.041263e-02 1.995572e-02 7.497620e-03 2.172714e-02 1.495097e-02 1.402662e-02 
25 251 2.178171e-02 0 0 7.425943e-03 5.758876e-03 7.424954e-03 5.534581e-03 4.965670e-03 6.854366e-03 1.067085e-02 9.965710e-03 6.426341e-03 7.065893e-03 6.609532e-03 5.417129e-03 2.987352e-03 5.859517e-03 1.834310e-03 5.663026e-03 8.484834e-03 3.519327e-03 3.321264e-03 1.987289e-02 5.507498e-03 4.554595e-03 1.008300e-02 1.933240e-02 7.258052e-03 2.104780e-02 1.447451e-02 1.360279e-02 
26 261 2.114589e-02 0 0 7.195117e-03 5.588867e-03 7.209827e-03 5.360688e-03 4.827826e-03 6.649343e-03 1.039054e-02 9.658636e-03 6.225052e-03 6.848754e-03 6.412908e-03 5.255646e-03 2.896177e-03 5.681554e-03 1.777938e-03 5.492552e-03 8.239569e-03 3.411381e-03 3.226245e-03 1.926121e-02 5.332890e-03 4.421452e-03 9.783035e-03 1.880328e-02 7.043367e-03 2.045132e-02 1.402217e-02 1.318164e-02 
27 271 2.080148e-02 0 0 7.068439e-03 5.506791e-03 7.087989e-03 5.268003e-03 4.750536e-03 6.529328e-03 1.025800e-02 9.525602e-03 6.113979e-03 6.727194e-03 6.296985e-03 5.164555e-03 2.845032e-03 5.593730e-03 1.745999e-03 5.398978e-03 8.095618e-03 3.349529e-03 3.183958e-03 1.891228e-02 5.240302e-03 4.343955e-03 9.625280e-03 1.848393e-02 6.918029e-03 2.007348e-02 1.376141e-02 1.296812e-02 
28 281 2.034798e-02 0 0 6.901243e-03 5.389404e-03 6.925393e-03 5.145675e-03 4.653102e-03 6.373958e-03 1.005045e-02 9.326896e-03 5.997335e-03 6.595291e-03 6.146219e-03 5.048405e-03 2.778982e-03 5.467784e-03 1.705572e-03 5.268105e-03 7.901450e-03 3.279882e-03 3.117602e-03 1.846936e-02 5.118006e-03 4.248211e-03 9.399519e-03 1.806736e-02 6.769757e-03 1.961368e-02 1.342909e-02 1.266226e-02 
29 291 1.967513e-02 0 0 6.672457e-03 5.199150e-03 6.706842e-03 4.979858e-03 4.505920e-03 6.190620e-03 9.727155e-03 9.006812e-03 5.809042e-03 6.371696e-03 5.939673e-03 4.876127e-03 2.686847e-03 5.293477e-03 1.644909e-03 5.084567e-03 7.634615e-03 3.171735e-03 3.016294e-03 1.781697e-02 4.938098e-03 4.110974e-03 9.086314e-03 1.744987e-02 6.532054e-03 1.893461e-02 1.295916e-02 1.222669e-02 
30 301 1.920736e-02 0 0 6.501331e-03 5.077247e-03 6.530731e-03 4.866699e-03 4.394834e-03 6.031519e-03 9.483307e-03 8.793908e-03 5.669960e-03 6.220079e-03 5.790122e-03 4.755191e-03 2.629577e-03 5.162527e-03 1.603522e-03 4.951952e-03 7.455431e-03 3.093884e-03 2.947027e-03 1.736169e-02 4.818847e-03 4.004326e-03 8.871057e-03 1.699452e-02 6.380970e-03 1.847226e-02 1.262969e-02 1.192363e-02 
31 311 1.877275e-02 0 0 6.344345e-03 4.955061e-03 6.379742e-03 4.757990e-03 4.289281e-03 5.886399e-03 9.253619e-03 8.580323e-03 5.537081e-03 6.087554e-03 5.649235e-03 4.638639e-03 2.568038e-03 5.087907e-03 1.563245e-03 4.842721e-03 7.280112e-03 3.019948e-03 2.885159e-03 1.696091e-02 4.700931e-03 3.930334e-03 8.695656e-03 1.658366e-02 6.220474e-03 1.801048e-02 1.232250e-02 1.167037e-02 
32 321 1.839993e-02 0 0 6.206492e-03 4.850044e-03 6.244357e-03 4.652936e-03 4.193622e-03 5.769610e-03 9.070961e-03 8.426444e-03 5.438620e-03 5.969483e-03 5.529407e-03 4.538649e-03 2.512152e-03 4.986336e-03 1.531240e-03 4.747777e-03 7.135915e-03 2.952401e-03 2.831869e-03 1.659970e-02 4.606178e-03 3.844930e-03 8.552094e-03 1.622259e-02 6.090042e-03 1.761174e-02 1.204821e-02 1.141611e-02 
33 331 1.831779e-02 0 0 6.173882e-03 4.825545e-03 6.204939e-03 4.626370e-03 4.164496e-03 5.745163e-03 9.023633e-03 8.386677e-03 5.429909e-03 5.938969e-03 5.501510e-03 4.509975e-03 2.509658e-03 4.962224e-03 1.522355e-03 4.720209e-03 7.097356e-03 2.943008e-03 2.842166e-03 1.650545e-02 4.591271e-03 3.827719e-03 8.517292e-03 1.612897e-02 6.052412e-03 1.752579e-02 1.196492e-02 1.135268e-02 
34 341 1.829548e-02 0 0 6.150690e-03 4.833686e-03 6.194556e-03 4.627679e-03 4.151686e-03 5.744983e-03 9.004068e-03 8.394270e-03 5.423337e-03 5.922099e-03 5.484607e-03 4.498331e-03 2.511010e-03 4.959338e-03 1.518377e-03 4.703279e-03 7.097679e-03 2.935835e-03 2.841669e-03 1.644622e-02 4.638873e-03 3.814833e-03 8.501938e-03 1.608571e-02 6.030742e-03 1.747241e-02 1.194536e-02 1.132137e-02 
35 351 1.794875e-02 0 0 6.020621e-03 4.757756e-03 6.061736e-03 4.539761e-03 4.067980e-03 5.644938e-03 8.841294e-03 8.235164e-03 5.327572e-03 5.795120e-03 5.370368e-03 4.409304e-03 2.470778e-03 4.860945e-03 1.487890e-03 4.608094e-03 6.979630e-03 2.876960e-03 2.791859e-03 1.610620e-02 4.559808e-03 3.738075e-03 8.326023e-03 1.580959e-02 5.915068e-03 1.712581e-02 1.170103e-02 1.107864e-02 
36 361 1.748137e-02 0 0 5.858268e-03 4.623441e-03 5.901066e-03 4.416369e-03 3.953759e-03 5.503941e-03 8.601938e-03 8.046611e-03 5.203113e-03 5.645008e-03 5.225853e-03 4.285946e-03 2.402843e-03 4.743403e-03 1.448721e-03 4.482314e-03 6.796745e-03 2.800223e-03 2.719395e-03 1.566590e-02 4.440144e-03 3.633766e-03 8.093952e-03 1.539639e-02 5.755278e-03 1.667087e-02 1.137079e-02 1.078080e-02 
37 371 1.702754e-02 0 0 5.714279e-03 4.494951e-03 5.753700e-03 4.293417e-03 3.846350e-03 5.388374e-03 8.381971e-03 7.856953e-03 5.073761e-03 5.487823e-03 5.077849e-03 4.170606e-03 2.343433e-03 4.616171e-03 1.408314e-03 4.370556e-03 6.627828e-03 2.723849e-03 2.646184e-03 1.522712e-02 4.320569e-03 3.537858e-03 7.870413e-03 1.498307e-02 5.599078e-03 1.620617e-02 1.104993e-02 1.050115e-02 
38 381 1.690496e-02 0 0 5.661647e-03 4.463893e-03 5.704319e-03 4.259453e-03 3.810905e-03 5.356746e-03 8.303149e-03 7.804831e-03 5.086942e-03 5.449039e-03 5.032136e-03 4.132212e-03 2.323899e-03 4.583191e-03 1.397564e-03 4.363921e-03 6.584889e-03 2.700258e-03 2.632290e-03 1.508565e-02 4.286405e-03 3.506819e-03 7.826155e-03 1.486157e-02 5.552837e-03 1.611366e-02 1.094467e-02 1.043179e-02 
39 391 1.708227e-02 0 0 5.715462e-03 4.501872e-03 5.756039e-03 4.300198e-03 3.848229e-03 5.412531e-03 8.382658e-03 7.886491e-03 5.159077e-03 5.530666e-03 5.073494e-03 4.182101e-03 2.345040e-03 4.625757e-03 1.414401e-03 4.409686e-03 6.673919e-03 2.721976e-03 2.661722e-03 1.526458e-02 4.369165e-03 3.543930e-03 7.906358e-03 1.497830e-02 5.599545e-03 1.626116e-02 1.103438e-02 1.052726e-02 
40 401 1.704616e-02 0 0 5.691544e-03 4.488136e-03 5.733534e-03 4.294854e-03 3.836732e-03 5.391334e-03 8.384518e-03 7.863024e-03 5.170098e-03 5.525754e-03 5.057976e-03 4.172271e-03 2.337299e-03 4.637614e-03 1.410568e-03 4.400881e-03 6.665359e-03 2.711668e-03 2.653173e-03 1.520974e-02 4.366538e-03 3.533355e-03 7.872485e-03 1.493262e-02 5.578942e-03 1.623898e-02 1.100529e-02 1.048349e-02 
41 411 1.697001e-02 0 0 5.682407e-03 4.465441e-03 5.704455e-03 4.267865e-03 3.823677e-03 5.363041e-03 8.339638e-03 7.832927e-03 5.165466e-03 5.506146e-03 5.037010e-03 4.148491e-03 2.326829e-03 4.619539e-03 1.402118e-03 4.392018e-03 6.629973e-03 2.702111e-03 2.637601e-03 1.512567e-02 4.349769e-03 3.528744e-03 7.821556e-03 1.483762e-02 5.545617e-03 1.616459e-02 1.093108e-02 1.042123e-02 
42 421 1.675106e-02 0 0 5.606997e-03 4.403278e-03 5.617648e-03 4.207781e-03 3.774378e-03 5.294944e-03 8.231174e-03 7.726572e-03 5.124845e-03 5.427592e-03 4.979927e-03 4.087583e-03 2.295014e-03 4.555721e-03 1.382952e-03 4.344791e-03 6.529378e-03 2.670222e-03 2.599197e-03 1.489908e-02 4.309021e-03 3.493961e-03 7.703555e-03 1.461367e-02 5.472790e-03 1.593212e-02 1.077941e-02 1.029634e-02 
43 431 1.688035e-02 0 0 5.648240e-03 4.429112e-03 5.660467e-03 4.232448e-03 3.800421e-03 5.323531e-03 8.301117e-03 7.773677e-03 5.186837e-03 5.473820e-03 5.020527e-03 4.112372e-03 2.311207e-03 4.607317e-03 1.392750e-03 4.388985e-03 6.568300e-03 2.685040e-03 2.615156e-03 1.497556e-02 4.331993e-03 3.537887e-03 7.744241e-03 1.472701e-02 5.510407e-03 1.608656e-02 1.084944e-02 1.037689e-02 
44 441 1.705977e-02 0 0 5.704268e-03 4.468369e-03 5.723985e-03 4.270815e-03 3.835035e-03 5.393943e-03 8.392090e-03 7.839485e-03 5.244484e-03 5.548799e-03 5.086756e-03 4.150400e-03 2.332042e-03 4.683748e-03 1.407827e-03 4.477989e-03 6.625839e-03 2.708172e-03 2.637827e-03 1.511428e-02 4.372032e-03 3.577855e-03 7.830612e-03 1.484599e-02 5.561775e-03 1.624089e-02 1.095556e-02 1.046380e-02 
45 451 1.671141e-02 0 0 5.578787e-03 4.371157e-03 5.612702e-03 4.182119e-03 3.755575e-03 5.270668e-03 8.238092e-03 7.664564e-03 5.134499e-03 5.440228e-03 4.975329e-03 4.056533e-03 2.283674e-03 4.597624e-03 1.381796e-03 4.402351e-03 6.481986e-03 2.650411e-03 2.580164e-03 1.478269e-02 4.278331e-03 3.510408e-03 7.664448e-03 1.451859e-02 5.441960e-03 1.590372e-02 1.070880e-02 1.023361e-02 
46 461 1.689014e-02 0 0 5.625090e-03 4.411005e-03 5.659407e-03 4.219348e-03 3.795513e-03 5.312907e-03 8.343052e-03 7.766275e-03 5.214539e-03 5.510564e-03 5.019159e-03 4.089435e-03 2.312380e-03 4.664050e-03 1.400492e-03 4.484771e-03 6.548677e-03 2.677212e-03 2.607240e-03 1.491604e-02 4.316021e-03 3.550127e-03 7.726458e-03 1.464688e-02 5.488513e-03 1.603580e-02 1.081165e-02 1.031607e-02 
47 471 1.715957e-02 0 0 5.717365e-03 4.483895e-03 5.738758e-03 4.279420e-03 3.855836e-03 5.391775e-03 8.548600e-03 7.894633e-03 5.294341e-03 5.607846e-03 5.102821e-03 4.147850e-03 2.351837e-03 4.743749e-03 1.423840e-03 4.593770e-03 6.648256e-03 2.715215e-03 2.647721e-03 1.512537e-02 4.381622e-03 3.604529e-03 7.831842e-03 1.485542e-02 5.571916e-03 1.629532e-02 1.096405e-02 1.045791e-02 
48 481 1.711461e-02 0 0 5.698330e-03 4.472902e-03 5.712645e-03 4.261328e-03 3.860248e-03 5.365526e-03 8.554452e-03 7.873818e-03 5.283532e-03 5.590508e-03 5.097024e-03 4.127045e-03 2.358789e-03 4.741820e-03 1.428516e-03 4.594686e-03 6.636584e-03 2.703056e-03 2.636730e-03 1.507203e-02 4.365565e-03 3.590627e-03 7.793718e-03 1.478211e-02 5.546715e-03 1.622057e-02 1.092810e-02 1.041431e-02 
49 491 1.742430e-02 0 0 5.804911e-03 4.556506e-03 5.804587e-03 4.344922e-03 3.933275e-03 5.452422e-03 8.710628e-03 8.014606e-03 5.368196e-03 5.706730e-03 5.265251e-03 4.204776e-03 2.402826e-03 4.819916e-03 1.460236e-03 4.685076e-03 6.758564e-03 2.745346e-03 2.697631e-03 1.531908e-02 4.438914e-03 3.651877e-03 7.919863e-03 1.505243e-02 5.649891e-03 1.647461e-02 1.109848e-02 1.059102e-02 
50 501 1.767471e-02 0 0 5.879418e-03 4.623120e-03 5.880784e-03 4.407203e-03 3.986323e-03 5.521341e-03 8.843425e-03 8.133841e-03 5.431457e-03 5.784280e-03 5.388990e-03 4.264259e-03 2.433681e-03 4.878046e-03 1.483866e-03 4.757139e-03 6.848236e-03 2.777587e-03 2.760011e-03 1.560383e-02 4.497093e-03 3.699168e-03 8.021416e-03 1.528783e-02 5.720934e-03 1.673659e-02 1.123127e-02 1.073818e-02 
51 511 1.799196e-02 0 0 5.969723e-03 4.701293e-03 5.972985e-03 4.492901e-03 4.055026e-03 5.607711e-03 9.022468e-03 8.264943e-03 5.522769e-03 5.896676e-03 5.519172e-03 4.333782e-03 2.473326e-03 4.985633e-03 1.514591e-03 4.848805e-03 6.957302e-03 2.823303e-03 2.820128e-03 1.590161e-02 4.575331e-03 3.759287e-03 8.182178e-03 1.556334e-02 5.812697e-03 1.701000e-02 1.141243e-02 1.091406e-02 
52 521 1.823741e-02 0 0 6.038149e-03 4.757281e-03 6.043951e-03 4.552070e-03 4.103250e-03 5.678806e-03 9.141278e-03 8.386983e-03 5.608252e-03 5.978529e-03 5.630106e-03 4.394788e-03 2.508109e-03 5.045250e-03 1.538668e-03 4.914299e-03 7.047332e-03 2.854965e-03 2.868330e-03 1.609197e-02 4.638737e-03 3.808776e-03 8.297171e-03 1.576082e-02 5.892562e-03 1.720450e-02 1.157105e-02 1.105916e-02 
53 531 1.799376e-02 0 0 5.942498e-03 4.683187e-03 5.952422e-03 4.500012e-03 4.070308e-03 5.604252e-03 9.004488e-03 8.256452e-03 5.533618e-03 5.898977e-03 5.571400e-03 4.328510e-03 2.472383e-03 4.980140e-03 1.518336e-03 4.845560e-03 6.947743e-03 2.811227e-03 2.838434e-03 1.586236e-02 4.576622e-03 3.769177e-03 8.175440e-03 1.554448e-02 5.801811e-03 1.694692e-02 1.140096e-02 1.090287e-02 
54 541 1.749380e-02 0 0 5.765978e-03 4.546040e-03 5.778994e-03 4.382843e-03 3.964504e-03 5.440838e-03 8.743667e-03 8.022373e-03 5.370174e-03 5.720801e-03 5.419260e-03 4.203157e-03 2.400802e-03 4.829961e-03 1.475085e-03 4.710027e-03 6.745253e-03 2.729594e-03 2.759040e-03 1.539108e-02 4.442485e-03 3.670429e-03 7.930065e-03 1.515519e-02 5.632008e-03 1.644395e-02 1.107056e-02 1.058185e-02 
55 551 1.700274e-02 0 0 5.606027e-03 4.419560e-03 5.605313e-03 4.259854e-03 3.850795e-03 5.291673e-03 8.496169e-03 7.795263e-03 5.214078e-03 5.552299e-03 5.271322e-03 4.081561e-03 2.332384e-03 4.686959e-03 1.434704e-03 4.571343e-03 6.541262e-03 2.646818e-03 2.682817e-03 1.492862e-02 4.325776e-03 3.581345e-03 7.692910e-03 1.472297e-02 5.471751e-03 1.598914e-02 1.075630e-02 1.029125e-02 
56 561 1.652149e-02 0 0 5.438878e-03 4.293094e-03 5.444314e-03 4.133560e-03 3.757247e-03 5.133026e-03 8.244825e-03 7.584582e-03 5.056456e-03 5.386823e-03 5.114002e-03 3.962914e-03 2.263568e-03 4.564876e-03 1.393451e-03 4.431821e-03 6.357765e-03 2.568855e-03 2.605698e-03 1.448370e-02 4.206491e-03 3.489182e-03 7.459141e-03 1.430032e-02 5.318357e-03 1.550079e-02 1.045615e-02 9.994719e-03 
57 571 1.593268e-02 0 0 5.235729e-03 4.136445e-03 5.247924e-03 3.978592e-03 3.634225e-03 4.959055e-03 7.953343e-03 7.308758e-03 4.869903e-03 5.190348e-03 4.922305e-03 3.821373e-03 2.180310e-03 4.401849e-03 1.341284e-03 4.267037e-03 6.130642e-03 2.475036e-03 2.509872e-03 1.394763e-02 4.047689e-03 3.365553e-03 7.184772e-03 1.376024e-02 5.140572e-03 1.493848e-02 1.006346e-02 9.627970e-03 
58 581 1.554784e-02 0 0 5.107209e-03 4.027030e-03 5.116342e-03 3.877658e-03 3.544488e-03 4.829315e-03 7.748957e-03 7.118130e-03 4.741020e-03 5.055207e-03 4.801378e-03 3.733451e-03 2.128240e-03 4.296476e-03 1.308022e-03 4.155787e-03 5.972255e-03 2.414452e-03 2.443680e-03 1.361745e-02 3.943548e-03 3.290297e-03 7.021516e-03 1.341886e-02 5.022353e-03 1.455615e-02 9.800601e-03 9.404220e-03 
59 591 1.561987e-02 0 0 5.129788e-03 4.052521e-03 5.144937e-03 3.889988e-03 3.559325e-03 4.846659e-03 7.780628e-03 7.150614e-03 4.751746e-03 5.079665e-03 4.825553e-03 3.757000e-03 2.135179e-03 4.310511e-03 1.312455e-03 4.173233e-03 5.993412e-03 2.426074e-03 2.455498e-03 1.364889e-02 3.956852e-03 3.313157e-03 7.043385e-03 1.352881e-02 5.066492e-03 1.458784e-02 9.821604e-03 9.438752e-03 
60 601 1.579080e-02 0 0 5.179191e-03 4.087405e-03 5.201178e-03 3.941379e-03 3.600158e-03 4.888594e-03 7.863097e-03 7.256262e-03 4.795140e-03 5.125215e-03 4.869567e-03 3.807424e-03 2.158691e-03 4.347881e-03 1.325175e-03 4.219098e-03 6.061880e-03 2.454031e-03 2.487030e-03 1.377747e-02 3.994239e-03 3.353156e-03 7.121271e-03 1.367181e-02 5.132555e-03 1.471756e-02 9.906357e-03 9.601762e-03 
61 611 1.598982e-02 0 0 5.240870e-03 4.141348e-03 5.310341e-03 3.993486e-03 3.647291e-03 4.969779e-03 7.963844e-03 7.356542e-03 4.849695e-03 5.183974e-03 4.926802e-03 3.852340e-03 2.196459e-03 4.402317e-03 1.339550e-03 4.269852e-03 6.130336e-03 2.483599e-03 2.516945e-03 1.397969e-02 4.046234e-03 3.396133e-03 7.202672e-03 1.383165e-02 5.211891e-03 1.490133e-02 1.000939e-02 9.719373e-03 
62 621 1.608142e-02 0 0 5.259501e-03 4.161767e-03 5.358453e-03 4.016313e-03 3.678856e-03 4.991137e-03 7.996523e-03 7.389615e-03 4.867736e-03 5.208285e-03 4.956021e-03 3.877972e-03 2.211962e-03 4.421034e-03 1.344663e-03 4.295119e-03 6.156886e-03 2.496539e-03 2.528523e-03 1.407471e-02 4.060741e-03 3.431851e-03 7.245606e-03 1.389155e-02 5.244882e-03 1.501881e-02 1.005465e-02 9.766365e-03 
63 631 1.592439e-02 0 0 5.197372e-03 4.118140e-03 5.305851e-03 3.973336e-03 3.642872e-03 4.932537e-03 7.909173e-03 7.310857e-03 4.810434e-03 5.149872e-03 4.907789e-03 3.843830e-03 2.190615e-03 4.382157e-03 1.331576e-03 4.244837e-03 6.085493e-03 2.468236e-03 2.505827e-03 1.396878e-02 4.018345e-03 3.402895e-03 7.164579e-03 1.372543e-02 5.215858e-03 1.485696e-02 9.937741e-03 9.663209e-03 
64 641 1.566865e-02 0 0 5.104495e-03 4.046096e-03 5.241863e-03 3.900912e-03 3.581191e-03 4.846037e-03 7.766754e-03 7.188705e-03 4.739954e-03 5.061460e-03 4.850818e-03 3.781615e-03 2.156045e-03 4.315665e-03 1.309999e-03 4.183492e-03 5.984108e-03 2.426291e-03 2.460895e-03 1.376514e-02 3.954579e-03 3.349037e-03 7.045358e-03 1.347870e-02 5.134132e-03 1.459610e-02 9.758690e-03 9.485683e-03 
65 651 1.550768e-02 0 0 5.042178e-03 4.000108e-03 5.189110e-03 3.856584e-03 3.543677e-03 4.802619e-03 7.689827e-03 7.125693e-03 4.693648e-03 5.002002e-03 4.810816e-03 3.733588e-03 2.132809e-03 4.264153e-03 1.294093e-03 4.141645e-03 5.909187e-03 2.396319e-03 2.430940e-03 1.359800e-02 3.912651e-03 3.317914e-03 6.978142e-03 1.331794e-02 5.079760e-03 1.443500e-02 9.641516e-03 9.365891e-03 
66 661 1.512424e-02 0 0 4.907730e-03 3.897534e-03 5.057096e-03 3.764075e-03 3.451667e-03 4.679882e-03 7.479783e-03 6.946240e-03 4.573803e-03 4.877606e-03 4.695839e-03 3.632603e-03 2.076990e-03 4.152882e-03 1.266322e-03 4.040565e-03 5.754542e-03 2.334967e-03 2.369402e-03 1.324091e-02 3.812122e-03 3.233649e-03 6.814682e-03 1.296290e-02 4.961151e-03 1.404162e-02 9.394931e-03 9.118165e-03 
67 671 1.470214e-02 0 0 4.763320e-03 3.784815e-03 4.906806e-03 3.653064e-03 3.354215e-03 4.556068e-03 7.300213e-03 6.758239e-03 4.440388e-03 4.734065e-03 4.568455e-03 3.524726e-03 2.014190e-03 4.031311e-03 1.231153e-03 3.921619e-03 5.594710e-03 2.268934e-03 2.298297e-03 1.284747e-02 3.699462e-03 3.138172e-03 6.641979e-03 1.257573e-02 4.821917e-03 1.361981e-02 9.117640e-03 8.850500e-03 
68 681 1.420351e-02 0 0 4.593325e-03 3.652123e-03 4.731803e-03 3.522989e-03 3.237891e-03 4.395646e-03 7.046684e-03 6.529618e-03 4.282217e-03 4.564314e-03 4.429139e-03 3.396962e-03 1.942076e-03 3.888058e-03 1.189599e-03 3.782239e-03 5.392239e-03 2.187216e-03 2.215416e-03 1.239630e-02 3.571554e-03 3.025081e-03 6.433936e-03 1.212564e-02 4.660078e-03 1.312864e-02 8.786706e-03 8.534398e-03 
69 691 1.383706e-02 0 0 4.467988e-03 3.549192e-03 4.603383e-03 3.424613e-03 3.150789e-03 4.272977e-03 6.868636e-03 6.393407e-03 4.162015e-03 4.449189e-03 4.329508e-03 3.300973e-03 1.889506e-03 3.778428e-03 1.157433e-03 3.678132e-03 5.264551e-03 2.126026e-03 2.153584e-03 1.205530e-02 3.475119e-03 2.943450e-03 6.273005e-03 1.178385e-02 4.542869e-03 1.275772e-02 8.556081e-03 8.308260e-03 
70 701 1.370643e-02 0 0 4.415002e-03 3.513298e-03 4.550362e-03 3.392377e-03 3.123118e-03 4.222718e-03 6.845087e-03 6.369446e-03 4.113823e-03 4.403065e-03 4.295127e-03 3.265871e-03 1.870889e-03 3.747944e-03 1.144289e-03 3.649059e-03 5.210278e-03 2.100938e-03 2.134273e-03 1.194508e-02 3.435710e-03 2.911271e-03 6.203892e-03 1.167743e-02 4.497438e-03 1.262723e-02 8.462370e-03 8.223365e-03 
71 711 1.338179e-02 0 0 4.302130e-03 3.422094e-03 4.440637e-03 3.305963e-03 3.044402e-03 4.127756e-03 6.718522e-03 6.240394e-03 4.013350e-03 4.289719e-03 4.194149e-03 3.193808e-03 1.824312e-03 3.653339e-03 1.117636e-03 3.563566e-03 5.089155e-03 2.047922e-03 2.079211e-03 1.163967e-02 3.356267e-03 2.836092e-03 6.050738e-03 1.137387e-02 4.380836e-03 1.230271e-02 8.248253e-03 8.017151e-03 
72 721 1.301277e-02 0 0 4.175901e-03 3.328111e-03 4.309521e-03 3.212626e-03 2.958359e-03 4.010735e-03 6.544013e-03 6.069929e-03 3.904553e-03 4.166572e-03 4.074512e-03 3.102160e-03 1.774252e-03 3.568153e-03 1.085272e-03 3.466046e-03 4.941899e-03 1.986234e-03 2.020661e-03 1.129542e-02 3.258408e-03 2.751652e-03 5.874557e-03 1.104520e-02 4.252091e-03 1.195787e-02 8.011099e-03 7.782821e-03 
73 731 1.290880e-02 0 0 4.134147e-03 3.295470e-03 4.265442e-03 3.180784e-03 2.933080e-03 3.975032e-03 6.512951e-03 6.017010e-03 3.874153e-03 4.137000e-03 4.037272e-03 3.073683e-03 1.761701e-03 3.540254e-03 1.075249e-03 3.445024e-03 4.921961e-03 1.969447e-03 2.002860e-03 1.120979e-02 3.232901e-03 2.735308e-03 5.814663e-03 1.093063e-02 4.211229e-03 1.183916e-02 7.929667e-03 7.762448e-03 
74 741 1.262278e-02 0 0 4.037924e-03 3.218148e-03 4.164813e-03 3.109992e-03 2.867039e-03 3.878454e-03 6.377705e-03 5.877038e-03 3.783862e-03 4.042107e-03 3.958338e-03 3.003997e-03 1.723468e-03 3.456408e-03 1.049188e-03 3.369835e-03 4.810572e-03 1.922959e-03 1.957556e-03 1.094120e-02 3.158646e-03 2.670456e-03 5.684069e-03 1.066877e-02 4.113328e-03 1.155192e-02 7.746870e-03 7.594873e-03 
75 751 1.242360e-02 0 0 3.969243e-03 3.166291e-03 4.091088e-03 3.061539e-03 2.816813e-03 3.811025e-03 6.291703e-03 5.785701e-03 3.723566e-03 3.979179e-03 3.892493e-03 2.949526e-03 1.694529e-03 3.400653e-03 1.030363e-03 3.312600e-03 4.727490e-03 1.888648e-03 1.923509e-03 1.076248e-02 3.102675e-03 2.622737e-03 5.586625e-03 1.047745e-02 4.040008e-03 1.136961e-02 7.611188e-03 7.526235e-03 
76 761 1.218940e-02 0 0 3.887933e-03 3.098932e-03 4.006376e-03 3.002468e-03 2.760075e-03 3.734110e-03 6.176220e-03 5.684500e-03 3.651284e-03 3.897749e-03 3.825812e-03 2.886925e-03 1.660391e-03 3.327679e-03 1.008716e-03 3.254558e-03 4.642453e-03 1.848879e-03 1.884668e-03 1.054911e-02 3.043324e-03 2.570554e-03 5.481106e-03 1.026265e-02 3.960085e-03 1.112801e-02 7.461136e-03 7.411627e-03 
77 771 1.196208e-02 0 0 3.812368e-03 3.038151e-03 3.929384e-03 2.947234e-03 2.709480e-03 3.654694e-03 6.079151e-03 5.574670e-03 3.580394e-03 3.816484e-03 3.746441e-03 2.829947e-03 1.628660e-03 3.258779e-03 9.906782e-04 3.189652e-03 4.564396e-03 1.810146e-03 1.844629e-03 1.033204e-02 2.982964e-03 2.519827e-03 5.370953e-03 1.004544e-02 3.887708e-03 1.089925e-02 7.310170e-03 7.285753e-03 
78 781 1.174228e-02 0 0 3.734789e-03 2.976834e-03 3.863158e-03 2.901657e-03 2.657503e-03 3.584284e-03 5.974942e-03 5.478121e-03 3.514641e-03 3.740506e-03 3.672800e-03 2.774851e-03 1.600850e-03 3.194848e-03 9.756862e-04 3.130988e-03 4.499177e-03 1.774955e-03 1.806826e-03 1.012445e-02 2.921405e-03 2.470135e-03 5.263033e-03 9.840830e-03 3.813443e-03 1.068264e-02 7.159296e-03 7.149208e-03 
79 791 1.156283e-02 0 0 3.674887e-03 2.925681e-03 3.806484e-03 2.857323e-03 2.615989e-03 3.523402e-03 5.901174e-03 5.411416e-03 3.457986e-03 3.686142e-03 3.607502e-03 2.728595e-03 1.578819e-03 3.141884e-03 9.600579e-04 3.081684e-03 4.434944e-03 1.751636e-03 1.777112e-03 9.991042e-03 2.871998e-03 2.431629e-03 5.170131e-03 9.670752e-03 3.757081e-03 1.050697e-02 7.043208e-03 7.031112e-03 
80 801 1.163305e-02 0 0 3.690623e-03 2.944316e-03 3.838733e-03 2.870736e-03 2.635286e-03 3.538511e-03 5.949145e-03 5.487930e-03 3.475363e-03 3.705249e-03 3.630758e-03 2.747410e-03 1.587363e-03 3.158401e-03 9.648776e-04 3.101759e-03 4.460142e-03 1.766438e-03 1.784541e-03 1.003227e-02 2.896406e-03 2.443439e-03 5.194378e-03 9.737797e-03 3.803573e-03 1.054946e-02 7.070868e-03 7.076076e-03 
81 811 1.169151e-02 0 0 3.701001e-03 2.960755e-03 3.855430e-03 2.890024e-03 2.651316e-03 3.556715e-03 5.978917e-03 5.571200e-03 3.487924e-03 3.722522e-03 3.649545e-03 2.754995e-03 1.595111e-03 3.170198e-03 9.684265e-04 3.119505e-03 4.474241e-03 1.774462e-03 1.792666e-03 1.011034e-02 2.914542e-03 2.452219e-03 5.209959e-03 9.770788e-03 3.820397e-03 1.059386e-02 7.104304e-03 7.102228e-03 
82 821 1.209262e-02 0 0 3.831412e-03 3.056514e-03 3.989190e-03 2.987984e-03 2.748760e-03 3.687366e-03 6.179360e-03 5.850055e-03 3.601194e-03 3.844711e-03 3.770118e-03 2.846832e-03 1.646575e-03 3.280867e-03 1.003258e-03 3.222256e-03 4.617195e-03 1.837101e-03 1.856385e-03 1.044933e-02 3.019016e-03 2.542393e-03 5.374438e-03 1.008612e-02 3.977633e-03 1.094074e-02 7.335289e-03 7.360392e-03 
83 831 1.237633e-02 0 0 3.914038e-03 3.120814e-03 4.086346e-03 3.054354e-03 2.825605e-03 3.776502e-03 6.314772e-03 6.057515e-03 3.681107e-03 3.927909e-03 3.858107e-03 2.907443e-03 1.683244e-03 3.366468e-03 1.027290e-03 3.295279e-03 4.716472e-03 1.878259e-03 1.898346e-03 1.070103e-02 3.095255e-03 2.602896e-03 5.491733e-03 1.030213e-02 4.077906e-03 1.119093e-02 7.502560e-03 7.526819e-03 
84 841 1.244800e-02 0 0 3.930398e-03 3.132287e-03 4.114175e-03 3.077382e-03 2.851743e-03 3.796394e-03 6.360062e-03 6.137413e-03 3.696576e-03 3.944362e-03 3.877208e-03 2.918024e-03 1.694056e-03 3.384711e-03 1.034071e-03 3.311684e-03 4.733705e-03 1.885994e-03 1.905910e-03 1.075248e-02 3.113930e-03 2.616106e-03 5.511404e-03 1.033833e-02 4.117812e-03 1.124708e-02 7.536157e-03 7.560010e-03 
85 851 1.237183e-02 0 0 3.897513e-03 3.121749e-03 4.085719e-03 3.061825e-03 2.858058e-03 3.771461e-03 6.322503e-03 6.122488e-03 3.672170e-03 3.913441e-03 3.854229e-03 2.893208e-03 1.685711e-03 3.363008e-03 1.026757e-03 3.293129e-03 4.698335e-03 1.870720e-03 1.889507e-03 1.066821e-02 3.094208e-03 2.600517e-03 5.469409e-03 1.025412e-02 4.107590e-03 1.119705e-02 7.478543e-03 7.500373e-03 
86 861 1.217686e-02 0 0 3.828255e-03 3.066895e-03 4.019750e-03 3.009534e-03 2.823337e-03 3.706246e-03 6.212519e-03 6.053478e-03 3.607254e-03 3.849252e-03 3.787146e-03 2.846219e-03 1.655230e-03 3.307153e-03 1.008529e-03 3.235489e-03 4.629941e-03 1.841517e-03 1.858842e-03 1.047881e-02 3.044220e-03 2.561230e-03 5.370367e-03 1.006897e-02 4.064179e-03 1.103293e-02 7.347027e-03 7.367967e-03 
87 871 1.209372e-02 0 0 3.795123e-03 3.039690e-03 3.988447e-03 2.985203e-03 2.828287e-03 3.673538e-03 6.160869e-03 6.036438e-03 3.582583e-03 3.814495e-03 3.761015e-03 2.823199e-03 1.641781e-03 3.296592e-03 1.000103e-03 3.209221e-03 4.593228e-03 1.827286e-03 1.844032e-03 1.040365e-02 3.022200e-03 2.542650e-03 5.335815e-03 9.974892e-03 4.049761e-03 1.093895e-02 7.288966e-03 7.305826e-03 
88 881 1.212995e-02 0 0 3.796971e-03 3.044386e-03 3.997501e-03 2.993555e-03 2.845452e-03 3.689396e-03 6.169980e-03 6.053803e-03 3.588411e-03 3.828586e-03 3.772288e-03 2.824247e-03 1.643267e-03 3.304325e-03 1.000813e-03 3.214063e-03 4.604383e-03 1.845301e-03 1.861135e-03 1.041488e-02 3.030875e-03 2.552727e-03 5.356192e-03 1.002135e-02 4.064169e-03 1.095307e-02 7.304682e-03 7.325228e-03 
89 891 1.202878e-02 0 0 3.756812e-03 3.011576e-03 3.960228e-03 2.965095e-03 2.827093e-03 3.655190e-03 6.154077e-03 6.003470e-03 3.556523e-03 3.800735e-03 3.739509e-03 2.797956e-03 1.626088e-03 3.273702e-03 9.905326e-04 3.184863e-03 4.560244e-03 1.835684e-03 1.844781e-03 1.032390e-02 3.002331e-03 2.529881e-03 5.306342e-03 9.926606e-03 4.027726e-03 1.083837e-02 7.237486e-03 7.247046e-03 
90 901 1.203626e-02 0 0 3.755291e-03 3.005892e-03 3.961279e-03 2.961326e-03 2.849859e-03 3.654436e-03 6.177002e-03 6.001367e-03 3.551886e-03 3.801409e-03 3.736276e-03 2.793816e-03 1.626066e-03 3.274207e-03 9.897952e-04 3.193178e-03 4.564443e-03 1.842107e-03 1.848311e-03 1.037983e-02 3.000286e-03 2.525611e-03 5.308463e-03 9.913552e-03 4.029723e-03 1.082468e-02 7.228953e-03 7.237046e-03 
91 911 1.201945e-02 0 0 3.743857e-03 2.995708e-03 3.959100e-03 2.952503e-03 2.855595e-03 3.643212e-03 6.200205e-03 5.989080e-03 3.540056e-03 3.803188e-03 3.728576e-03 2.787599e-03 1.622295e-03 3.268682e-03 9.862477e-04 3.185185e-03 4.552405e-03 1.846621e-03 1.844731e-03 1.035476e-02 2.994272e-03 2.524914e-03 5.294957e-03 9.875181e-03 4.023045e-03 1.078628e-02 7.202921e-03 7.215102e-03 
92 921 1.181526e-02 0 0 3.672161e-03 2.938908e-03 3.883923e-03 2.903449e-03 2.814523e-03 3.576058e-03 6.092085e-03 5.892971e-03 3.474177e-03 3.746475e-03 3.664495e-03 2.740441e-03 1.593579e-03 3.215694e-03 9.670834e-04 3.128475e-03 4.480558e-03 1.822179e-03 1.812766e-03 1.018763e-02 2.946124e-03 2.479332e-03 5.198454e-03 9.692072e-03 3.946652e-03 1.060324e-02 7.066599e-03 7.092384e-03 
93 931 1.165743e-02 0 0 3.614269e-03 2.908707e-03 3.826184e-03 2.866491e-03 2.778151e-03 3.523150e-03 6.011097e-03 5.811568e-03 3.423896e-03 3.697160e-03 3.621431e-03 2.711507e-03 1.570363e-03 3.166560e-03 9.534324e-04 3.083803e-03 4.410036e-03 1.808434e-03 1.786371e-03 1.004463e-02 2.903120e-03 2.458327e-03 5.125225e-03 9.564548e-03 3.889861e-03 1.044149e-02 6.969875e-03 7.010395e-03 
94 941 1.151283e-02 0 0 3.571775e-03 2.866220e-03 3.771947e-03 2.828286e-03 2.745531e-03 3.473957e-03 5.950028e-03 5.731264e-03 3.375803e-03 3.643922e-03 3.570478e-03 2.678386e-03 1.549056e-03 3.122867e-03 9.414645e-04 3.054526e-03 4.349853e-03 1.788341e-03 1.759776e-03 9.916670e-03 2.863791e-03 2.424088e-03 5.062503e-03 9.451385e-03 3.846792e-03 1.028853e-02 6.868240e-03 6.942069e-03 
95 951 1.141116e-02 0 0 3.536005e-03 2.838504e-03 3.732704e-03 2.796470e-03 2.718062e-03 3.438430e-03 5.930377e-03 5.671565e-03 3.343855e-03 3.605633e-03 3.531101e-03 2.650914e-03 1.532406e-03 3.093128e-03 9.326557e-04 3.025521e-03 4.304344e-03 1.786671e-03 1.749588e-03 9.830220e-03 2.834519e-03 2.397262e-03 5.016422e-03 9.357714e-03 3.810809e-03 1.017549e-02 6.793203e-03 6.883523e-03 
96 961 1.102345e-02 0 0 3.409778e-03 2.736405e-03 3.597507e-03 2.695729e-03 2.621903e-03 3.317492e-03 5.765257e-03 5.474549e-03 3.224796e-03 3.480072e-03 3.408829e-03 2.555591e-03 1.477705e-03 2.982014e-03 8.991143e-04 2.925366e-03 4.163773e-03 1.736228e-03 1.696589e-03 9.482021e-03 2.739330e-03 2.312400e-03 4.833898e-03 9.035145e-03 3.676957e-03 9.806157e-03 6.549132e-03 6.640488e-03 
97 971 1.065939e-02 0 0 3.298239e-03 2.639849e-03 3.470601e-03 2.602277e-03 2.531787e-03 3.201434e-03 5.591913e-03 5.281961e-03 3.111885e-03 3.357878e-03 3.299980e-03 2.471565e-03 1.431405e-03 2.877356e-03 8.682198e-04 2.843241e-03 4.019814e-03 1.683868e-03 1.638624e-03 9.161204e-03 2.646695e-03 2.230837e-03 4.663105e-03 8.725606e-03 3.550903e-03 9.460781e-03 6.324623e-03 6.407940e-03 
98 981 1.041082e-02 0 0 3.216716e-03 2.573817e-03 3.392316e-03 2.543082e-03 2.468123e-03 3.119396e-03 5.468095e-03 5.161878e-03 3.038257e-03 3.276329e-03 3.229676e-03 2.409180e-03 1.397782e-03 2.807211e-03 8.490650e-04 2.783774e-03 3.918709e-03 1.652253e-03 1.600327e-03 8.969582e-03 2.580757e-03 2.175231e-03 4.546957e-03 8.510938e-03 3.464355e-03 9.233755e-03 6.168038e-03 6.245114e-03 
99 991 1.025624e-02 0 0 3.164941e-03 2.533002e-03 3.339579e-03 2.512834e-03 2.430950e-03 3.067932e-03 5.404087e-03 5.079556e-03 2.987148e-03 3.224619e-03 3.183442e-03 2.368986e-03 1.379369e-03 2.766379e-03 8.360050e-04 2.745285e-03 3.853243e-03 1.629107e-03 1.577772e-03 8.822324e-03 2.549923e-03 2.141082e-03 4.472719e-03 8.380327e-03 3.409177e-03 9.080195e-03 6.074429e-03 6.141528e-03 
100 1001 1.022319e-02 0 0 3.147865e-03 2.522991e-03 3.323011e-03 2.506859e-03 2.423662e-03 3.072109e-03 5.396637e-03 5.075367e-03 2.970591e-03 3.211862e-03 3.172858e-03 2.364213e-03 1.373141e-03 2.752072e-03 8.336840e-04 2.750360e-03 3.833781e-03 1.621777e-03 1.571324e-03 8.781468e-03 2.541995e-03 2.129655e-03 4.447422e-03 8.344516e-03 3.394243e-03 9.042470e-03 6.044182e-03 6.105568e-03 
101 1011 1.015533e-02 0 0 3.122384e-03 2.505960e-03 3.296542e-03 2.498230e-03 2.406603e-03 3.044096e-03 5.375956e-03 5.038007e-03 2.944942e-03 3.185133e-03 3.157163e-03 2.345246e-03 1.361219e-03 2.743110e-03 8.271908e-04 2.739253e-03 3.805972e-03 1.608046e-03 1.561153e-03 8.712823e-03 2.524418e-03 2.113622e-03 4.406700e-03 8.270328e-03 3.364937e-03 8.970853e-03 5.992938e-03 6.050957e-03 
102 1021 1.003013e-02 0 0 3.079407e-03 2.476313e-03 3.259161e-03 2.476887e-03 2.375396e-03 3.002314e-03 5.318238e-03 4.970995e-03 2.902456e-03 3.151929e-03 3.116637e-03 2.311297e-03 1.341998e-03 2.707972e-03 8.162968e-04 2.703153e-03 3.756417e-03 1.585705e-03 1.538761e-03 8.591753e-03 2.492625e-03 2.088299e-03 4.343375e-03 8.152554e-03 3.317983e-03 8.861004e-03 5.922567e-03 6.006190e-03 
103 1031 9.947997e-03 0 0 3.051568e-03 2.452809e-03 3.236876e-03 2.470531e-03 2.352109e-03 2.972168e-03 5.275203e-03 4.928761e-03 2.873871e-03 3.138940e-03 3.085501e-03 2.291781e-03 1.329033e-03 2.683676e-03 8.093701e-04 2.678074e-03 3.719580e-03 1.570173e-03 1.523366e-03 8.505512e-03 2.471247e-03 2.070954e-03 4.300510e-03 8.070286e-03 3.316153e-03 8.774979e-03 5.862814e-03 5.965399e-03 
104 1041 9.838739e-03 0 0 3.011837e-03 2.422285e-03 3.218492e-03 2.456110e-03 2.323722e-03 2.934266e-03 5.211070e-03 4.866131e-03 2.835875e-03 3.112648e-03 3.051642e-03 2.264876e-03 1.313180e-03 2.650869e-03 7.994778e-04 2.646764e-03 3.677071e-03 1.550513e-03 1.508575e-03 8.406599e-03 2.446031e-03 2.049267e-03 4.245656e-03 7.972079e-03 3.274441e-03 8.656005e-03 5.787287e-03 5.891716e-03 
105 1051 9.693072e-03 0 0 2.963828e-03 2.384848e-03 3.175225e-03 2.433853e-03 2.286493e-03 2.897185e-03 5.142923e-03 4.794999e-03 2.791499e-03 3.064394e-03 3.003527e-03 2.228411e-03 1.291117e-03 2.618825e-03 7.856644e-04 2.603657e-03 3.642397e-03 1.524423e-03 1.484633e-03 8.270552e-03 2.409800e-03 2.016240e-03 4.173534e-03 7.845650e-03 3.230882e-03 8.515595e-03 5.686578e-03 5.795244e-03 
106 1061 9.512795e-03 0 0 2.905960e-03 2.337151e-03 3.113045e-03 2.400381e-03 2.239659e-03 2.840855e-03 5.040090e-03 4.694535e-03 2.734919e-03 3.005969e-03 2.944909e-03 2.186640e-03 1.265622e-03 2.573414e-03 7.692131e-04 2.557366e-03 3.585949e-03 1.493963e-03 1.455259e-03 8.111172e-03 2.362443e-03 1.977561e-03 4.092403e-03 7.724569e-03 3.165590e-03 8.344903e-03 5.574550e-03 5.676969e-03 
107 1071 9.240494e-03 0 0 2.824091e-03 2.272376e-03 3.020773e-03 2.336720e-03 2.169876e-03 2.755004e-03 4.892998e-03 4.556858e-03 2.651978e-03 2.915036e-03 2.858452e-03 2.121322e-03 1.230117e-03 2.497359e-03 7.459275e-04 2.482639e-03 3.484135e-03 1.454646e-03 1.413004e-03 7.860563e-03 2.292641e-03 1.917931e-03 3.974114e-03 7.502184e-03 3.070000e-03 8.087594e-03 5.407820e-03 5.507177e-03 
108 1081 8.936292e-03 0 0 2.725030e-03 2.198516e-03 2.915031e-03 2.263253e-03 2.104821e-03 2.664984e-03 4.723419e-03 4.404114e-03 2.562734e-03 2.817063e-03 2.762176e-03 2.050768e-03 1.187135e-03 2.418119e-03 7.210804e-04 2.401671e-03 3.367231e-03 1.408873e-03 1.364236e-03 7.622477e-03 2.215411e-03 1.851371e-03 3.838495e-03 7.247213e-03 2.967374e-03 7.804319e-03 5.226673e-03 5.313442e-03 
109 1091 8.675771e-03 0 0 2.640678e-03 2.136633e-03 2.823002e-03 2.197714e-03 2.045446e-03 2.583763e-03 4.577908e-03 4.266541e-03 2.486850e-03 2.731401e-03 2.684725e-03 1.988728e-03 1.155575e-03 2.345844e-03 7.009380e-04 2.328980e-03 3.265750e-03 1.369440e-03 1.324528e-03 7.391258e-03 2.151270e-03 1.792938e-03 3.735355e-03 7.028706e-03 2.882143e-03 7.560572e-03 5.064348e-03 5.149850e-03 
110 1101 8.529347e-03 0 0 2.590084e-03 2.098873e-03 2.797569e-03 2.157464e-03 2.006592e-03 2.538103e-03 4.501614e-03 4.184326e-03 2.444020e-03 2.685091e-03 2.638944e-03 1.958202e-03 1.137811e-03 2.303693e-03 6.893173e-04 2.288395e-03 3.212465e-03 1.344921e-03 1.299734e-03 7.252490e-03 2.120165e-03 1.761476e-03 3.665341e-03 6.901029e-03 2.829626e-03 7.417272e-03 4.972506e-03 5.052827e-03 
111 1111 8.400033e-03 0 0 2.548411e-03 2.064975e-03 2.754778e-03 2.127282e-03 1.972754e-03 2.493257e-03 4.436175e-03 4.113280e-03 2.405225e-03 2.641319e-03 2.596022e-03 1.925035e-03 1.118435e-03 2.267607e-03 6.788933e-04 2.251803e-03 3.158716e-03 1.322604e-03 1.277293e-03 7.132040e-03 2.096464e-03 1.733142e-03 3.602721e-03 6.836375e-03 2.788786e-03 7.289800e-03 4.894928e-03 5.002440e-03 
112 1121 8.396788e-03 0 0 2.548906e-03 2.065757e-03 2.753053e-03 2.126192e-03 1.971244e-03 2.494407e-03 4.438561e-03 4.108773e-03 2.404159e-03 2.642942e-03 2.591745e-03 1.920149e-03 1.115761e-03 2.272835e-03 6.786274e-04 2.247164e-03 3.154229e-03 1.319733e-03 1.273733e-03 7.110904e-03 2.098325e-03 1.730371e-03 3.606643e-03 6.821231e-03 2.802615e-03 7.269484e-03 4.887904e-03 5.006296e-03 
113 1131 8.525097e-03 0 0 2.584264e-03 2.093448e-03 2.790475e-03 2.156178e-03 2.000647e-03 2.528190e-03 4.512957e-03 4.165402e-03 2.442376e-03 2.684535e-03 2.631761e-03 1.945928e-03 1.131637e-03 2.303660e-03 6.895595e-04 2.301627e-03 3.200928e-03 1.338742e-03 1.291974e-03 7.208632e-03 2.145661e-03 1.756248e-03 3.669200e-03 6.911064e-03 2.865791e-03 7.364913e-03 4.953958e-03 5.075297e-03 
114 1141 8.683689e-03 0 0 2.625593e-03 2.131349e-03 2.844780e-03 2.191934e-03 2.035369e-03 2.572406e-03 4.618337e-03 4.239282e-03 2.488316e-03 2.747670e-03 2.684267e-03 1.980934e-03 1.151970e-03 2.344338e-03 7.034475e-04 2.345131e-03 3.257373e-03 1.361184e-03 1.320600e-03 7.332066e-03 2.188266e-03 1.788162e-03 3.755887e-03 7.045227e-03 2.930375e-03 7.494612e-03 5.041246e-03 5.165477e-03 
115 1151 8.818732e-03 0 0 2.665004e-03 2.161271e-03 2.886361e-03 2.222550e-03 2.062407e-03 2.607446e-03 4.699100e-03 4.301071e-03 2.533427e-03 2.802654e-03 2.722981e-03 2.007410e-03 1.167813e-03 2.376447e-03 7.151010e-04 2.386877e-03 3.308138e-03 1.381902e-03 1.347564e-03 7.428305e-03 2.221188e-03 1.811101e-03 3.814887e-03 7.139974e-03 3.000608e-03 7.596872e-03 5.107961e-03 5.238322e-03 
116 1161 8.713026e-03 0 0 2.629473e-03 2.130791e-03 2.852905e-03 2.191909e-03 2.034074e-03 2.582700e-03 4.657997e-03 4.242997e-03 2.501541e-03 2.771331e-03 2.685275e-03 1.979318e-03 1.153094e-03 2.342326e-03 7.060028e-04 2.355432e-03 3.266958e-03 1.364515e-03 1.333524e-03 7.340293e-03 2.196265e-03 1.786254e-03 3.766286e-03 7.058300e-03 2.971101e-03 7.499120e-03 5.035810e-03 5.163986e-03 
117 1171 8.627481e-03 0 0 2.600301e-03 2.106794e-03 2.834489e-03 2.171095e-03 2.011483e-03 2.559651e-03 4.613664e-03 4.193558e-03 2.473681e-03 2.758015e-03 2.657512e-03 1.959689e-03 1.139443e-03 2.314357e-03 6.995528e-04 2.332090e-03 3.230157e-03 1.348081e-03 1.322643e-03 7.253689e-03 2.172586e-03 1.769497e-03 3.728749e-03 6.997608e-03 2.936504e-03 7.418638e-03 4.974903e-03 5.121638e-03 
118 1181 8.482021e-03 0 0 2.551399e-03 2.068151e-03 2.797888e-03 2.131069e-03 1.975132e-03 2.516448e-03 4.534696e-03 4.117553e-03 2.425776e-03 2.714821e-03 2.613605e-03 1.925486e-03 1.117793e-03 2.273351e-03 6.867107e-04 2.288416e-03 3.175330e-03 1.323063e-03 1.306963e-03 7.113546e-03 2.137349e-03 1.736928e-03 3.661512e-03 6.897886e-03 2.881544e-03 7.284344e-03 4.881520e-03 5.025201e-03 
119 1191 8.417423e-03 0 0 2.535675e-03 2.053965e-03 2.781015e-03 2.113749e-03 1.957696e-03 2.498379e-03 4.493730e-03 4.082213e-03 2.405714e-03 2.695269e-03 2.591487e-03 1.908579e-03 1.109420e-03 2.250913e-03 6.801302e-04 2.268150e-03 3.149261e-03 1.310704e-03 1.301134e-03 7.057169e-03 2.120067e-03 1.728232e-03 3.628371e-03 6.858043e-03 2.858559e-03 7.211504e-03 4.841668e-03 4.989199e-03 
120 1201 8.373209e-03 0 0 2.521287e-03 2.049462e-03 2.772392e-03 2.104724e-03 1.943692e-03 2.481977e-03 4.458858e-03 4.063562e-03 2.389216e-03 2.675350e-03 2.574632e-03 1.894557e-03 1.103537e-03 2.237335e-03 6.754135e-04 2.256009e-03 3.131895e-03 1.301466e-03 1.294130e-03 7.025361e-03 2.104612e-03 1.716512e-03 3.602982e-03 6.840904e-03 2.842506e-03 7.155024e-03 4.804989e-03 4.963125e-03 
121 1211 8.187178e-03 0 0 2.462369e-03 2.005866e-03 2.715613e-03 2.056117e-03 1.896759e-03 2.432897e-03 4.352021e-03 3.968490e-03 2.331619e-03 2.611680e-03 2.515153e-03 1.848100e-03 1.076927e-03 2.184600e-03 6.595736e-04 2.202696e-03 3.058836e-03 1.271977e-03 1.264685e-03 6.860615e-03 2.053762e-03 1.675021e-03 3.519156e-03 6.688937e-03 2.778503e-03 6.979078e-03 4.695024e-03 4.849804e-03 
122 1221 8.007294e-03 0 0 2.407219e-03 1.961046e-03 2.653959e-03 2.012019e-03 1.851043e-03 2.379482e-03 4.254858e-03 3.880206e-03 2.276147e-03 2.561584e-03 2.455416e-03 1.802926e-03 1.052860e-03 2.138448e-03 6.439876e-04 2.153073e-03 2.987759e-03 1.241668e-03 1.234141e-03 6.694432e-03 2.004660e-03 1.636080e-03 3.435735e-03 6.546450e-03 2.721506e-03 6.808244e-03 4.588661e-03 4.744456e-03 
123 1231 7.842061e-03 0 0 2.352129e-03 1.920359e-03 2.596252e-03 1.969269e-03 1.808126e-03 2.330343e-03 4.166386e-03 3.794691e-03 2.227763e-03 2.505516e-03 2.403947e-03 1.768158e-03 1.029969e-03 2.093171e-03 6.296140e-04 2.105791e-03 2.918812e-03 1.215450e-03 1.206593e-03 6.541732e-03 1.959819e-03 1.602825e-03 3.371116e-03 6.406440e-03 2.665920e-03 6.661431e-03 4.483809e-03 4.637859e-03 
124 1241 7.651826e-03 0 0 2.290723e-03 1.870171e-03 2.546732e-03 1.919156e-03 1.759691e-03 2.271021e-03 4.057660e-03 3.696251e-03 2.172192e-03 2.449360e-03 2.341496e-03 1.722564e-03 1.003333e-03 2.042345e-03 6.130610e-04 2.061324e-03 2.841075e-03 1.185489e-03 1.177791e-03 6.377831e-03 1.913573e-03 1.562059e-03 3.288106e-03 6.245283e-03 2.596535e-03 6.489981e-03 4.369026e-03 4.516191e-03 
125 1251 7.520204e-03 0 0 2.246307e-03 1.838692e-03 2.507871e-03 1.882884e-03 1.727541e-03 2.234657e-03 3.981315e-03 3.624612e-03 2.131145e-03 2.406936e-03 2.297189e-03 1.689044e-03 9.848077e-04 2.009483e-03 6.032005e-04 2.035675e-03 2.797070e-03 1.162443e-03 1.157424e-03 6.260835e-03 1.877053e-03 1.539775e-03 3.223949e-03 6.124807e-03 2.555636e-03 6.363820e-03 4.283424e-03 4.435818e-03 
126 1261 7.509535e-03 0 0 2.238082e-03 1.841214e-03 2.507366e-03 1.876899e-03 1.726417e-03 2.230821e-03 3.968151e-03 3.612714e-03 2.123567e-03 2.431495e-03 2.287741e-03 1.686103e-03 9.840002e-04 2.003322e-03 6.012160e-04 2.040870e-03 2.788800e-03 1.160303e-03 1.153090e-03 6.241940e-03 1.872149e-03 1.535409e-03 3.214380e-03 6.116874e-03 2.551075e-03 6.372135e-03 4.268387e-03 4.418945e-03 
127 1271 7.612721e-03 0 0 2.266638e-03 1.864569e-03 2.555051e-03 1.898620e-03 1.746238e-03 2.267867e-03 4.018065e-03 3.656390e-03 2.147493e-03 2.490858e-03 2.315473e-03 1.705726e-03 9.965561e-04 2.038786e-03 6.084986e-04 2.070953e-03 2.836144e-03 1.178943e-03 1.170194e-03 6.317675e-03 1.896465e-03 1.555414e-03 3.268965e-03 6.194562e-03 2.582267e-03 6.453933e-03 4.323838e-03 4.474498e-03 
128 1281 7.762681e-03 0 0 2.311212e-03 1.899292e-03 2.616044e-03 1.931862e-03 1.778622e-03 2.321868e-03 4.096485e-03 3.724629e-03 2.186277e-03 2.560246e-03 2.355169e-03 1.736549e-03 1.014279e-03 2.077116e-03 6.212559e-04 2.111521e-03 2.901596e-03 1.201505e-03 1.196608e-03 6.435617e-03 1.935759e-03 1.585307e-03 3.327456e-03 6.314638e-03 2.628363e-03 6.568433e-03 4.401382e-03 4.557225e-03 
129 1291 7.737056e-03 0 0 2.302809e-03 1.900859e-03 2.610911e-03 1.920730e-03 1.772291e-03 2.318296e-03 4.085427e-03 3.710221e-03 2.173743e-03 2.563737e-03 2.341608e-03 1.728207e-03 1.009360e-03 2.074385e-03 6.191180e-04 2.101581e-03 2.904545e-03 1.199277e-03 1.196301e-03 6.399688e-03 1.927253e-03 1.579994e-03 3.313288e-03 6.294827e-03 2.619653e-03 6.531536e-03 4.390260e-03 4.532476e-03 
130 1301 7.721983e-03 0 0 2.298660e-03 1.901187e-03 2.614398e-03 1.912551e-03 1.766907e-03 2.320836e-03 4.072020e-03 3.693782e-03 2.166914e-03 2.562581e-03 2.339095e-03 1.722669e-03 1.006055e-03 2.065676e-03 6.170751e-04 2.098237e-03 2.913923e-03 1.197243e-03 1.198701e-03 6.380085e-03 1.919872e-03 1.576075e-03 3.304042e-03 6.277533e-03 2.615359e-03 6.504991e-03 4.379363e-03 4.518018e-03 
131 1311 7.701071e-03 0 0 2.287440e-03 1.902547e-03 2.603177e-03 1.905036e-03 1.759290e-03 2.327093e-03 4.052051e-03 3.676788e-03 2.155642e-03 2.556894e-03 2.329348e-03 1.714325e-03 1.001129e-03 2.058354e-03 6.149654e-04 2.095250e-03 2.920234e-03 1.193221e-03 1.196874e-03 6.348826e-03 1.910950e-03 1.568572e-03 3.293772e-03 6.263656e-03 2.603251e-03 6.479607e-03 4.362172e-03 4.514638e-03 
132 1321 7.624273e-03 0 0 2.260637e-03 1.886071e-03 2.574504e-03 1.881995e-03 1.738045e-03 2.313786e-03 4.001887e-03 3.654553e-03 2.135500e-03 2.533457e-03 2.309539e-03 1.693203e-03 9.893177e-04 2.034413e-03 6.077711e-04 2.076300e-03 2.886338e-03 1.178734e-03 1.186987e-03 6.286824e-03 1.887544e-03 1.552117e-03 3.253803e-03 6.187737e-03 2.577414e-03 6.418693e-03 4.315892e-03 4.468471e-03 
133 1331 7.575941e-03 0 0 2.243998e-03 1.872441e-03 2.554356e-03 1.865503e-03 1.723436e-03 2.309489e-03 3.968512e-03 3.630496e-03 2.117540e-03 2.515213e-03 2.292724e-03 1.691664e-03 9.805237e-04 2.017606e-03 6.031997e-04 2.059960e-03 2.864130e-03 1.169175e-03 1.181693e-03 6.262533e-03 1.876060e-03 1.541405e-03 3.228222e-03 6.163339e-03 2.563791e-03 6.369115e-03 4.282429e-03 4.440050e-03 
134 1341 7.461387e-03 0 0 2.208090e-03 1.848143e-03 2.511147e-03 1.833936e-03 1.697358e-03 2.273136e-03 3.902261e-03 3.570720e-03 2.080734e-03 2.473727e-03 2.254443e-03 1.667194e-03 9.646360e-04 1.989386e-03 5.929103e-04 2.028805e-03 2.835236e-03 1.149199e-03 1.164960e-03 6.177302e-03 1.846782e-03 1.515551e-03 3.183890e-03 6.057381e-03 2.520618e-03 6.274085e-03 4.215759e-03 4.394957e-03 
135 1351 7.278454e-03 0 0 2.149802e-03 1.801186e-03 2.445517e-03 1.785990e-03 1.655784e-03 2.213399e-03 3.802387e-03 3.477603e-03 2.030616e-03 2.408832e-03 2.194961e-03 1.627216e-03 9.406703e-04 1.937005e-03 5.786384e-04 1.977050e-03 2.771694e-03 1.121823e-03 1.137131e-03 6.020678e-03 1.796989e-03 1.477886e-03 3.101503e-03 5.895451e-03 2.454824e-03 6.113112e-03 4.108035e-03 4.290062e-03 
136 1361 7.024663e-03 0 0 2.071976e-03 1.738580e-03 2.354839e-03 1.723209e-03 1.600016e-03 2.133350e-03 3.672709e-03 3.350924e-03 1.956923e-03 2.319430e-03 2.116687e-03 1.568821e-03 9.087460e-04 1.867894e-03 5.578095e-04 1.904298e-03 2.672421e-03 1.081502e-03 1.096695e-03 5.838998e-03 1.732148e-03 1.425142e-03 2.991767e-03 5.676005e-03 2.369257e-03 5.899462e-03 3.957148e-03 4.148961e-03 
137 1371 6.882594e-03 0 0 2.029717e-03 1.700809e-03 2.303573e-03 1.686810e-03 1.564236e-03 2.087204e-03 3.588696e-03 3.287766e-03 1.917727e-03 2.271187e-03 2.071783e-03 1.533903e-03 8.924012e-04 1.825812e-03 5.461505e-04 1.861412e-03 2.618969e-03 1.059326e-03 1.073653e-03 5.739771e-03 1.695001e-03 1.395974e-03 2.935000e-03 5.557720e-03 2.325501e-03 5.778640e-03 3.870149e-03 4.064483e-03 
138 1381 6.728825e-03 0 0 1.980567e-03 1.659581e-03 2.247880e-03 1.646814e-03 1.526315e-03 2.041077e-03 3.502713e-03 3.208989e-03 1.872762e-03 2.217697e-03 2.021244e-03 1.495742e-03 8.735377e-04 1.782329e-03 5.329217e-04 1.819340e-03 2.558953e-03 1.034167e-03 1.047746e-03 5.638307e-03 1.654344e-03 1.364462e-03 2.872330e-03 5.428627e-03 2.268812e-03 5.677226e-03 3.775616e-03 3.971078e-03 
139 1391 6.564877e-03 0 0 1.932486e-03 1.619878e-03 2.194184e-03 1.610765e-03 1.485194e-03 1.987977e-03 3.414127e-03 3.143333e-03 1.824937e-03 2.160616e-03 1.967647e-03 1.455778e-03 8.514298e-04 1.736062e-03 5.185346e-04 1.772908e-03 2.490614e-03 1.007481e-03 1.020845e-03 5.519568e-03 1.615913e-03 1.334548e-03 2.800441e-03 5.293349e-03 2.210222e-03 5.544212e-03 3.678922e-03 3.869426e-03 
140 1401 6.411870e-03 0 0 1.884459e-03 1.578970e-03 2.143190e-03 1.570068e-03 1.448327e-03 1.939104e-03 3.346598e-03 3.073560e-03 1.779388e-03 2.105827e-03 1.921386e-03 1.421086e-03 8.317411e-04 1.693499e-03 5.055965e-04 1.730087e-03 2.430324e-03 9.820627e-04 9.957076e-04 5.423119e-03 1.577200e-03 1.300663e-03 2.730480e-03 5.163844e-03 2.153714e-03 5.417420e-03 3.587370e-03 3.803305e-03 
141 1411 6.284091e-03 0 0 1.842864e-03 1.544110e-03 2.101535e-03 1.535580e-03 1.418546e-03 1.902598e-03 3.281300e-03 3.012919e-03 1.745300e-03 2.061769e-03 1.880363e-03 1.390747e-03 8.144003e-04 1.657595e-03 4.960695e-04 1.692596e-03 2.384276e-03 9.602322e-04 9.735397e-04 5.325886e-03 1.543724e-03 1.272936e-03 2.674424e-03 5.066879e-03 2.112204e-03 5.304537e-03 3.510556e-03 3.729879e-03 
142 1421 6.148774e-03 0 0 1.800322e-03 1.509227e-03 2.056053e-03 1.500414e-03 1.385018e-03 1.858319e-03 3.210062e-03 2.941802e-03 1.706511e-03 2.014618e-03 1.836389e-03 1.360692e-03 7.982890e-04 1.623647e-03 4.848128e-04 1.656634e-03 2.328379e-03 9.388724e-04 9.535262e-04 5.208144e-03 1.510630e-03 1.244391e-03 2.612768e-03 4.952402e-03 2.065059e-03 5.186263e-03 3.435785e-03 3.662420e-03 
143 1431 6.059240e-03 0 0 1.769549e-03 1.484385e-03 2.031697e-03 1.475524e-03 1.363282e-03 1.830562e-03 3.165364e-03 2.908404e-03 1.684966e-03 1.982381e-03 1.811088e-03 1.338174e-03 7.859973e-04 1.599008e-03 4.777285e-04 1.630151e-03 2.291353e-03 9.236259e-04 9.382525e-04 5.160580e-03 1.487393e-03 1.225664e-03 2.570370e-03 4.869154e-03 2.035584e-03 5.112752e-03 3.381073e-03 3.619985e-03 
144 1441 6.020153e-03 0 0 1.754281e-03 1.474406e-03 2.033464e-03 1.465993e-03 1.354235e-03 1.816371e-03 3.139801e-03 2.887718e-03 1.672011e-03 1.966381e-03 1.798845e-03 1.329905e-03 7.808546e-04 1.588147e-03 4.745362e-04 1.617372e-03 2.276385e-03 9.156069e-04 9.301699e-04 5.135254e-03 1.476681e-03 1.215387e-03 2.547261e-03 4.827204e-03 2.019328e-03 5.076745e-03 3.362929e-03 3.601944e-03 
145 1451 6.035062e-03 0 0 1.756673e-03 1.481140e-03 2.047910e-03 1.468658e-03 1.355580e-03 1.817219e-03 3.150720e-03 2.890051e-03 1.676083e-03 1.968808e-03 1.801282e-03 1.334897e-03 7.833638e-04 1.591028e-03 4.754504e-04 1.618884e-03 2.279745e-03 9.180996e-04 9.319748e-04 5.167358e-03 1.477595e-03 1.217380e-03 2.550245e-03 4.828064e-03 2.024386e-03 5.079028e-03 3.364101e-03 3.623556e-03 
146 1461 5.923815e-03 0 0 1.723218e-03 1.452458e-03 2.016108e-03 1.439123e-03 1.328446e-03 1.784754e-03 3.095536e-03 2.832167e-03 1.642547e-03 1.927737e-03 1.768698e-03 1.309379e-03 7.682651e-04 1.559168e-03 4.660411e-04 1.585814e-03 2.232822e-03 9.020757e-04 9.141169e-04 5.081077e-03 1.447687e-03 1.192679e-03 2.504571e-03 4.728383e-03 1.985220e-03 4.983692e-03 3.299494e-03 3.560697e-03 
147 1471 5.680377e-03 0 0 1.649968e-03 1.393705e-03 1.931224e-03 1.378583e-03 1.272314e-03 1.712138e-03 2.966140e-03 2.712876e-03 1.572897e-03 1.847267e-03 1.697234e-03 1.254971e-03 7.361756e-04 1.493004e-03 4.461156e-04 1.518438e-03 2.138387e-03 8.642130e-04 8.749310e-04 4.871451e-03 1.386521e-03 1.143326e-03 2.398510e-03 4.543816e-03 1.901787e-03 4.770942e-03 3.158317e-03 3.413538e-03 
148 1481 5.453637e-03 0 0 1.584900e-03 1.337491e-03 1.849981e-03 1.322100e-03 1.220347e-03 1.644279e-03 2.844876e-03 2.604332e-03 1.509363e-03 1.770478e-03 1.635202e-03 1.202855e-03 7.057061e-04 1.431523e-03 4.275793e-04 1.455228e-03 2.052800e-03 8.305213e-04 8.403149e-04 4.669082e-03 1.328487e-03 1.096453e-03 2.299455e-03 4.360661e-03 1.823474e-03 4.575614e-03 3.027115e-03 3.275096e-03 
149 1491 5.375996e-03 0 0 1.560428e-03 1.323138e-03 1.819425e-03 1.303642e-03 1.203642e-03 1.625304e-03 2.804473e-03 2.563076e-03 1.485554e-03 1.741356e-03 1.609938e-03 1.183997e-03 6.951635e-04 1.407686e-03 4.214898e-04 1.430981e-03 2.023214e-03 8.201976e-04 8.292339e-04 4.593840e-03 1.308349e-03 1.084113e-03 2.269486e-03 4.292556e-03 1.796424e-03 4.514164e-03 2.979682e-03 3.246647e-03 
150 1501 5.417952e-03 0 0 1.568906e-03 1.340322e-03 1.833434e-03 1.312118e-03 1.215633e-03 1.640325e-03 2.827543e-03 2.584626e-03 1.497603e-03 1.755161e-03 1.620885e-03 1.191209e-03 7.002588e-04 1.415361e-03 4.240553e-04 1.442269e-03 2.040477e-03 8.271568e-04 8.421741e-04 4.620996e-03 1.316858e-03 1.090526e-03 2.287279e-03 4.315308e-03 1.808152e-03 4.550286e-03 3.000079e-03 3.307007e-03 
151 1511 5.314551e-03 0 0 1.538956e-03 1.315327e-03 1.795975e-03 1.286629e-03 1.191589e-03 1.609770e-03 2.772526e-03 2.532146e-03 1.467503e-03 1.719563e-03 1.588147e-03 1.168174e-03 6.852158e-04 1.385951e-03 4.153997e-04 1.416090e-03 2.000006e-03 8.106252e-04 8.283537e-04 4.529756e-03 1.288582e-03 1.067618e-03 2.244763e-03 4.227152e-03 1.770573e-03 4.457886e-03 2.943545e-03 3.247327e-03 
152 1521 5.218516e-03 0 0 1.508065e-03 1.291185e-03 1.762729e-03 1.263015e-03 1.169560e-03 1.580568e-03 2.724270e-03 2.486534e-03 1.441858e-03 1.690807e-03 1.557267e-03 1.145316e-03 6.724345e-04 1.357424e-03 4.083384e-04 1.387833e-03 1.964855e-03 7.946777e-04 8.160945e-04 4.443267e-03 1.263980e-03 1.047939e-03 2.206580e-03 4.152821e-03 1.736220e-03 4.374284e-03 2.889087e-03 3.186644e-03 
153 1531 5.162084e-03 0 0 1.491157e-03 1.277987e-03 1.739476e-03 1.246397e-03 1.155004e-03 1.563432e-03 2.689933e-03 2.457488e-03 1.429341e-03 1.684055e-03 1.541187e-03 1.130680e-03 6.650879e-04 1.342326e-03 4.040073e-04 1.370083e-03 1.942139e-03 7.844321e-04 8.079101e-04 4.392763e-03 1.250927e-03 1.034388e-03 2.188730e-03 4.103217e-03 1.717178e-03 4.328946e-03 2.852382e-03 3.147652e-03 
154 1541 5.052510e-03 0 0 1.463163e-03 1.254892e-03 1.698046e-03 1.220614e-03 1.130711e-03 1.529242e-03 2.628727e-03 2.405519e-03 1.399150e-03 1.652530e-03 1.505999e-03 1.104744e-03 6.510794e-04 1.314100e-03 3.949326e-04 1.337693e-03 1.899552e-03 7.658421e-04 7.897587e-04 4.290165e-03 1.223073e-03 1.011657e-03 2.148696e-03 4.029952e-03 1.677657e-03 4.236716e-03 2.786469e-03 3.083657e-03 
155 1551 5.014608e-03 0 0 1.449083e-03 1.246194e-03 1.682245e-03 1.210783e-03 1.123308e-03 1.518012e-03 2.612042e-03 2.384129e-03 1.390923e-03 1.657201e-03 1.499811e-03 1.094586e-03 6.461137e-04 1.301374e-03 3.911111e-04 1.324538e-03 1.883160e-03 7.585774e-04 7.822896e-04 4.249301e-03 1.212633e-03 1.007722e-03 2.132582e-03 4.001681e-03 1.662230e-03 4.200685e-03 2.758699e-03 3.056250e-03 
156 1561 5.061252e-03 0 0 1.459520e-03 1.255317e-03 1.697905e-03 1.222829e-03 1.132698e-03 1.529925e-03 2.636874e-03 2.406478e-03 1.405366e-03 1.686485e-03 1.511860e-03 1.103813e-03 6.571838e-04 1.318999e-03 3.938083e-04 1.337850e-03 1.899544e-03 7.662008e-04 7.887360e-04 4.282633e-03 1.224036e-03 1.016325e-03 2.153956e-03 4.040786e-03 1.675141e-03 4.234353e-03 2.782029e-03 3.088205e-03 
157 1571 5.079919e-03 0 0 1.465000e-03 1.259787e-03 1.702085e-03 1.225053e-03 1.140525e-03 1.532879e-03 2.642236e-03 2.414999e-03 1.414303e-03 1.704271e-03 1.518635e-03 1.109552e-03 6.604629e-04 1.323921e-03 3.947489e-04 1.341571e-03 1.905709e-03 7.687146e-04 7.894830e-04 4.292408e-03 1.228274e-03 1.018350e-03 2.169921e-03 4.052958e-03 1.678521e-03 4.238871e-03 2.787749e-03 3.099911e-03 
158 1581 5.149956e-03 0 0 1.481991e-03 1.276071e-03 1.727041e-03 1.240476e-03 1.154050e-03 1.551573e-03 2.674080e-03 2.443390e-03 1.434161e-03 1.736688e-03 1.540405e-03 1.125272e-03 6.689362e-04 1.351877e-03 3.994352e-04 1.363160e-03 1.933118e-03 7.781203e-04 8.008419e-04 4.343562e-03 1.242456e-03 1.033276e-03 2.200370e-03 4.114021e-03 1.698093e-03 4.300703e-03 2.831112e-03 3.136949e-03 
159 1591 5.224715e-03 0 0 1.501279e-03 1.298577e-03 1.750903e-03 1.256145e-03 1.170476e-03 1.573130e-03 2.709876e-03 2.477991e-03 1.456962e-03 1.765116e-03 1.567092e-03 1.142517e-03 6.820736e-04 1.376205e-03 4.043422e-04 1.382699e-03 1.957484e-03 7.876026e-04 8.123674e-04 4.397148e-03 1.257293e-03 1.048298e-03 2.230800e-03 4.162652e-03 1.718493e-03 4.362091e-03 2.879671e-03 3.179295e-03 
160 1601 5.152137e-03 0 0 1.478212e-03 1.281220e-03 1.725373e-03 1.236242e-03 1.152056e-03 1.553992e-03 2.665393e-03 2.438403e-03 1.435694e-03 1.739111e-03 1.546571e-03 1.126411e-03 6.733919e-04 1.358430e-03 3.990963e-04 1.362664e-03 1.926590e-03 7.783304e-04 8.012982e-04 4.339608e-03 1.239207e-03 1.032546e-03 2.200664e-03 4.105112e-03 1.690684e-03 4.293912e-03 2.833642e-03 3.129392e-03 
161 1611 5.161968e-03 0 0 1.480898e-03 1.283614e-03 1.727593e-03 1.237432e-03 1.151822e-03 1.557449e-03 2.671612e-03 2.446322e-03 1.436937e-03 1.740415e-03 1.550774e-03 1.127496e-03 6.767099e-04 1.363477e-03 4.002038e-04 1.368786e-03 1.930158e-03 7.822770e-04 8.048180e-04 4.348051e-03 1.240930e-03 1.033118e-03 2.204362e-03 4.104564e-03 1.691271e-03 4.294309e-03 2.832872e-03 3.129715e-03 
162 1621 5.146659e-03 0 0 1.475212e-03 1.279482e-03 1.718902e-03 1.232153e-03 1.148516e-03 1.551984e-03 2.662176e-03 2.434749e-03 1.431969e-03 1.735900e-03 1.544117e-03 1.124256e-03 6.749400e-04 1.360752e-03 3.986311e-04 1.363941e-03 1.923499e-03 7.802699e-04 8.060193e-04 4.337196e-03 1.237804e-03 1.028454e-03 2.199977e-03 4.083815e-03 1.682606e-03 4.272952e-03 2.826420e-03 3.116956e-03 
163 1631 5.163458e-03 0 0 1.477997e-03 1.285151e-03 1.724605e-03 1.233571e-03 1.150538e-03 1.561253e-03 2.666967e-03 2.440552e-03 1.440624e-03 1.741145e-03 1.550902e-03 1.126334e-03 6.763881e-04 1.368054e-03 4.007771e-04 1.379566e-03 1.925703e-03 7.850485e-04 8.111043e-04 4.353459e-03 1.240504e-03 1.029553e-03 2.204103e-03 4.100726e-03 1.689871e-03 4.282540e-03 2.831451e-03 3.129340e-03 
164 1641 5.145878e-03 0 0 1.471103e-03 1.282650e-03 1.719220e-03 1.227428e-03 1.149695e-03 1.552811e-03 2.655789e-03 2.437794e-03 1.442473e-03 1.731546e-03 1.544645e-03 1.120543e-03 6.724681e-04 1.365981e-03 3.994620e-04 1.376918e-03 1.918506e-03 7.834143e-04 8.099182e-04 4.337005e-03 1.234607e-03 1.023627e-03 2.199188e-03 4.079309e-03 1.682551e-03 4.264421e-03 2.824059e-03 3.121875e-03 
165 1651 5.073577e-03 0 0 1.448407e-03 1.263758e-03 1.691916e-03 1.207100e-03 1.133817e-03 1.532222e-03 2.615861e-03 2.398309e-03 1.423665e-03 1.706942e-03 1.522145e-03 1.104380e-03 6.613450e-04 1.349238e-03 3.938280e-04 1.358725e-03 1.889933e-03 7.725210e-04 8.002975e-04 4.277104e-03 1.218808e-03 1.008774e-03 2.177236e-03 4.014523e-03 1.656114e-03 4.197012e-03 2.788783e-03 3.087085e-03 
166 1661 4.931679e-03 0 0 1.405535e-03 1.226928e-03 1.643058e-03 1.173637e-03 1.103333e-03 1.493972e-03 2.542630e-03 2.326392e-03 1.383454e-03 1.658877e-03 1.481020e-03 1.072826e-03 6.417093e-04 1.312107e-03 3.818630e-04 1.318325e-03 1.834521e-03 7.507491e-04 7.783754e-04 4.152419e-03 1.185389e-03 9.799141e-04 2.120842e-03 3.916619e-03 1.606842e-03 4.074629e-03 2.708361e-03 3.009207e-03 
167 1671 4.810218e-03 0 0 1.370643e-03 1.196324e-03 1.599425e-03 1.144175e-03 1.076490e-03 1.459996e-03 2.477938e-03 2.264882e-03 1.350083e-03 1.618401e-03 1.443377e-03 1.045706e-03 6.247886e-04 1.280232e-03 3.729190e-04 1.285202e-03 1.785328e-03 7.310696e-04 7.581778e-04 4.041471e-03 1.155414e-03 9.545937e-04 2.068931e-03 3.821677e-03 1.564709e-03 3.976246e-03 2.636659e-03 2.928260e-03 
168 1681 4.737503e-03 0 0 1.347319e-03 1.176460e-03 1.576183e-03 1.128063e-03 1.060028e-03 1.435224e-03 2.435021e-03 2.227327e-03 1.331894e-03 1.592743e-03 1.425844e-03 1.029250e-03 6.140043e-04 1.257892e-03 3.670103e-04 1.269745e-03 1.761823e-03 7.189744e-04 7.470182e-04 3.975186e-03 1.137004e-03 9.389245e-04 2.043859e-03 3.766520e-03 1.550071e-03 3.909462e-03 2.591967e-03 2.880032e-03 
169 1691 4.615054e-03 0 0 1.312236e-03 1.144277e-03 1.539081e-03 1.096322e-03 1.031640e-03 1.394654e-03 2.373555e-03 2.164850e-03 1.295239e-03 1.549770e-03 1.387803e-03 1.000170e-03 5.974896e-04 1.224055e-03 3.577468e-04 1.236847e-03 1.713659e-03 6.987044e-04 7.263617e-04 3.864614e-03 1.107590e-03 9.126987e-04 1.988366e-03 3.671450e-03 1.509656e-03 3.803603e-03 2.519529e-03 2.813580e-03 
170 1701 4.530730e-03 0 0 1.287662e-03 1.124274e-03 1.508945e-03 1.074751e-03 1.012276e-03 1.368571e-03 2.344723e-03 2.124600e-03 1.272849e-03 1.517907e-03 1.367458e-03 9.800546e-04 5.867290e-04 1.201014e-03 3.518695e-04 1.213815e-03 1.685003e-03 6.840678e-04 7.133011e-04 3.786426e-03 1.089952e-03 8.942439e-04 1.949028e-03 3.599759e-03 1.480085e-03 3.738047e-03 2.469058e-03 2.767038e-03 
171 1711 4.497179e-03 0 0 1.277734e-03 1.120454e-03 1.498097e-03 1.073513e-03 1.002820e-03 1.355529e-03 2.357384e-03 2.104749e-03 1.263042e-03 1.505954e-03 1.361511e-03 9.705419e-04 5.816667e-04 1.190838e-03 3.488473e-04 1.203831e-03 1.669703e-03 6.781167e-04 7.074221e-04 3.753896e-03 1.084425e-03 8.879563e-04 1.935281e-03 3.573612e-03 1.471478e-03 3.703997e-03 2.446657e-03 2.744786e-03 
172 1721 4.469346e-03 0 0 1.268111e-03 1.114357e-03 1.488195e-03 1.069984e-03 9.968612e-04 1.353109e-03 2.357773e-03 2.089837e-03 1.252055e-03 1.494343e-03 1.357147e-03 9.667042e-04 5.771376e-04 1.183514e-03 3.463669e-04 1.199063e-03 1.661901e-03 6.734331e-04 7.025252e-04 3.725691e-03 1.077203e-03 8.814932e-04 1.920218e-03 3.553003e-03 1.461201e-03 3.675064e-03 2.433482e-03 2.722799e-03 
173 1731 4.393218e-03 0 0 1.246706e-03 1.096255e-03 1.460816e-03 1.051376e-03 9.778279e-04 1.329708e-03 2.320717e-03 2.054119e-03 1.228356e-03 1.465117e-03 1.336503e-03 9.496863e-04 5.676809e-04 1.160521e-03 3.397644e-04 1.179576e-03 1.630464e-03 6.612527e-04 6.906164e-04 3.665267e-03 1.057935e-03 8.655651e-04 1.882882e-03 3.485202e-03 1.432616e-03 3.605979e-03 2.388640e-03 2.680048e-03 
174 1741 4.390687e-03 0 0 1.244776e-03 1.095487e-03 1.459005e-03 1.050020e-03 9.761546e-04 1.327584e-03 2.324861e-03 2.052332e-03 1.227641e-03 1.461836e-03 1.337121e-03 9.502379e-04 5.666792e-04 1.157540e-03 3.387170e-04 1.183437e-03 1.628235e-03 6.622981e-04 6.917190e-04 3.661775e-03 1.062799e-03 8.637368e-04 1.877910e-03 3.478047e-03 1.429116e-03 3.595695e-03 2.386393e-03 2.676179e-03 
175 1751 4.327958e-03 0 0 1.225981e-03 1.077747e-03 1.435966e-03 1.039004e-03 9.605588e-04 1.305413e-03 2.290190e-03 2.022268e-03 1.207771e-03 1.440095e-03 1.319172e-03 9.363682e-04 5.577555e-04 1.142457e-03 3.336355e-04 1.169801e-03 1.602172e-03 6.526650e-04 6.809105e-04 3.605189e-03 1.048089e-03 8.503582e-04 1.857142e-03 3.426569e-03 1.405819e-03 3.539502e-03 2.350697e-03 2.640273e-03 
176 1761 4.279118e-03 0 0 1.209947e-03 1.063179e-03 1.423821e-03 1.028271e-03 9.483031e-04 1.288305e-03 2.265650e-03 1.995749e-03 1.197459e-03 1.420520e-03 1.302437e-03 9.272988e-04 5.503438e-04 1.128619e-03 3.301161e-04 1.158538e-03 1.582381e-03 6.453577e-04 6.722916e-04 3.571562e-03 1.039359e-03 8.419732e-04 1.835809e-03 3.393050e-03 1.388012e-03 3.493922e-03 2.319860e-03 2.605428e-03 
177 1771 4.190630e-03 0 0 1.185902e-03 1.041052e-03 1.392011e-03 1.006216e-03 9.286788e-04 1.260715e-03 2.215741e-03 1.950298e-03 1.172025e-03 1.389773e-03 1.275264e-03 9.082981e-04 5.378712e-04 1.104747e-03 3.225737e-04 1.135313e-03 1.545727e-03 6.307027e-04 6.578906e-04 3.490339e-03 1.019885e-03 8.243925e-04 1.796094e-03 3.322929e-03 1.357839e-03 3.415102e-03 2.266525e-03 2.548759e-03 
178 1781 4.054102e-03 0 0 1.145397e-03 1.005472e-03 1.349699e-03 9.720837e-04 8.994496e-04 1.219696e-03 2.138254e-03 1.885952e-03 1.133775e-03 1.342757e-03 1.231759e-03 8.791106e-04 5.199145e-04 1.068231e-03 3.115998e-04 1.098230e-03 1.492324e-03 6.090017e-04 6.353905e-04 3.377736e-03 9.865218e-04 7.974618e-04 1.736294e-03 3.207900e-03 1.310246e-03 3.299052e-03 2.188656e-03 2.461152e-03 
179 1791 3.921182e-03 0 0 1.106212e-03 9.699580e-04 1.304855e-03 9.394565e-04 8.686322e-04 1.177784e-03 2.067694e-03 1.824084e-03 1.094009e-03 1.296533e-03 1.193913e-03 8.522435e-04 5.018953e-04 1.031452e-03 3.007748e-04 1.063318e-03 1.443699e-03 5.905197e-04 6.162777e-04 3.260840e-03 9.537897e-04 7.698789e-04 1.678114e-03 3.099788e-03 1.264991e-03 3.188045e-03 2.111614e-03 2.376882e-03 
180 1801 3.791103e-03 0 0 1.070842e-03 9.370324e-04 1.262398e-03 9.090855e-04 8.394029e-04 1.137411e-03 1.996208e-03 1.760783e-03 1.055190e-03 1.255288e-03 1.152304e-03 8.245599e-04 4.841338e-04 9.962223e-04 2.901077e-04 1.026132e-03 1.396226e-03 5.713544e-04 5.955869e-04 3.148604e-03 9.227914e-04 7.433609e-04 1.620387e-03 3.000468e-03 1.221843e-03 3.076196e-03 2.036126e-03 2.293136e-03 
181 1811 3.663374e-03 0 0 1.033737e-03 9.049313e-04 1.218091e-03 8.795727e-04 8.112580e-04 1.097356e-03 1.924543e-03 1.697851e-03 1.020222e-03 1.212374e-03 1.112102e-03 7.981898e-04 4.675405e-04 9.618359e-04 2.797114e-04 9.930720e-04 1.346751e-03 5.520453e-04 5.741702e-04 3.036533e-03 8.905401e-04 7.175810e-04 1.563226e-03 2.893187e-03 1.180331e-03 2.964690e-03 1.967120e-03 2.214537e-03 
182 1821 3.610271e-03 0 0 1.016661e-03 8.902332e-04 1.199697e-03 8.688155e-04 8.011095e-04 1.083124e-03 1.894651e-03 1.669434e-03 1.005364e-03 1.192820e-03 1.095076e-03 7.867079e-04 4.603437e-04 9.459880e-04 2.752663e-04 9.765635e-04 1.325251e-03 5.443891e-04 5.647115e-04 2.986761e-03 8.763054e-04 7.092263e-04 1.537480e-03 2.849876e-03 1.161178e-03 2.917853e-03 1.937112e-03 2.184388e-03 
183 1831 3.511475e-03 0 0 9.875251e-04 8.651930e-04 1.164404e-03 8.453320e-04 7.794450e-04 1.060376e-03 1.838052e-03 1.622913e-03 9.782266e-04 1.157919e-03 1.062594e-03 7.653815e-04 4.469994e-04 9.179585e-04 2.672176e-04 9.476419e-04 1.290954e-03 5.295834e-04 5.493376e-04 2.899842e-03 8.507914e-04 6.893862e-04 1.492855e-03 2.765964e-03 1.128289e-03 2.834909e-03 1.883445e-03 2.121878e-03 
184 1841 3.465502e-03 0 0 9.726782e-04 8.519742e-04 1.148060e-03 8.326550e-04 7.704087e-04 1.050408e-03 1.814039e-03 1.598373e-03 9.668526e-04 1.150870e-03 1.047265e-03 7.583152e-04 4.411318e-04 9.042749e-04 2.632121e-04 9.332806e-04 1.277114e-03 5.226250e-04 5.413599e-04 2.855081e-03 8.381244e-04 6.811335e-04 1.472955e-03 2.722854e-03 1.114604e-03 2.792868e-03 1.855625e-03 2.090456e-03 
185 1851 3.357093e-03 0 0 9.405621e-04 8.247455e-04 1.112681e-03 8.071422e-04 7.457440e-04 1.018241e-03 1.753317e-03 1.545741e-03 9.362033e-04 1.113830e-03 1.012353e-03 7.355229e-04 4.265766e-04 8.747845e-04 2.549586e-04 9.026123e-04 1.237454e-03 5.056393e-04 5.239850e-04 2.759828e-03 8.107166e-04 6.584964e-04 1.424489e-03 2.632977e-03 1.078526e-03 2.705137e-03 1.795148e-03 2.026176e-03 
186 1861 3.321230e-03 0 0 9.285938e-04 8.187738e-04 1.104141e-03 7.973329e-04 7.401541e-04 1.021398e-03 1.731503e-03 1.528569e-03 9.247872e-04 1.102831e-03 1.000011e-03 7.270420e-04 4.219011e-04 8.648999e-04 2.517931e-04 8.909198e-04 1.223781e-03 4.999003e-04 5.178920e-04 2.732260e-03 8.007791e-04 6.514164e-04 1.409311e-03 2.599870e-03 1.065584e-03 2.682394e-03 1.773997e-03 2.000433e-03 
187 1871 3.229486e-03 0 0 9.020045e-04 7.965457e-04 1.076198e-03 7.772543e-04 7.204196e-04 9.957918e-04 1.682568e-03 1.483814e-03 8.980235e-04 1.073925e-03 9.752373e-04 7.061861e-04 4.105235e-04 8.397809e-04 2.442172e-04 8.642981e-04 1.186885e-03 4.851736e-04 5.026733e-04 2.652601e-03 7.817797e-04 6.334414e-04 1.368858e-03 2.527835e-03 1.033820e-03 2.608123e-03 1.722034e-03 1.951873e-03 
188 1881 3.150507e-03 0 0 8.785210e-04 7.769026e-04 1.050626e-03 7.563008e-04 7.023865e-04 9.748348e-04 1.639488e-03 1.444994e-03 8.756377e-04 1.045262e-03 9.501105e-04 6.879383e-04 4.006499e-04 8.187351e-04 2.384235e-04 8.432721e-04 1.155176e-03 4.722543e-04 4.894527e-04 2.585983e-03 7.645303e-04 6.165795e-04 1.333968e-03 2.462998e-03 1.006497e-03 2.541655e-03 1.677322e-03 1.902294e-03 
189 1891 3.134898e-03 0 0 8.732219e-04 7.722863e-04 1.047190e-03 7.511612e-04 6.973928e-04 9.683247e-04 1.632120e-03 1.435722e-03 8.720106e-04 1.037753e-03 9.449056e-04 6.852387e-04 3.984394e-04 8.149907e-04 2.375275e-04 8.377060e-04 1.150117e-03 4.689788e-04 4.863302e-04 2.567279e-03 7.612398e-04 6.126542e-04 1.334386e-03 2.447016e-03 1.001566e-03 2.524509e-03 1.669580e-03 1.898829e-03 
190 1901 3.105408e-03 0 0 8.634582e-04 7.642037e-04 1.036861e-03 7.425462e-04 6.897101e-04 9.578650e-04 1.615973e-03 1.419196e-03 8.675024e-04 1.028508e-03 9.340710e-04 6.776486e-04 3.954007e-04 8.068971e-04 2.352149e-04 8.283587e-04 1.142627e-03 4.641210e-04 4.812691e-04 2.542084e-03 7.539032e-04 6.060107e-04 1.324812e-03 2.429825e-03 9.924440e-04 2.498816e-03 1.651574e-03 1.884565e-03 
191 1911 3.078412e-03 0 0 8.555293e-04 7.573564e-04 1.028122e-03 7.383633e-04 6.835341e-04 9.496687e-04 1.601397e-03 1.407815e-03 8.613557e-04 1.019931e-03 9.242866e-04 6.705065e-04 3.913975e-04 7.993448e-04 2.326540e-04 8.192108e-04 1.134242e-03 4.591232e-04 4.758828e-04 2.518454e-03 7.470628e-04 5.996677e-04 1.316968e-03 2.405438e-03 9.851914e-04 2.473678e-03 1.637179e-03 1.867980e-03 
192 1921 2.993797e-03 0 0 8.303432e-04 7.380472e-04 9.990803e-04 7.172818e-04 6.632665e-04 9.236009e-04 1.556563e-03 1.368386e-03 8.381014e-04 9.915089e-04 8.966478e-04 6.521737e-04 3.800680e-04 7.766995e-04 2.259501e-04 7.947641e-04 1.102550e-03 4.461415e-04 4.632931e-04 2.454281e-03 7.259716e-04 5.830209e-04 1.281620e-03 2.334702e-03 9.571823e-04 2.406729e-03 1.589816e-03 1.816798e-03 
193 1931 2.987031e-03 0 0 8.267135e-04 7.385902e-04 9.976614e-04 7.143835e-04 6.602605e-04 9.224119e-04 1.550315e-03 1.363367e-03 8.380148e-04 9.876283e-04 8.926865e-04 6.502732e-04 3.787739e-04 7.732691e-04 2.256873e-04 7.914828e-04 1.105717e-03 4.448131e-04 4.616183e-04 2.443572e-03 7.260993e-04 5.809768e-04 1.280502e-03 2.331896e-03 9.535280e-04 2.397303e-03 1.582505e-03 1.809944e-03 
194 1941 2.981526e-03 0 0 8.245047e-04 7.371863e-04 9.944711e-04 7.125230e-04 6.586748e-04 9.199242e-04 1.544428e-03 1.362588e-03 8.369604e-04 9.861510e-04 8.890333e-04 6.490486e-04 3.773219e-04 7.709440e-04 2.258731e-04 7.894235e-04 1.107126e-03 4.454090e-04 4.621989e-04 2.441992e-03 7.245528e-04 5.796631e-04 1.277906e-03 2.330544e-03 9.502328e-04 2.390037e-03 1.581791e-03 1.807424e-03 
195 1951 2.997141e-03 0 0 8.281567e-04 7.418603e-04 9.978170e-04 7.157309e-04 6.634209e-04 9.270814e-04 1.548894e-03 1.368689e-03 8.397659e-04 9.894220e-04 8.922073e-04 6.511350e-04 3.795281e-04 7.749235e-04 2.276241e-04 7.925423e-04 1.124151e-03 4.471296e-04 4.637075e-04 2.485737e-03 7.296138e-04 5.821271e-04 1.284737e-03 2.340627e-03 9.558615e-04 2.396399e-03 1.587567e-03 1.813855e-03 
196 1961 2.973421e-03 0 0 8.203393e-04 7.350365e-04 9.904409e-04 7.086480e-04 6.592123e-04 9.213857e-04 1.532872e-03 1.356162e-03 8.323984e-04 9.805728e-04 8.842108e-04 6.530854e-04 3.761700e-04 7.672638e-04 2.255696e-04 7.858064e-04 1.118470e-03 4.455223e-04 4.618812e-04 2.487388e-03 7.241708e-04 5.767426e-04 1.272478e-03 2.317193e-03 9.479609e-04 2.374594e-03 1.572089e-03 1.798949e-03 
197 1971 2.967832e-03 0 0 8.168475e-04 7.319961e-04 9.876019e-04 7.061649e-04 6.589471e-04 9.216561e-04 1.527751e-03 1.352099e-03 8.291318e-04 9.784043e-04 8.816375e-04 6.535543e-04 3.757642e-04 7.642603e-04 2.249737e-04 7.841254e-04 1.116849e-03 4.443727e-04 4.602934e-04 2.506387e-03 7.231254e-04 5.765985e-04 1.268599e-03 2.312932e-03 9.467161e-04 2.366637e-03 1.565862e-03 1.795524e-03 
198 1981 2.961513e-03 0 0 8.129276e-04 7.293404e-04 9.834819e-04 7.040927e-04 6.576732e-04 9.236362e-04 1.523395e-03 1.351225e-03 8.262121e-04 9.773177e-04 8.804363e-04 6.521364e-04 3.748967e-04 7.615377e-04 2.240825e-04 7.847807e-04 1.116052e-03 4.426135e-04 4.586247e-04 2.508825e-03 7.218751e-04 5.768308e-04 1.262828e-03 2.304552e-03 9.463964e-04 2.357688e-03 1.559933e-03 1.787802e-03 
199 1991 2.891305e-03 0 0 7.921302e-04 7.118309e-04 9.580788e-04 6.856549e-04 6.421932e-04 9.033936e-04 1.486227e-03 1.316256e-03 8.051113e-04 9.540940e-04 8.575381e-04 6.365491e-04 3.653705e-04 7.473849e-04 2.187918e-04 7.660067e-04 1.089105e-03 4.334333e-04 4.474059e-04 2.455783e-03 7.028928e-04 5.639331e-04 1.230066e-03 2.248555e-03 9.244945e-04 2.299341e-03 1.523618e-03 1.741946e-03 
200 2001 2.803147e-03 0 0 7.703541e-04 6.884641e-04 9.271401e-04 6.630928e-04 6.215241e-04 8.755159e-04 1.439886e-03 1.273205e-03 7.794911e-04 9.246386e-04 8.339087e-04 6.171845e-04 3.535723e-04 7.250832e-04 2.119594e-04 7.417831e-04 1.055124e-03 4.197401e-04 4.337064e-04 2.379090e-03 6.838852e-04 5.459065e-04 1.190475e-03 2.175162e-03 8.951543e-04 2.227423e-03 1.477282e-03 1.685921e-03 
