%  columns="iteration, evaluation, fitness, void, void, xrecentbest" (startseed=216610, 2026/02/16 20:57:45.12)
1 11  1.193539593816078934e+02 0 0 1.174846e-01 9.617396e-02 1.268163e-01 7.069971e-02 8.502983e-02 1.143684e-01 1.763649e-01 1.764858e-01 1.217643e-01 1.306982e-01 1.197069e-01 9.098701e-02 6.093418e-02 8.692657e-02 3.004076e-02 9.713709e-02 1.537743e-01 5.999739e-02 5.750758e-02 3.262600e-01 9.716591e-02 7.836661e-02 1.705461e-01 3.324948e-01 1.309790e-01 3.252984e-01 2.392682e-01 2.472594e-01 
2 21  1.419745961139882127e+02 0 0 1.283174e-01 9.225167e-02 1.169977e-01 8.403986e-02 8.428083e-02 1.052784e-01 1.628958e-01 1.577363e-01 1.201173e-01 1.137659e-01 1.179916e-01 1.024315e-01 5.606440e-02 9.504867e-02 3.053050e-02 8.590676e-02 1.654364e-01 5.682417e-02 4.518966e-02 3.154356e-01 9.966825e-02 8.150580e-02 1.858953e-01 3.862732e-01 1.322888e-01 3.209687e-01 2.662105e-01 2.712075e-01 
3 31  1.366782898141650548e+02 0 0 1.480866e-01 7.435061e-02 1.264821e-01 9.401743e-02 8.415542e-02 7.352175e-02 1.464226e-01 1.310496e-01 1.147536e-01 1.172957e-01 1.247773e-01 1.054621e-01 5.196219e-02 8.764213e-02 3.100297e-02 9.648916e-02 1.629873e-01 4.901739e-02 5.157583e-02 3.317576e-01 1.054114e-01 9.195158e-02 2.012377e-01 3.880703e-01 1.093277e-01 3.373266e-01 2.626779e-01 2.611628e-01 
4 41  1.329356796651864272e+02 0 0 1.433192e-01 8.988178e-02 1.098960e-01 9.457203e-02 9.012960e-02 1.172308e-01 1.867059e-01 1.323090e-01 1.201731e-01 1.378380e-01 1.198299e-01 1.073998e-01 4.905935e-02 1.044018e-01 3.239462e-02 8.643465e-02 1.416124e-01 5.636294e-02 6.143458e-02 2.907539e-01 1.017695e-01 8.788897e-02 1.832682e-01 3.534628e-01 1.335058e-01 3.845823e-01 2.845554e-01 2.483663e-01 
5 51  1.459243181727457568e+02 0 0 1.223714e-01 7.310679e-02 1.366898e-01 9.261635e-02 8.463849e-02 9.108049e-02 1.792128e-01 1.168763e-01 1.140289e-01 1.144552e-01 1.109526e-01 9.625100e-02 5.096322e-02 9.455583e-02 3.167158e-02 8.514337e-02 1.532758e-01 5.175516e-02 5.478785e-02 3.256030e-01 9.956678e-02 8.526989e-02 1.977286e-01 3.638966e-01 1.205875e-01 3.723161e-01 2.381042e-01 2.515764e-01 
6 61  1.258388097345845011e+02 0 0 1.105130e-01 6.309231e-02 1.377965e-01 9.678585e-02 8.032287e-02 1.060893e-01 1.473708e-01 1.128658e-01 1.097400e-01 1.245657e-01 1.173066e-01 9.927849e-02 5.502992e-02 1.091640e-01 3.851768e-02 8.659639e-02 1.618162e-01 6.417463e-02 5.286318e-02 3.273723e-01 1.167708e-01 7.972911e-02 1.869244e-01 3.977135e-01 1.169401e-01 3.935137e-01 2.464653e-01 2.379310e-01 
7 71  1.232963635991484637e+02 0 0 1.259129e-01 8.745559e-02 1.324315e-01 1.124172e-01 8.517467e-02 9.721609e-02 2.002275e-01 1.033371e-01 1.094977e-01 1.220958e-01 1.136368e-01 9.133097e-02 5.454218e-02 9.817411e-02 2.983429e-02 7.956662e-02 1.540713e-01 5.039620e-02 4.545437e-02 3.820138e-01 1.119084e-01 8.907207e-02 2.273414e-01 3.856233e-01 1.406228e-01 3.930487e-01 2.464252e-01 2.197091e-01 
8 81  1.275780988791735808e+02 0 0 1.105480e-01 8.841719e-02 1.283520e-01 9.445165e-02 9.351786e-02 9.343441e-02 1.494815e-01 1.398873e-01 1.114181e-01 1.283742e-01 1.147902e-01 9.284058e-02 5.184218e-02 1.044776e-01 2.488805e-02 8.933354e-02 1.432845e-01 4.308429e-02 5.271109e-02 3.685248e-01 1.150132e-01 9.322749e-02 1.989233e-01 3.749379e-01 1.276757e-01 4.240204e-01 2.803115e-01 2.085829e-01 
9 91  1.219880398308799982e+02 0 0 1.074720e-01 1.025578e-01 1.307842e-01 8.692592e-02 1.077716e-01 9.491155e-02 1.641309e-01 1.233660e-01 1.032053e-01 1.362078e-01 1.235791e-01 8.219950e-02 5.932823e-02 1.051650e-01 2.802539e-02 8.270074e-02 1.517778e-01 4.385668e-02 4.672783e-02 3.679750e-01 1.161143e-01 9.640819e-02 1.925991e-01 3.405718e-01 1.299981e-01 3.979335e-01 2.567345e-01 2.199113e-01 
10 101  1.321334299977471574e+02 0 0 1.387586e-01 1.005532e-01 1.316929e-01 9.774978e-02 9.977331e-02 9.630935e-02 1.759200e-01 1.365042e-01 1.063206e-01 1.320826e-01 1.234778e-01 8.772382e-02 5.788756e-02 1.060007e-01 2.976540e-02 8.776493e-02 1.428548e-01 3.966034e-02 4.631518e-02 4.007762e-01 9.759630e-02 9.293562e-02 2.131923e-01 3.183094e-01 1.379258e-01 3.726016e-01 2.525077e-01 1.757359e-01 
11 111  1.226011054806318299e+02 0 0 1.143889e-01 1.115095e-01 1.258374e-01 9.601685e-02 9.458948e-02 9.690577e-02 1.773975e-01 1.474381e-01 1.042386e-01 1.157352e-01 1.300674e-01 7.852095e-02 5.528716e-02 1.123339e-01 2.674497e-02 7.899857e-02 1.672770e-01 4.691143e-02 4.456736e-02 3.399530e-01 1.080228e-01 8.002695e-02 2.006013e-01 3.196594e-01 1.434239e-01 4.197827e-01 2.652931e-01 2.187024e-01 
12 121  1.212788164855315074e+02 0 0 1.089847e-01 9.893296e-02 1.194482e-01 9.704234e-02 9.047698e-02 8.934324e-02 1.726643e-01 1.525638e-01 1.201709e-01 1.281525e-01 1.227178e-01 8.993749e-02 6.020588e-02 9.851399e-02 2.266778e-02 9.092949e-02 1.647207e-01 5.597337e-02 4.927984e-02 3.786820e-01 1.093728e-01 9.587232e-02 1.990360e-01 3.336437e-01 1.310096e-01 3.886178e-01 2.711969e-01 1.991722e-01 
13 131  1.136841529079053288e+02 0 0 1.051418e-01 1.130029e-01 1.233824e-01 1.020372e-01 9.547892e-02 8.741045e-02 1.650838e-01 1.368122e-01 1.254082e-01 1.318402e-01 1.206631e-01 7.969856e-02 5.570302e-02 1.047542e-01 2.645885e-02 8.621120e-02 1.727029e-01 5.755058e-02 5.200728e-02 3.547017e-01 1.029898e-01 8.804910e-02 1.956899e-01 3.057467e-01 1.280639e-01 4.241770e-01 2.432851e-01 1.854801e-01 
14 141  1.192750439699347567e+02 0 0 1.247564e-01 9.153516e-02 1.205348e-01 9.686952e-02 9.196162e-02 8.609513e-02 1.720399e-01 1.341131e-01 1.312877e-01 1.126739e-01 1.312266e-01 9.066826e-02 5.652097e-02 1.132151e-01 2.757232e-02 8.787692e-02 1.656684e-01 5.371812e-02 5.009056e-02 3.587535e-01 1.071559e-01 9.963814e-02 1.904332e-01 3.194516e-01 1.321254e-01 4.014279e-01 2.513950e-01 1.988702e-01 
15 151  1.184050979385420987e+02 0 0 1.142507e-01 9.279102e-02 1.317981e-01 1.092493e-01 8.731329e-02 8.382142e-02 1.631915e-01 1.462346e-01 1.208128e-01 1.257849e-01 1.368596e-01 8.940004e-02 5.283251e-02 1.059609e-01 2.553645e-02 8.763858e-02 1.695293e-01 5.170522e-02 4.528667e-02 3.715549e-01 1.153507e-01 9.255200e-02 1.962025e-01 3.023724e-01 1.379413e-01 3.975003e-01 2.576006e-01 2.063510e-01 
16 161  1.243432857035222128e+02 0 0 1.099140e-01 8.552972e-02 1.267740e-01 1.054853e-01 8.457133e-02 1.048107e-01 1.838591e-01 1.545609e-01 1.348258e-01 1.132095e-01 1.351500e-01 7.783795e-02 4.867994e-02 1.167600e-01 2.772442e-02 9.151561e-02 1.506081e-01 5.437400e-02 5.534052e-02 3.806617e-01 1.244351e-01 9.425252e-02 1.837864e-01 3.168636e-01 1.307948e-01 4.097734e-01 2.514534e-01 1.808232e-01 
17 171  1.165361822772930509e+02 0 0 1.107878e-01 8.559994e-02 1.329565e-01 1.149624e-01 7.191719e-02 8.233723e-02 1.959060e-01 1.625098e-01 1.424059e-01 1.201953e-01 1.309208e-01 7.148331e-02 5.038516e-02 9.842020e-02 2.530330e-02 8.557169e-02 1.538046e-01 5.597874e-02 5.482122e-02 3.838133e-01 1.180487e-01 9.848109e-02 1.913806e-01 3.124446e-01 1.414637e-01 4.148888e-01 2.599982e-01 2.045678e-01 
18 181  1.152978402833183935e+02 0 0 1.090879e-01 7.840262e-02 1.280327e-01 1.126258e-01 7.830127e-02 9.257793e-02 1.773718e-01 1.493036e-01 1.401262e-01 1.227348e-01 1.296046e-01 7.457161e-02 4.740702e-02 1.122148e-01 2.832166e-02 8.563803e-02 1.798984e-01 5.381605e-02 5.362805e-02 3.702188e-01 1.181996e-01 1.023658e-01 1.830905e-01 3.169699e-01 1.464058e-01 3.861169e-01 2.678171e-01 1.928640e-01 
19 191  1.103734680668113555e+02 0 0 1.020801e-01 7.781079e-02 1.374749e-01 9.805489e-02 6.812335e-02 8.541674e-02 1.764658e-01 1.657241e-01 1.453468e-01 1.242665e-01 1.358522e-01 7.802941e-02 4.765426e-02 9.912160e-02 2.199175e-02 8.948179e-02 1.456554e-01 5.682259e-02 4.818138e-02 3.546595e-01 1.131861e-01 9.299658e-02 1.844110e-01 3.125978e-01 1.457885e-01 4.106673e-01 2.545613e-01 2.319432e-01 
20 201  1.198360770144138172e+02 0 0 1.036087e-01 9.095346e-02 1.428448e-01 1.130790e-01 6.593921e-02 1.044534e-01 2.000815e-01 1.609405e-01 1.335482e-01 1.194765e-01 1.303589e-01 7.059581e-02 5.232128e-02 9.870266e-02 2.123467e-02 8.506228e-02 1.640783e-01 5.139695e-02 4.448066e-02 3.327740e-01 1.248330e-01 8.990866e-02 1.789990e-01 3.395460e-01 1.475279e-01 3.986803e-01 2.754023e-01 2.466448e-01 
21 211  1.170906387263645598e+02 0 0 1.018820e-01 9.385392e-02 1.439269e-01 1.009024e-01 6.902889e-02 1.011667e-01 2.068405e-01 1.755320e-01 1.384482e-01 1.279181e-01 1.221944e-01 6.675109e-02 5.696650e-02 1.025403e-01 2.198413e-02 9.431441e-02 1.679596e-01 5.344955e-02 4.739455e-02 3.600217e-01 1.160956e-01 9.397338e-02 1.847868e-01 2.970662e-01 1.476509e-01 3.733867e-01 2.638133e-01 2.373188e-01 
22 221  1.096698893039861815e+02 0 0 1.016495e-01 8.450313e-02 1.339434e-01 9.494094e-02 6.326399e-02 8.319845e-02 1.943299e-01 1.717283e-01 1.304707e-01 1.170964e-01 1.303350e-01 6.294195e-02 5.526967e-02 9.592973e-02 2.437041e-02 9.544154e-02 1.787628e-01 5.223231e-02 4.785144e-02 3.457551e-01 1.103808e-01 9.556099e-02 1.673425e-01 3.213746e-01 1.292155e-01 3.860897e-01 2.502867e-01 2.030171e-01 
23 231  1.096825567194088364e+02 0 0 7.930521e-02 9.381232e-02 1.347163e-01 1.111960e-01 8.114014e-02 9.963683e-02 1.938150e-01 1.671317e-01 1.299801e-01 1.243445e-01 1.369763e-01 6.567689e-02 5.313542e-02 9.474564e-02 2.534807e-02 8.643295e-02 1.598274e-01 6.107158e-02 5.378094e-02 3.358181e-01 1.148687e-01 8.800110e-02 1.672311e-01 3.638288e-01 1.369422e-01 3.794331e-01 2.490425e-01 2.212401e-01 
24 241  1.134013244060398193e+02 0 0 1.023718e-01 1.053677e-01 1.446657e-01 1.011597e-01 7.922833e-02 9.341232e-02 2.009393e-01 1.568472e-01 1.289133e-01 1.206005e-01 1.330235e-01 7.580703e-02 4.808567e-02 8.925482e-02 2.357784e-02 9.019936e-02 1.572925e-01 6.784256e-02 5.066676e-02 3.328701e-01 1.097652e-01 8.555371e-02 1.712252e-01 3.171196e-01 1.360354e-01 4.188723e-01 2.501790e-01 2.583958e-01 
25 251  1.202558487408760470e+02 0 0 7.754545e-02 1.035275e-01 1.507618e-01 9.579262e-02 7.808692e-02 9.776959e-02 1.817605e-01 1.674352e-01 1.371069e-01 1.305021e-01 1.250492e-01 6.177042e-02 4.780400e-02 9.920434e-02 2.279735e-02 8.891571e-02 1.668213e-01 6.102656e-02 5.537153e-02 3.293119e-01 1.061176e-01 8.845410e-02 1.682522e-01 3.119682e-01 1.436624e-01 4.238432e-01 2.564381e-01 2.296363e-01 
26 261  1.140960531307877659e+02 0 0 1.068351e-01 1.041410e-01 1.465681e-01 1.001284e-01 6.536362e-02 9.849370e-02 2.043363e-01 1.657020e-01 1.313917e-01 1.276902e-01 1.419138e-01 7.055414e-02 4.925341e-02 9.621225e-02 2.307724e-02 9.051501e-02 1.737730e-01 5.820870e-02 5.633910e-02 3.416997e-01 1.102195e-01 8.941255e-02 1.812261e-01 3.650900e-01 1.439082e-01 3.783577e-01 2.614366e-01 2.245811e-01 
27 271  1.149008550162362212e+02 0 0 1.038029e-01 9.554608e-02 1.490797e-01 1.001051e-01 7.115104e-02 9.984195e-02 2.169951e-01 1.587613e-01 1.284308e-01 1.210727e-01 1.334982e-01 6.226409e-02 5.303259e-02 1.007388e-01 2.557335e-02 9.522569e-02 1.573402e-01 6.123255e-02 5.446669e-02 3.371957e-01 1.143870e-01 8.286746e-02 1.877903e-01 3.649415e-01 1.512065e-01 3.878717e-01 2.577216e-01 2.433265e-01 
28 281  1.139979628035562911e+02 0 0 1.012839e-01 1.030463e-01 1.464702e-01 9.403315e-02 8.290170e-02 9.201526e-02 2.253262e-01 1.775463e-01 1.247438e-01 1.298731e-01 1.324181e-01 5.685652e-02 5.584720e-02 9.496624e-02 2.074302e-02 9.137792e-02 1.567476e-01 5.954403e-02 5.512792e-02 3.400151e-01 1.072174e-01 8.959522e-02 1.606680e-01 3.721215e-01 1.368651e-01 3.793445e-01 2.407813e-01 2.365211e-01 
29 291  1.097517646170139329e+02 0 0 1.077868e-01 1.000381e-01 1.328041e-01 9.451143e-02 8.001689e-02 9.470917e-02 2.107730e-01 1.622530e-01 1.212713e-01 1.202892e-01 1.432804e-01 7.506196e-02 4.804464e-02 1.044128e-01 2.392924e-02 8.901898e-02 1.609532e-01 6.232053e-02 5.456319e-02 3.409320e-01 1.081712e-01 9.375813e-02 1.729515e-01 3.316947e-01 1.402730e-01 3.848562e-01 2.475677e-01 2.312493e-01 
30 301  1.098104256610959339e+02 0 0 1.047512e-01 9.895860e-02 1.444898e-01 8.929035e-02 7.875510e-02 1.079431e-01 2.165209e-01 1.790457e-01 1.221894e-01 1.232347e-01 1.329196e-01 6.730263e-02 4.276907e-02 1.011995e-01 2.448748e-02 9.120576e-02 1.452316e-01 5.712971e-02 5.983267e-02 3.476796e-01 1.068308e-01 8.804379e-02 1.770171e-01 3.476124e-01 1.377728e-01 3.870697e-01 2.645552e-01 2.364699e-01 
31 311  1.092495752701759102e+02 0 0 1.108934e-01 1.010679e-01 1.347389e-01 9.257740e-02 7.574898e-02 1.008483e-01 2.105428e-01 1.649470e-01 1.189515e-01 1.103703e-01 1.405478e-01 7.021056e-02 4.891899e-02 1.127232e-01 2.463799e-02 8.246134e-02 1.629107e-01 5.992778e-02 5.491353e-02 3.417145e-01 1.041522e-01 7.940759e-02 1.560397e-01 3.428393e-01 1.436219e-01 3.914036e-01 2.611449e-01 2.391860e-01 
32 321  1.086969619019372146e+02 0 0 1.039421e-01 1.028438e-01 1.413787e-01 9.689179e-02 7.675348e-02 1.093204e-01 2.226851e-01 1.808627e-01 1.124153e-01 1.091787e-01 1.326140e-01 7.017775e-02 4.747561e-02 1.042932e-01 2.640168e-02 8.178738e-02 1.451152e-01 5.850225e-02 6.298102e-02 3.224010e-01 1.075057e-01 8.568582e-02 1.470870e-01 3.557925e-01 1.408045e-01 4.009437e-01 2.544123e-01 2.306340e-01 
33 331  1.083628704683646760e+02 0 0 9.497952e-02 9.936780e-02 1.376084e-01 9.545283e-02 7.419165e-02 1.124357e-01 2.041134e-01 1.871930e-01 1.072113e-01 1.132355e-01 1.499086e-01 6.580610e-02 4.684785e-02 1.124783e-01 2.791970e-02 8.524879e-02 1.500472e-01 5.111219e-02 6.816647e-02 3.407097e-01 1.006189e-01 8.912201e-02 1.578660e-01 3.498864e-01 1.465993e-01 3.701057e-01 2.505625e-01 2.271488e-01 
34 341  1.100422327209910662e+02 0 0 1.052359e-01 1.079124e-01 1.373450e-01 9.159675e-02 7.416846e-02 1.157201e-01 1.939539e-01 1.948011e-01 1.119024e-01 1.233794e-01 1.460561e-01 6.518693e-02 5.035816e-02 1.033214e-01 2.443000e-02 8.628901e-02 1.516748e-01 5.649320e-02 6.471571e-02 3.205885e-01 1.003045e-01 8.351848e-02 1.493380e-01 3.544435e-01 1.411104e-01 4.032736e-01 2.620906e-01 2.393211e-01 
35 351  1.112551241461256382e+02 0 0 1.020122e-01 1.079951e-01 1.402965e-01 1.011057e-01 7.955311e-02 1.152401e-01 2.144860e-01 1.863286e-01 1.069944e-01 1.168659e-01 1.360668e-01 6.513752e-02 4.781140e-02 1.043471e-01 2.613757e-02 8.721804e-02 1.553032e-01 5.867613e-02 6.453728e-02 3.208632e-01 9.348284e-02 8.767599e-02 1.586468e-01 3.795059e-01 1.321604e-01 3.660299e-01 2.562834e-01 2.346242e-01 
36 361  1.121053223128104008e+02 0 0 9.566823e-02 1.042488e-01 1.310114e-01 9.935766e-02 7.489715e-02 1.108898e-01 2.177409e-01 1.803527e-01 1.048210e-01 1.206606e-01 1.470668e-01 7.380019e-02 5.366075e-02 1.111480e-01 2.761577e-02 8.016247e-02 1.498779e-01 5.777039e-02 6.118754e-02 3.272851e-01 9.958693e-02 8.189162e-02 1.570037e-01 3.736205e-01 1.314306e-01 4.131633e-01 2.601976e-01 2.298344e-01 
37 371  1.105074441086083539e+02 0 0 9.345266e-02 1.034344e-01 1.470666e-01 1.016899e-01 7.194360e-02 1.245838e-01 1.924892e-01 1.752573e-01 1.119190e-01 1.217514e-01 1.376937e-01 7.650321e-02 4.656987e-02 9.553073e-02 2.556403e-02 7.860688e-02 1.406895e-01 5.380749e-02 6.246053e-02 3.226456e-01 9.670544e-02 9.141466e-02 1.549611e-01 3.623021e-01 1.313927e-01 3.884539e-01 2.597446e-01 2.363878e-01 
38 381  1.104518681535189870e+02 0 0 1.018080e-01 1.051299e-01 1.348992e-01 1.037896e-01 7.308772e-02 1.187833e-01 2.003303e-01 1.867444e-01 9.389530e-02 1.309163e-01 1.361379e-01 7.374447e-02 4.799190e-02 9.186586e-02 2.716200e-02 9.546420e-02 1.412850e-01 5.734585e-02 6.394682e-02 3.316128e-01 9.556039e-02 8.377164e-02 1.582974e-01 3.456602e-01 1.289849e-01 4.218106e-01 2.549835e-01 2.153651e-01 
39 391  1.123483344796837997e+02 0 0 9.634187e-02 1.041682e-01 1.362478e-01 9.684332e-02 7.400145e-02 1.108151e-01 1.932018e-01 1.906643e-01 9.981250e-02 1.325762e-01 1.337629e-01 8.030910e-02 4.853386e-02 9.919763e-02 2.887466e-02 8.805149e-02 1.329195e-01 5.745846e-02 6.195413e-02 3.120099e-01 8.925473e-02 8.247976e-02 1.632615e-01 3.483903e-01 1.369208e-01 4.060885e-01 2.597800e-01 2.321371e-01 
40 401  1.164239638302276347e+02 0 0 9.791793e-02 1.031654e-01 1.402774e-01 9.025304e-02 6.999832e-02 1.132255e-01 1.856078e-01 1.837519e-01 9.919280e-02 1.264307e-01 1.310141e-01 7.337088e-02 4.885102e-02 8.691028e-02 2.523367e-02 9.571912e-02 1.513098e-01 5.733428e-02 6.269484e-02 3.134882e-01 9.603705e-02 8.168596e-02 1.609607e-01 3.433030e-01 1.392628e-01 4.255225e-01 2.559131e-01 2.185780e-01 
41 411  1.125168352678957575e+02 0 0 9.091293e-02 1.019562e-01 1.329127e-01 9.639256e-02 7.994493e-02 1.209750e-01 1.902798e-01 1.945621e-01 9.478404e-02 1.296202e-01 1.283158e-01 7.876307e-02 4.871525e-02 9.204976e-02 2.607433e-02 9.696618e-02 1.465796e-01 5.208346e-02 6.316307e-02 3.134802e-01 8.962309e-02 7.768251e-02 1.622726e-01 3.435143e-01 1.433167e-01 4.168584e-01 2.548279e-01 2.143590e-01 
42 421  1.115328558205425793e+02 0 0 9.308894e-02 9.756241e-02 1.355523e-01 9.473744e-02 6.999602e-02 1.062415e-01 2.024974e-01 1.811411e-01 9.426027e-02 1.303526e-01 1.221568e-01 7.461089e-02 4.526207e-02 9.451079e-02 2.752182e-02 1.001366e-01 1.485390e-01 5.764074e-02 5.980113e-02 3.147062e-01 1.030706e-01 7.349921e-02 1.651975e-01 3.497367e-01 1.296170e-01 4.092002e-01 2.439263e-01 2.391481e-01 
43 431  1.045903608621237311e+02 0 0 9.157881e-02 9.469521e-02 1.422862e-01 9.197506e-02 7.301315e-02 1.144214e-01 1.896603e-01 1.854563e-01 9.296854e-02 1.292191e-01 1.262961e-01 7.888021e-02 4.688229e-02 9.073094e-02 2.810942e-02 1.024600e-01 1.431363e-01 5.652506e-02 6.074986e-02 3.276418e-01 9.914936e-02 7.242460e-02 1.604209e-01 3.652554e-01 1.310204e-01 3.731329e-01 2.509865e-01 2.054956e-01 
44 441  1.070776336483445448e+02 0 0 9.652591e-02 9.825666e-02 1.396912e-01 9.279673e-02 7.051436e-02 1.070146e-01 1.808741e-01 1.886216e-01 9.754996e-02 1.423484e-01 1.307530e-01 7.970033e-02 4.715204e-02 8.694362e-02 2.816480e-02 1.101610e-01 1.462029e-01 5.554748e-02 5.860394e-02 3.371184e-01 1.001083e-01 7.513977e-02 1.740002e-01 3.576250e-01 1.329838e-01 3.847879e-01 2.517534e-01 2.197932e-01 
45 451  1.034643767877504814e+02 0 0 9.604141e-02 9.316558e-02 1.344034e-01 9.849965e-02 7.007111e-02 1.097365e-01 1.748913e-01 1.853201e-01 1.028847e-01 1.273944e-01 1.287026e-01 7.688101e-02 4.632697e-02 9.030424e-02 2.900924e-02 1.037903e-01 1.474102e-01 5.984965e-02 6.058824e-02 3.414974e-01 1.048914e-01 8.331905e-02 1.573254e-01 3.377910e-01 1.325174e-01 3.947452e-01 2.591191e-01 2.292675e-01 
46 461  1.050072811822547862e+02 0 0 9.668903e-02 1.022850e-01 1.356021e-01 9.442606e-02 6.504053e-02 1.103080e-01 1.775685e-01 2.027454e-01 8.990670e-02 1.182604e-01 1.278283e-01 7.616087e-02 4.511732e-02 8.572421e-02 3.040124e-02 1.115519e-01 1.395081e-01 6.119979e-02 6.441348e-02 3.253230e-01 1.042710e-01 7.442169e-02 1.654949e-01 3.528499e-01 1.344455e-01 3.969971e-01 2.727434e-01 2.223151e-01 
47 471  1.054445742624947400e+02 0 0 8.848008e-02 1.061783e-01 1.400267e-01 9.174849e-02 7.319946e-02 1.080061e-01 1.630161e-01 1.870198e-01 9.500257e-02 1.164689e-01 1.222021e-01 7.425287e-02 4.342135e-02 8.441235e-02 2.888608e-02 1.132991e-01 1.393883e-01 5.952148e-02 5.920972e-02 3.239640e-01 1.004983e-01 7.835957e-02 1.599853e-01 3.501016e-01 1.365968e-01 3.791913e-01 2.586632e-01 2.293667e-01 
48 481  1.041878396354494072e+02 0 0 8.839395e-02 9.704107e-02 1.384745e-01 9.062916e-02 6.933034e-02 1.070451e-01 1.545407e-01 2.028378e-01 9.772451e-02 1.180686e-01 1.167292e-01 7.757368e-02 4.480486e-02 8.268576e-02 3.133959e-02 1.103720e-01 1.363552e-01 5.452112e-02 5.937828e-02 3.307250e-01 1.039749e-01 7.786439e-02 1.566021e-01 3.332177e-01 1.315484e-01 3.975869e-01 2.702932e-01 2.141086e-01 
49 491  9.467490019940174761e+01 0 0 9.097383e-02 1.090468e-01 1.407620e-01 8.806696e-02 7.088560e-02 1.159354e-01 1.713642e-01 2.001530e-01 9.919035e-02 1.096771e-01 1.045963e-01 8.251959e-02 4.399917e-02 9.032742e-02 2.943415e-02 1.088935e-01 1.313277e-01 5.606547e-02 5.629599e-02 3.118978e-01 1.004017e-01 7.837863e-02 1.583665e-01 3.590956e-01 1.319769e-01 3.926006e-01 2.633868e-01 2.387200e-01 
50 501  9.634689228537351369e+01 0 0 9.983240e-02 1.044565e-01 1.370337e-01 9.030547e-02 7.561340e-02 1.069898e-01 1.763558e-01 1.987453e-01 1.003276e-01 1.175717e-01 1.084317e-01 8.177712e-02 4.360267e-02 9.389767e-02 3.089218e-02 1.113563e-01 1.423626e-01 5.772932e-02 5.198899e-02 3.635672e-01 1.047743e-01 7.504222e-02 1.560451e-01 3.197215e-01 1.291879e-01 3.731890e-01 2.614466e-01 2.349941e-01 
51 511  9.574321569507631580e+01 0 0 9.899353e-02 9.917506e-02 1.399694e-01 8.814612e-02 7.369722e-02 1.076086e-01 1.607769e-01 1.971113e-01 1.048399e-01 1.227216e-01 1.095441e-01 7.484484e-02 4.538843e-02 9.848214e-02 3.207964e-02 1.129877e-01 1.466193e-01 5.746745e-02 5.121626e-02 3.369291e-01 1.078662e-01 7.483081e-02 1.445094e-01 3.186176e-01 1.284120e-01 3.905110e-01 2.688886e-01 2.351512e-01 
52 521  1.071499900440080637e+02 0 0 1.011485e-01 9.687436e-02 1.470218e-01 8.552783e-02 7.470769e-02 1.171358e-01 1.725560e-01 2.038568e-01 1.118767e-01 1.128838e-01 1.032191e-01 7.224866e-02 4.493111e-02 9.822124e-02 3.327155e-02 1.102747e-01 1.329124e-01 5.670097e-02 5.347757e-02 3.429270e-01 1.088857e-01 7.394076e-02 1.630307e-01 3.275820e-01 1.343519e-01 3.889014e-01 2.791003e-01 2.237175e-01 
53 531  9.464477020295008458e+01 0 0 9.861517e-02 1.019978e-01 1.395921e-01 8.214698e-02 8.136210e-02 1.054207e-01 1.698099e-01 1.950102e-01 1.014313e-01 1.197225e-01 1.044023e-01 7.296532e-02 4.274254e-02 8.987092e-02 3.217563e-02 1.128282e-01 1.309632e-01 5.563965e-02 4.926152e-02 3.484673e-01 9.950604e-02 6.791770e-02 1.610914e-01 3.213756e-01 1.386883e-01 3.960513e-01 2.647960e-01 2.229498e-01 
54 541  9.572312449040558135e+01 0 0 9.653675e-02 9.515155e-02 1.421571e-01 8.093678e-02 8.198587e-02 1.142869e-01 1.832212e-01 1.828818e-01 1.036138e-01 1.211138e-01 1.172705e-01 7.866460e-02 4.220347e-02 9.254255e-02 3.117618e-02 1.102921e-01 1.440618e-01 5.854362e-02 5.282470e-02 3.356488e-01 1.062302e-01 7.018705e-02 1.633257e-01 3.616878e-01 1.310216e-01 4.083632e-01 2.577774e-01 2.372067e-01 
55 551  1.008573500636293829e+02 0 0 8.493685e-02 1.013109e-01 1.407853e-01 8.569772e-02 7.713663e-02 1.011661e-01 1.601832e-01 1.957654e-01 1.084613e-01 1.232470e-01 1.077747e-01 8.148614e-02 4.105495e-02 9.288687e-02 3.345485e-02 1.131763e-01 1.394161e-01 5.741467e-02 5.118517e-02 3.398270e-01 1.033957e-01 6.871594e-02 1.634633e-01 3.405298e-01 1.265859e-01 4.102432e-01 2.662169e-01 2.067502e-01 
56 561  9.774589485428865032e+01 0 0 9.098801e-02 9.454542e-02 1.385344e-01 8.621804e-02 8.221791e-02 1.108444e-01 1.774998e-01 1.777363e-01 9.908643e-02 1.217293e-01 1.126708e-01 8.192018e-02 4.372515e-02 9.836055e-02 2.848728e-02 1.062019e-01 1.315068e-01 5.551426e-02 5.220225e-02 3.480129e-01 1.007464e-01 6.535600e-02 1.634000e-01 3.537860e-01 1.337067e-01 3.858990e-01 2.534732e-01 2.360775e-01 
57 571  9.325707954295006630e+01 0 0 9.607553e-02 9.286357e-02 1.311978e-01 8.534633e-02 8.127493e-02 1.181449e-01 1.603191e-01 1.814209e-01 1.060646e-01 1.167415e-01 1.125520e-01 7.302066e-02 4.168206e-02 9.919499e-02 3.134485e-02 1.057615e-01 1.423128e-01 5.648193e-02 5.534077e-02 3.257968e-01 1.037872e-01 6.809578e-02 1.690632e-01 3.538965e-01 1.280731e-01 3.700422e-01 2.670740e-01 2.154846e-01 
58 581  9.881590103434520245e+01 0 0 8.778990e-02 9.743659e-02 1.276855e-01 9.003149e-02 8.338745e-02 1.044101e-01 1.738359e-01 1.802742e-01 1.032852e-01 1.188925e-01 1.157604e-01 7.855486e-02 4.631177e-02 1.042537e-01 3.117571e-02 9.990490e-02 1.438086e-01 5.923270e-02 5.601803e-02 3.445464e-01 9.973908e-02 6.514900e-02 1.594025e-01 3.428017e-01 1.247389e-01 3.806857e-01 2.734882e-01 2.086779e-01 
59 591  9.365351686242793505e+01 0 0 9.019079e-02 1.031723e-01 1.329866e-01 8.438800e-02 8.452273e-02 1.081768e-01 1.651300e-01 1.814188e-01 1.046810e-01 1.139084e-01 1.181339e-01 7.168568e-02 4.168863e-02 1.025071e-01 3.142906e-02 9.800821e-02 1.498329e-01 6.148775e-02 5.899472e-02 3.497479e-01 1.053693e-01 6.711770e-02 1.553183e-01 3.790397e-01 1.228253e-01 3.800239e-01 2.652614e-01 2.069862e-01 
60 601  9.249633699443495516e+01 0 0 9.076751e-02 1.000443e-01 1.302363e-01 9.500344e-02 8.107347e-02 1.072364e-01 1.635249e-01 1.673891e-01 1.055225e-01 1.197618e-01 1.168310e-01 8.268063e-02 4.069411e-02 9.988383e-02 3.151726e-02 9.871342e-02 1.396447e-01 6.030404e-02 5.979363e-02 3.507976e-01 1.024102e-01 6.523682e-02 1.682469e-01 3.682436e-01 1.206485e-01 3.751096e-01 2.609803e-01 1.905423e-01 
61 611  9.774029100846841800e+01 0 0 1.007708e-01 1.044378e-01 1.175848e-01 9.616109e-02 8.484679e-02 9.520129e-02 1.744525e-01 1.739009e-01 1.004969e-01 1.231265e-01 1.110196e-01 7.308029e-02 3.697512e-02 9.425224e-02 3.078976e-02 9.869082e-02 1.500155e-01 6.047376e-02 5.743495e-02 3.542717e-01 9.863029e-02 6.422730e-02 1.539575e-01 3.641158e-01 1.125465e-01 3.726573e-01 2.639842e-01 2.105141e-01 
62 621  9.656745673879446201e+01 0 0 9.390126e-02 9.754029e-02 1.192538e-01 8.812837e-02 9.104802e-02 1.011293e-01 1.798962e-01 1.755520e-01 1.052706e-01 1.153359e-01 1.198255e-01 6.769098e-02 4.212808e-02 9.304734e-02 3.084451e-02 9.814760e-02 1.390151e-01 6.230837e-02 6.010797e-02 3.642257e-01 1.047800e-01 5.879353e-02 1.453040e-01 3.632424e-01 1.163218e-01 3.594505e-01 2.690428e-01 2.068478e-01 
63 631  9.691801409461564276e+01 0 0 9.402592e-02 9.507380e-02 1.303797e-01 9.118629e-02 8.127616e-02 1.032752e-01 1.787014e-01 1.808953e-01 1.063413e-01 1.172326e-01 1.200688e-01 5.974603e-02 4.236535e-02 1.010464e-01 2.929237e-02 1.017062e-01 1.419704e-01 6.087731e-02 5.318823e-02 3.516436e-01 1.039616e-01 6.089107e-02 1.587259e-01 3.575047e-01 1.261325e-01 3.790122e-01 2.706297e-01 2.190442e-01 
64 641  9.158351609226298251e+01 0 0 9.134060e-02 9.810805e-02 1.156839e-01 8.897198e-02 8.616515e-02 1.063463e-01 1.716923e-01 1.728556e-01 1.097042e-01 1.172036e-01 1.314602e-01 7.134763e-02 4.063027e-02 9.558345e-02 3.102530e-02 9.406348e-02 1.449994e-01 5.673438e-02 5.906547e-02 3.418022e-01 9.966529e-02 6.568473e-02 1.467602e-01 3.710694e-01 1.139769e-01 3.804857e-01 2.622984e-01 2.176996e-01 
65 651  9.456614625243021521e+01 0 0 9.424704e-02 9.909715e-02 1.280997e-01 8.767365e-02 8.700629e-02 1.045543e-01 1.741059e-01 1.681682e-01 1.113591e-01 1.143621e-01 1.282069e-01 7.435935e-02 4.106882e-02 9.536063e-02 3.035345e-02 9.435674e-02 1.387290e-01 5.731605e-02 5.624143e-02 3.520515e-01 1.043049e-01 6.153332e-02 1.405387e-01 3.656789e-01 1.144953e-01 3.927688e-01 2.688100e-01 2.190871e-01 
66 661  9.581472421821320040e+01 0 0 9.228429e-02 1.015219e-01 1.232928e-01 9.488320e-02 8.235579e-02 1.040644e-01 1.738221e-01 1.793045e-01 1.114233e-01 1.106177e-01 1.318861e-01 7.370417e-02 4.364199e-02 9.709064e-02 3.169984e-02 1.003845e-01 1.374178e-01 5.587218e-02 5.555591e-02 3.612828e-01 9.765911e-02 6.425701e-02 1.385591e-01 3.637731e-01 1.090986e-01 3.774873e-01 2.579468e-01 2.192353e-01 
67 671  9.598381177372331763e+01 0 0 9.898476e-02 9.922909e-02 1.255309e-01 9.437933e-02 8.802153e-02 9.877872e-02 1.923493e-01 1.653829e-01 1.123549e-01 1.174095e-01 1.294262e-01 7.818937e-02 4.189730e-02 9.725159e-02 3.025330e-02 9.726632e-02 1.425021e-01 5.744784e-02 5.610181e-02 3.483126e-01 9.826721e-02 6.623281e-02 1.349722e-01 3.585786e-01 1.120680e-01 3.788615e-01 2.747015e-01 2.169944e-01 
68 681  9.578549658637155062e+01 0 0 9.210870e-02 9.570728e-02 1.294640e-01 8.865914e-02 8.888938e-02 1.045617e-01 1.858254e-01 1.721080e-01 1.077840e-01 1.142789e-01 1.309565e-01 7.707820e-02 4.110038e-02 9.292192e-02 2.940181e-02 9.936246e-02 1.438734e-01 5.846901e-02 5.574517e-02 3.405394e-01 9.486199e-02 6.587166e-02 1.376197e-01 3.600248e-01 1.160935e-01 3.773736e-01 2.751474e-01 2.213195e-01 
69 691  9.398090842420205604e+01 0 0 9.497883e-02 9.786890e-02 1.330129e-01 8.892847e-02 8.962343e-02 1.075606e-01 1.879714e-01 1.628821e-01 1.076040e-01 1.234885e-01 1.389325e-01 7.649216e-02 4.231177e-02 9.634025e-02 3.008323e-02 9.771164e-02 1.517265e-01 5.694378e-02 5.693772e-02 3.571114e-01 1.008777e-01 6.308131e-02 1.413375e-01 3.619392e-01 1.099604e-01 3.722856e-01 2.568452e-01 2.312072e-01 
70 701  9.012135340435003172e+01 0 0 9.517289e-02 9.616380e-02 1.327929e-01 8.504388e-02 8.503861e-02 1.075206e-01 1.945213e-01 1.521802e-01 1.079975e-01 1.223649e-01 1.350068e-01 7.279328e-02 4.501520e-02 8.728652e-02 3.001546e-02 9.381646e-02 1.508620e-01 5.817894e-02 5.700037e-02 3.377706e-01 1.024076e-01 6.370723e-02 1.429931e-01 3.440168e-01 1.127343e-01 3.693475e-01 2.705725e-01 2.293420e-01 
71 711  8.987892818041649434e+01 0 0 9.191199e-02 9.625631e-02 1.261429e-01 8.764200e-02 8.415838e-02 1.001807e-01 2.062616e-01 1.518484e-01 1.057996e-01 1.211942e-01 1.362474e-01 6.913183e-02 4.411588e-02 9.383542e-02 2.853122e-02 9.050184e-02 1.518738e-01 5.949405e-02 5.534390e-02 3.548045e-01 1.078192e-01 6.578212e-02 1.432849e-01 3.517702e-01 1.151412e-01 3.780988e-01 2.644537e-01 2.196839e-01 
72 721  9.428332697889270264e+01 0 0 9.587582e-02 1.024046e-01 1.271520e-01 9.276009e-02 8.745464e-02 1.108005e-01 1.945551e-01 1.583542e-01 1.003275e-01 1.211448e-01 1.302124e-01 7.254739e-02 4.056270e-02 1.030212e-01 2.951675e-02 9.217320e-02 1.515358e-01 5.872904e-02 5.281699e-02 3.411205e-01 1.055414e-01 6.646978e-02 1.493148e-01 3.576156e-01 1.181909e-01 3.619262e-01 2.613752e-01 2.169384e-01 
73 731  9.172925088062585530e+01 0 0 9.461298e-02 1.070930e-01 1.238734e-01 9.132916e-02 8.455464e-02 1.113866e-01 1.923711e-01 1.583193e-01 9.483666e-02 1.207426e-01 1.300930e-01 6.776763e-02 3.807201e-02 9.249782e-02 3.175990e-02 9.152013e-02 1.534534e-01 5.857204e-02 5.947122e-02 3.500792e-01 1.050918e-01 6.119588e-02 1.560499e-01 3.674308e-01 1.146270e-01 3.588365e-01 2.684116e-01 2.203326e-01 
74 741  9.343543842562722546e+01 0 0 9.530095e-02 1.007563e-01 1.328984e-01 9.575374e-02 8.555751e-02 1.082279e-01 1.981760e-01 1.635900e-01 1.017919e-01 1.190934e-01 1.343277e-01 6.916558e-02 4.065611e-02 9.454049e-02 3.056160e-02 9.408621e-02 1.523147e-01 5.922215e-02 5.291853e-02 3.362013e-01 1.064121e-01 6.901495e-02 1.501483e-01 3.683410e-01 1.138245e-01 3.735808e-01 2.685202e-01 2.362364e-01 
75 751  9.525810910901425643e+01 0 0 8.934626e-02 1.069434e-01 1.227093e-01 9.733543e-02 8.148850e-02 1.055573e-01 1.948531e-01 1.555468e-01 1.016061e-01 1.203407e-01 1.318432e-01 7.485817e-02 3.668653e-02 9.848160e-02 3.026825e-02 9.157546e-02 1.523361e-01 5.850090e-02 5.442580e-02 3.302780e-01 1.082444e-01 7.026846e-02 1.596809e-01 3.733547e-01 1.125968e-01 3.914273e-01 2.656274e-01 2.451211e-01 
76 761  9.161254403680112546e+01 0 0 9.165632e-02 9.944491e-02 1.248723e-01 9.737878e-02 8.073551e-02 1.101279e-01 2.032923e-01 1.508014e-01 9.747644e-02 1.175440e-01 1.255192e-01 7.188363e-02 3.944970e-02 9.513068e-02 2.937178e-02 8.801115e-02 1.524793e-01 5.999460e-02 5.565846e-02 3.496668e-01 1.035161e-01 6.834880e-02 1.589174e-01 3.712379e-01 1.103342e-01 3.727655e-01 2.626094e-01 2.456939e-01 
77 771  9.325259810190127041e+01 0 0 9.800716e-02 9.751279e-02 1.223835e-01 9.899442e-02 7.843622e-02 1.072577e-01 2.122255e-01 1.578109e-01 9.894487e-02 1.200858e-01 1.297428e-01 6.937219e-02 4.004477e-02 9.257108e-02 3.166855e-02 9.160032e-02 1.580231e-01 5.771023e-02 5.502952e-02 3.359050e-01 1.069924e-01 7.108772e-02 1.554101e-01 3.607339e-01 1.076807e-01 3.733095e-01 2.639241e-01 2.471619e-01 
78 781  9.275426495304571972e+01 0 0 9.525774e-02 9.970762e-02 1.228440e-01 9.728997e-02 8.379598e-02 1.016156e-01 2.093463e-01 1.594159e-01 1.037199e-01 1.134105e-01 1.327838e-01 6.604263e-02 3.869521e-02 9.410313e-02 3.081350e-02 9.337325e-02 1.576331e-01 6.161670e-02 5.544802e-02 3.425304e-01 1.015300e-01 6.924843e-02 1.498757e-01 3.710146e-01 1.086122e-01 3.790001e-01 2.646820e-01 2.285814e-01 
79 791  9.421871221725592704e+01 0 0 9.363237e-02 1.035400e-01 1.242163e-01 1.005671e-01 8.555798e-02 1.083532e-01 2.127898e-01 1.486316e-01 1.017198e-01 1.115905e-01 1.281907e-01 7.006102e-02 3.759832e-02 9.243306e-02 2.948120e-02 8.832918e-02 1.536979e-01 6.298894e-02 5.694738e-02 3.364450e-01 1.026223e-01 7.259373e-02 1.534890e-01 3.597224e-01 1.150508e-01 3.881645e-01 2.696213e-01 2.304716e-01 
80 801  9.493505135682009666e+01 0 0 9.377428e-02 9.480805e-02 1.226263e-01 9.429479e-02 8.363083e-02 1.093591e-01 2.172788e-01 1.487916e-01 9.890869e-02 1.216551e-01 1.254139e-01 6.725644e-02 4.012285e-02 8.760003e-02 2.899236e-02 9.290304e-02 1.600886e-01 6.034819e-02 5.465481e-02 3.381482e-01 9.995628e-02 6.857116e-02 1.580504e-01 3.676647e-01 1.107789e-01 3.733522e-01 2.633994e-01 2.227318e-01 
81 811  9.360651498875799348e+01 0 0 9.691218e-02 9.506813e-02 1.235847e-01 1.009382e-01 9.005965e-02 1.124996e-01 2.076519e-01 1.436654e-01 9.807556e-02 1.120555e-01 1.332941e-01 7.302691e-02 3.805712e-02 9.584898e-02 2.882514e-02 8.683584e-02 1.578311e-01 6.081008e-02 5.320396e-02 3.663991e-01 9.849926e-02 7.072314e-02 1.568719e-01 3.547248e-01 1.072208e-01 3.571701e-01 2.792282e-01 2.265545e-01 
82 821  9.634255711964492264e+01 0 0 9.155459e-02 1.000911e-01 1.198076e-01 9.787486e-02 8.911239e-02 1.087035e-01 2.102937e-01 1.412246e-01 1.044695e-01 1.115478e-01 1.338093e-01 7.452763e-02 3.989572e-02 9.734326e-02 2.746910e-02 8.607645e-02 1.567231e-01 6.297556e-02 5.307503e-02 3.497646e-01 1.000968e-01 7.443784e-02 1.532844e-01 3.607294e-01 1.074866e-01 3.691326e-01 2.667365e-01 2.262330e-01 
83 831  9.699835669546536110e+01 0 0 9.774021e-02 9.809986e-02 1.150272e-01 9.744744e-02 9.350225e-02 1.116290e-01 2.135247e-01 1.233002e-01 9.891084e-02 1.135903e-01 1.360428e-01 7.464841e-02 4.019882e-02 9.712273e-02 2.735970e-02 8.726213e-02 1.507173e-01 6.243765e-02 5.490113e-02 3.644059e-01 9.855069e-02 7.003623e-02 1.497471e-01 3.527150e-01 9.861468e-02 3.836794e-01 2.598666e-01 2.296798e-01 
84 841  9.447533958695436240e+01 0 0 1.014765e-01 9.853361e-02 1.158590e-01 9.867888e-02 9.328785e-02 1.129057e-01 2.109338e-01 1.282786e-01 1.044517e-01 1.153441e-01 1.294225e-01 7.380402e-02 4.351154e-02 1.000766e-01 2.954376e-02 9.003214e-02 1.545496e-01 6.109281e-02 5.421287e-02 3.667351e-01 9.574340e-02 7.200385e-02 1.509124e-01 3.620912e-01 9.926915e-02 3.570296e-01 2.607070e-01 2.373355e-01 
85 851  9.665834344511462461e+01 0 0 9.770035e-02 9.301399e-02 1.165285e-01 1.032953e-01 9.919212e-02 1.119641e-01 2.181398e-01 1.322817e-01 1.039266e-01 1.155337e-01 1.384334e-01 7.229212e-02 3.821650e-02 1.015821e-01 2.831434e-02 8.549725e-02 1.585830e-01 6.094164e-02 5.361921e-02 3.600416e-01 9.513050e-02 7.354933e-02 1.577270e-01 3.593767e-01 9.419304e-02 3.562260e-01 2.594850e-01 2.266774e-01 
86 861  9.380366391106295509e+01 0 0 9.522909e-02 9.610565e-02 1.196144e-01 1.001395e-01 9.630451e-02 1.095734e-01 2.125017e-01 1.265638e-01 1.021471e-01 1.195105e-01 1.326716e-01 7.635539e-02 4.061065e-02 1.016006e-01 2.866182e-02 8.830972e-02 1.586749e-01 5.886364e-02 5.245824e-02 3.632337e-01 9.619541e-02 7.517416e-02 1.534908e-01 3.584871e-01 9.158853e-02 3.515366e-01 2.641143e-01 2.274954e-01 
87 871  9.202601182737375041e+01 0 0 9.900715e-02 9.604004e-02 1.175780e-01 9.865223e-02 9.882343e-02 1.126414e-01 2.056410e-01 1.245476e-01 1.076705e-01 1.185319e-01 1.393157e-01 7.266951e-02 4.025294e-02 1.029169e-01 2.968537e-02 8.766125e-02 1.631317e-01 5.918621e-02 5.126118e-02 3.573796e-01 9.437754e-02 7.018536e-02 1.445241e-01 3.597857e-01 9.381531e-02 3.721878e-01 2.684732e-01 2.292104e-01 
88 881  9.302222694543067405e+01 0 0 9.586344e-02 9.590434e-02 1.216708e-01 9.833324e-02 9.340087e-02 1.157612e-01 2.158022e-01 1.319224e-01 1.060726e-01 1.204783e-01 1.377224e-01 7.195135e-02 3.895036e-02 1.013603e-01 2.930289e-02 8.719260e-02 1.659788e-01 5.613460e-02 5.263041e-02 3.558272e-01 9.951619e-02 7.489930e-02 1.390052e-01 3.654159e-01 9.401911e-02 3.568935e-01 2.599890e-01 2.283800e-01 
89 891  9.235702992100706865e+01 0 0 9.395658e-02 9.640207e-02 1.170744e-01 9.728911e-02 9.854141e-02 1.119737e-01 1.994999e-01 1.283288e-01 1.080298e-01 1.281815e-01 1.398276e-01 7.130420e-02 4.014470e-02 1.027550e-01 2.960000e-02 8.861151e-02 1.560515e-01 5.397304e-02 5.095037e-02 3.448389e-01 9.477774e-02 7.502763e-02 1.462830e-01 3.593306e-01 9.804506e-02 3.706589e-01 2.767535e-01 2.297872e-01 
90 901  8.775114147366747375e+01 0 0 9.442519e-02 9.712197e-02 1.121244e-01 9.493729e-02 1.015020e-01 1.142263e-01 1.921581e-01 1.301842e-01 1.062080e-01 1.255506e-01 1.379795e-01 7.201796e-02 4.208971e-02 1.030460e-01 2.936947e-02 8.362844e-02 1.520058e-01 5.448001e-02 5.128128e-02 3.811430e-01 9.462808e-02 7.160243e-02 1.443288e-01 3.562553e-01 9.890685e-02 3.605436e-01 2.737578e-01 2.241769e-01 
91 911  8.720689555679562943e+01 0 0 9.862276e-02 9.745363e-02 1.195797e-01 9.975741e-02 9.942198e-02 1.157596e-01 1.820660e-01 1.359521e-01 1.038386e-01 1.278211e-01 1.381391e-01 7.660742e-02 4.136343e-02 1.050652e-01 2.819469e-02 8.685068e-02 1.629332e-01 5.366985e-02 4.960643e-02 3.544917e-01 9.669424e-02 6.751095e-02 1.443731e-01 3.660650e-01 1.032592e-01 3.589475e-01 2.726199e-01 2.290609e-01 
92 921  8.909384541361409049e+01 0 0 9.461299e-02 1.047400e-01 1.133589e-01 9.970347e-02 1.068120e-01 1.213752e-01 1.856683e-01 1.190024e-01 1.027829e-01 1.235659e-01 1.360487e-01 7.661230e-02 4.155916e-02 1.040041e-01 3.057858e-02 8.414204e-02 1.553786e-01 5.284326e-02 5.266916e-02 3.624219e-01 9.322012e-02 6.894588e-02 1.471749e-01 3.435107e-01 9.721441e-02 3.786531e-01 2.641372e-01 2.243886e-01 
93 931  8.808740607718162607e+01 0 0 9.745597e-02 9.437086e-02 1.149639e-01 9.628283e-02 1.045982e-01 1.167665e-01 1.911920e-01 1.157557e-01 1.053972e-01 1.251626e-01 1.413324e-01 7.545397e-02 4.280189e-02 1.097315e-01 2.945429e-02 9.364822e-02 1.541511e-01 5.056403e-02 4.969998e-02 3.552176e-01 9.061143e-02 6.736501e-02 1.442282e-01 3.607784e-01 9.781721e-02 3.718036e-01 2.645241e-01 2.224910e-01 
94 941  8.644151904739177894e+01 0 0 8.963362e-02 1.005815e-01 1.214000e-01 9.664779e-02 9.665479e-02 1.131239e-01 1.863900e-01 1.386294e-01 1.055611e-01 1.221023e-01 1.354057e-01 7.575617e-02 3.990004e-02 1.027609e-01 2.991669e-02 8.670793e-02 1.589823e-01 5.260690e-02 5.211267e-02 3.397711e-01 9.301107e-02 6.879961e-02 1.397662e-01 3.411287e-01 1.095153e-01 3.587485e-01 2.652072e-01 2.062965e-01 
95 951  8.623804893059053711e+01 0 0 9.848543e-02 1.018491e-01 1.227532e-01 9.836931e-02 9.924248e-02 1.103849e-01 1.810372e-01 1.329710e-01 1.019287e-01 1.239569e-01 1.349313e-01 7.119525e-02 4.060764e-02 1.000113e-01 3.015872e-02 8.415166e-02 1.597919e-01 4.869066e-02 4.738283e-02 3.367914e-01 9.183540e-02 6.882145e-02 1.455785e-01 3.535044e-01 1.086279e-01 3.631555e-01 2.682998e-01 2.125442e-01 
96 961  8.903425118825552431e+01 0 0 9.789306e-02 9.762649e-02 1.196818e-01 9.665123e-02 9.728850e-02 1.136920e-01 1.739027e-01 1.417296e-01 1.044695e-01 1.217741e-01 1.313116e-01 7.233866e-02 4.031801e-02 1.015675e-01 2.887003e-02 8.153825e-02 1.566734e-01 4.921865e-02 5.475900e-02 3.482006e-01 9.030491e-02 7.108090e-02 1.455204e-01 3.674351e-01 1.070415e-01 3.567094e-01 2.710460e-01 2.153620e-01 
97 971  8.760366490855027166e+01 0 0 1.026493e-01 9.984057e-02 1.196110e-01 9.570568e-02 9.576847e-02 1.154399e-01 1.839119e-01 1.357251e-01 1.024862e-01 1.230143e-01 1.406526e-01 6.864395e-02 4.343994e-02 1.013618e-01 2.846144e-02 8.082688e-02 1.623331e-01 5.239385e-02 5.365943e-02 3.560614e-01 9.421484e-02 6.931805e-02 1.451884e-01 3.684724e-01 1.017281e-01 3.611064e-01 2.674370e-01 2.215752e-01 
98 981  8.902086311520487527e+01 0 0 9.454836e-02 9.696621e-02 1.238876e-01 9.355427e-02 9.743574e-02 1.134807e-01 1.854739e-01 1.421175e-01 1.020479e-01 1.266717e-01 1.427269e-01 7.238263e-02 4.386164e-02 1.036842e-01 2.746629e-02 8.106557e-02 1.573842e-01 5.480679e-02 5.097195e-02 3.735693e-01 9.161197e-02 6.809562e-02 1.471378e-01 3.573267e-01 1.024615e-01 3.563415e-01 2.622337e-01 2.221044e-01 
99 991  8.595472034924996763e+01 0 0 9.382997e-02 9.941636e-02 1.153886e-01 9.121123e-02 1.002512e-01 1.123129e-01 1.769617e-01 1.313881e-01 1.002553e-01 1.228944e-01 1.426525e-01 7.379545e-02 3.931696e-02 1.040863e-01 2.752239e-02 8.050197e-02 1.563654e-01 5.326109e-02 4.888079e-02 3.571435e-01 8.740664e-02 6.640474e-02 1.460451e-01 3.598790e-01 1.013904e-01 3.599391e-01 2.762089e-01 2.204183e-01 
100 1001  8.508814961054453363e+01 0 0 9.563914e-02 9.752324e-02 1.179643e-01 9.463951e-02 1.009293e-01 1.189464e-01 1.800123e-01 1.250903e-01 1.013376e-01 1.277362e-01 1.408315e-01 6.923996e-02 4.160970e-02 1.028451e-01 2.780725e-02 8.037696e-02 1.566628e-01 5.328625e-02 5.154951e-02 3.648884e-01 8.775111e-02 6.811104e-02 1.479598e-01 3.639238e-01 1.021588e-01 3.638146e-01 2.606960e-01 2.199511e-01 
101 1011  8.247155226687510776e+01 0 0 9.214961e-02 1.011555e-01 1.155994e-01 9.048313e-02 1.010052e-01 1.130114e-01 1.733968e-01 1.294831e-01 1.020906e-01 1.249601e-01 1.439453e-01 7.317473e-02 4.185345e-02 1.083070e-01 2.730312e-02 8.170595e-02 1.512957e-01 5.142362e-02 4.968225e-02 3.682188e-01 9.117839e-02 6.799983e-02 1.456301e-01 3.546745e-01 1.038557e-01 3.594255e-01 2.689711e-01 2.223987e-01 
102 1021  8.593942580946276166e+01 0 0 9.628572e-02 1.002287e-01 1.171792e-01 8.927343e-02 1.009903e-01 1.094228e-01 1.747961e-01 1.277421e-01 1.014476e-01 1.309576e-01 1.417259e-01 7.254548e-02 4.289067e-02 1.066752e-01 2.736108e-02 8.072133e-02 1.523571e-01 5.318633e-02 5.113114e-02 3.691862e-01 9.113755e-02 6.573203e-02 1.449033e-01 3.583550e-01 1.015829e-01 3.790921e-01 2.581874e-01 2.359726e-01 
103 1031  8.199555908472797228e+01 0 0 9.207817e-02 1.003578e-01 1.107575e-01 8.743395e-02 9.916133e-02 1.108031e-01 1.786702e-01 1.318213e-01 1.048250e-01 1.188084e-01 1.428909e-01 6.865631e-02 4.174165e-02 1.042189e-01 2.857253e-02 8.121260e-02 1.516373e-01 5.395329e-02 5.210980e-02 3.620723e-01 9.458690e-02 6.478004e-02 1.424772e-01 3.544207e-01 1.153627e-01 3.659910e-01 2.656475e-01 2.333368e-01 
104 1041  8.099783397980058908e+01 0 0 9.727894e-02 9.955519e-02 1.061374e-01 8.645837e-02 9.881705e-02 1.089230e-01 1.772686e-01 1.271322e-01 1.047750e-01 1.184025e-01 1.434081e-01 7.396810e-02 4.265734e-02 1.029784e-01 2.730010e-02 7.793969e-02 1.491606e-01 5.305587e-02 5.357219e-02 3.713448e-01 8.997834e-02 6.754008e-02 1.426635e-01 3.670349e-01 1.044527e-01 3.643740e-01 2.694893e-01 2.258731e-01 
105 1051  8.082859194879003439e+01 0 0 9.952989e-02 1.010287e-01 1.110412e-01 8.507463e-02 9.685007e-02 1.053095e-01 1.804173e-01 1.369418e-01 1.067757e-01 1.222931e-01 1.375501e-01 7.467711e-02 4.224117e-02 9.889395e-02 2.793353e-02 8.115335e-02 1.447355e-01 5.333254e-02 5.415628e-02 3.675754e-01 8.951572e-02 6.766479e-02 1.430687e-01 3.662871e-01 1.118050e-01 3.590987e-01 2.683383e-01 2.295369e-01 
106 1061  8.381455454689282192e+01 0 0 9.529686e-02 1.015970e-01 1.103890e-01 8.609845e-02 1.003713e-01 1.099191e-01 1.744698e-01 1.319899e-01 1.063327e-01 1.175390e-01 1.405829e-01 6.818332e-02 4.247052e-02 1.068727e-01 2.787156e-02 7.658787e-02 1.498418e-01 5.237642e-02 5.142289e-02 3.709603e-01 8.922242e-02 6.900289e-02 1.389322e-01 3.600573e-01 1.098254e-01 3.554870e-01 2.697692e-01 2.189299e-01 
107 1071  8.091923382015767174e+01 0 0 9.248695e-02 1.027416e-01 1.129147e-01 8.479609e-02 9.962291e-02 1.090317e-01 1.795877e-01 1.280229e-01 1.063785e-01 1.199619e-01 1.374032e-01 7.494910e-02 4.322817e-02 1.036932e-01 2.843951e-02 7.799846e-02 1.494163e-01 4.984358e-02 5.041949e-02 3.636330e-01 8.812579e-02 6.608910e-02 1.373775e-01 3.684955e-01 1.099900e-01 3.629472e-01 2.691299e-01 2.286415e-01 
108 1081  8.091123163519675643e+01 0 0 9.629623e-02 1.022174e-01 1.139121e-01 8.770218e-02 1.042136e-01 1.137809e-01 1.771869e-01 1.234964e-01 1.048497e-01 1.247312e-01 1.368108e-01 7.079323e-02 4.310552e-02 1.071915e-01 2.934347e-02 8.451517e-02 1.489071e-01 5.014933e-02 5.067641e-02 3.666326e-01 9.123968e-02 6.600059e-02 1.391880e-01 3.715574e-01 1.100581e-01 3.647387e-01 2.694198e-01 2.243570e-01 
109 1091  8.215503531313083840e+01 0 0 9.505362e-02 1.029040e-01 1.132107e-01 8.892051e-02 9.738401e-02 1.140386e-01 1.744643e-01 1.290439e-01 1.065004e-01 1.246976e-01 1.316263e-01 7.012248e-02 3.976370e-02 1.052698e-01 2.973341e-02 8.371628e-02 1.520942e-01 5.021129e-02 5.294565e-02 3.680648e-01 8.669569e-02 6.683215e-02 1.341862e-01 3.699396e-01 1.100013e-01 3.690350e-01 2.696887e-01 2.223516e-01 
110 1101  8.126899002547854423e+01 0 0 9.415936e-02 1.040470e-01 1.050814e-01 8.853427e-02 9.865972e-02 1.107114e-01 1.744294e-01 1.290685e-01 1.040155e-01 1.188561e-01 1.337130e-01 7.555558e-02 4.183791e-02 1.030753e-01 2.978884e-02 8.337008e-02 1.560904e-01 5.055618e-02 5.144803e-02 3.661041e-01 8.473429e-02 6.512990e-02 1.410267e-01 3.703534e-01 1.083526e-01 3.651383e-01 2.716902e-01 2.256312e-01 
111 1111  8.208379128319502627e+01 0 0 9.215916e-02 1.014306e-01 1.111208e-01 8.452786e-02 1.004063e-01 1.131743e-01 1.688173e-01 1.336044e-01 1.068737e-01 1.230111e-01 1.335373e-01 7.403915e-02 4.223851e-02 1.071454e-01 2.990977e-02 8.495679e-02 1.500688e-01 5.090761e-02 5.238466e-02 3.626199e-01 8.424417e-02 6.434372e-02 1.399263e-01 3.457438e-01 1.138195e-01 3.602940e-01 2.751087e-01 2.096642e-01 
112 1121  7.956158482801534149e+01 0 0 9.180693e-02 9.949866e-02 1.100152e-01 8.640056e-02 9.699857e-02 1.168133e-01 1.699031e-01 1.285676e-01 1.067159e-01 1.167302e-01 1.343211e-01 7.274260e-02 4.305221e-02 1.095899e-01 2.983354e-02 8.401207e-02 1.468699e-01 5.108582e-02 5.210157e-02 3.615464e-01 8.433443e-02 6.530421e-02 1.374150e-01 3.585745e-01 1.113035e-01 3.636462e-01 2.724754e-01 2.207702e-01 
113 1131  7.908442613398176491e+01 0 0 9.506795e-02 1.015180e-01 1.120383e-01 8.599955e-02 9.996094e-02 1.142310e-01 1.667393e-01 1.255861e-01 1.104606e-01 1.173665e-01 1.334103e-01 7.166396e-02 4.394836e-02 1.078495e-01 3.022349e-02 9.116004e-02 1.470710e-01 5.104749e-02 5.272645e-02 3.703041e-01 8.008996e-02 6.810649e-02 1.318574e-01 3.562958e-01 1.205865e-01 3.605670e-01 2.699853e-01 2.203727e-01 
114 1141  7.973518598000268298e+01 0 0 9.440932e-02 9.906987e-02 1.083879e-01 8.604075e-02 9.811798e-02 1.162877e-01 1.645578e-01 1.250310e-01 1.095332e-01 1.151394e-01 1.294076e-01 7.444697e-02 4.268836e-02 1.039122e-01 2.930934e-02 8.751802e-02 1.498090e-01 5.133827e-02 5.436228e-02 3.597030e-01 8.541322e-02 6.804449e-02 1.296049e-01 3.486355e-01 1.179702e-01 3.720737e-01 2.688396e-01 2.203950e-01 
115 1151  7.960151329593742275e+01 0 0 9.026195e-02 1.031371e-01 1.063698e-01 8.532779e-02 9.898610e-02 1.162555e-01 1.624581e-01 1.305421e-01 1.101179e-01 1.133025e-01 1.336421e-01 7.094578e-02 4.228322e-02 1.068881e-01 2.879847e-02 8.191241e-02 1.441616e-01 5.272653e-02 5.396186e-02 3.637000e-01 8.237665e-02 6.617148e-02 1.320990e-01 3.567505e-01 1.158433e-01 3.728613e-01 2.657249e-01 2.170947e-01 
116 1161  8.137031265301793326e+01 0 0 9.528577e-02 1.012711e-01 1.096665e-01 8.801537e-02 9.830799e-02 1.142007e-01 1.703414e-01 1.221957e-01 1.132097e-01 1.112697e-01 1.320630e-01 7.049111e-02 4.335162e-02 1.044874e-01 2.855362e-02 8.252477e-02 1.446305e-01 5.115326e-02 5.441983e-02 3.655279e-01 8.515774e-02 6.527744e-02 1.358202e-01 3.605634e-01 1.177207e-01 3.726898e-01 2.670117e-01 2.218219e-01 
117 1171  8.038657829496568752e+01 0 0 9.751438e-02 9.824073e-02 1.059893e-01 8.328776e-02 9.806361e-02 1.173911e-01 1.672105e-01 1.263838e-01 1.061454e-01 1.126976e-01 1.362431e-01 7.550367e-02 4.245921e-02 1.044158e-01 3.052176e-02 8.008585e-02 1.459977e-01 5.310182e-02 5.116675e-02 3.659661e-01 8.337988e-02 6.611028e-02 1.350758e-01 3.460225e-01 1.143874e-01 3.625071e-01 2.669586e-01 2.159298e-01 
118 1181  7.843937676405059278e+01 0 0 9.532805e-02 1.008462e-01 1.043551e-01 8.461166e-02 9.748071e-02 1.190551e-01 1.601586e-01 1.327282e-01 1.080108e-01 1.116391e-01 1.316959e-01 7.557771e-02 4.227488e-02 1.023787e-01 2.983068e-02 8.350830e-02 1.437895e-01 5.333594e-02 5.561307e-02 3.655321e-01 8.239997e-02 6.466527e-02 1.325129e-01 3.405805e-01 1.151800e-01 3.597109e-01 2.706248e-01 2.139294e-01 
119 1191  8.078311212353987969e+01 0 0 9.882757e-02 9.999100e-02 1.007194e-01 8.524967e-02 1.016813e-01 1.153326e-01 1.690425e-01 1.262221e-01 1.043431e-01 1.168707e-01 1.318888e-01 7.499171e-02 4.083979e-02 1.031801e-01 3.032732e-02 8.438956e-02 1.523698e-01 5.347114e-02 5.527156e-02 3.736128e-01 8.483381e-02 6.437057e-02 1.349853e-01 3.438645e-01 1.124776e-01 3.656276e-01 2.632832e-01 2.061468e-01 
120 1201  8.392935925147205012e+01 0 0 9.793486e-02 9.634731e-02 1.020280e-01 8.142811e-02 1.003761e-01 1.170278e-01 1.669737e-01 1.351639e-01 1.046473e-01 1.144527e-01 1.343233e-01 7.447328e-02 4.279903e-02 1.022182e-01 2.970996e-02 8.257567e-02 1.507326e-01 5.342405e-02 5.429461e-02 3.796184e-01 8.666776e-02 6.390920e-02 1.347736e-01 3.371970e-01 1.165444e-01 3.669770e-01 2.653384e-01 2.165001e-01 
121 1211  7.990654391004035517e+01 0 0 9.816248e-02 9.718585e-02 1.015991e-01 8.246104e-02 1.004503e-01 1.219126e-01 1.717573e-01 1.303980e-01 1.037167e-01 1.179502e-01 1.359611e-01 7.300919e-02 4.376687e-02 1.008388e-01 2.950977e-02 8.159259e-02 1.474935e-01 5.441921e-02 5.329663e-02 3.694793e-01 8.416623e-02 6.413538e-02 1.402640e-01 3.398202e-01 1.162648e-01 3.642795e-01 2.707390e-01 2.145568e-01 
122 1221  8.074646553074101973e+01 0 0 9.719081e-02 9.563147e-02 1.037611e-01 8.109629e-02 9.931620e-02 1.184714e-01 1.618781e-01 1.372759e-01 1.049558e-01 1.110370e-01 1.326274e-01 7.419192e-02 4.277643e-02 1.034258e-01 2.951799e-02 8.076403e-02 1.497896e-01 5.373217e-02 5.245999e-02 3.713322e-01 8.556387e-02 6.453057e-02 1.405771e-01 3.381840e-01 1.191293e-01 3.655377e-01 2.654535e-01 2.203212e-01 
123 1231  7.851224992096069855e+01 0 0 9.837630e-02 9.634095e-02 1.035643e-01 8.160314e-02 9.837407e-02 1.211296e-01 1.608186e-01 1.334075e-01 1.029904e-01 1.135071e-01 1.299662e-01 7.715721e-02 4.452024e-02 1.011109e-01 2.960437e-02 8.127430e-02 1.493271e-01 5.517937e-02 5.291299e-02 3.720129e-01 8.365706e-02 6.729345e-02 1.463648e-01 3.393605e-01 1.161576e-01 3.566202e-01 2.644502e-01 2.153093e-01 
124 1241  7.927369484153642532e+01 0 0 9.605016e-02 9.708736e-02 9.817979e-02 8.482436e-02 9.885647e-02 1.195875e-01 1.654955e-01 1.362491e-01 1.070480e-01 1.118377e-01 1.316156e-01 7.572204e-02 4.345681e-02 1.010039e-01 2.980231e-02 7.768588e-02 1.484986e-01 5.256816e-02 5.455770e-02 3.623573e-01 8.200928e-02 6.497354e-02 1.375409e-01 3.423109e-01 1.167647e-01 3.659684e-01 2.613962e-01 2.145456e-01 
125 1251  7.959453590280755009e+01 0 0 9.637689e-02 9.683936e-02 1.007235e-01 8.250390e-02 9.906804e-02 1.182116e-01 1.618482e-01 1.332981e-01 1.073637e-01 1.105466e-01 1.345624e-01 7.442797e-02 4.277420e-02 1.002952e-01 2.822311e-02 7.626350e-02 1.527994e-01 5.249872e-02 5.439145e-02 3.655763e-01 8.312507e-02 6.878865e-02 1.366397e-01 3.418576e-01 1.214269e-01 3.670748e-01 2.643420e-01 2.150799e-01 
126 1261  8.018647673770570350e+01 0 0 9.580289e-02 9.456375e-02 9.869210e-02 8.459428e-02 9.665222e-02 1.140561e-01 1.662709e-01 1.327875e-01 1.067359e-01 1.059601e-01 1.335450e-01 7.693539e-02 4.186031e-02 1.012679e-01 2.874689e-02 7.605495e-02 1.528122e-01 5.154923e-02 5.378318e-02 3.694133e-01 8.390317e-02 6.623588e-02 1.414880e-01 3.338251e-01 1.207923e-01 3.509419e-01 2.673217e-01 2.170323e-01 
127 1271  7.933678279621206286e+01 0 0 9.410145e-02 9.618749e-02 9.550554e-02 8.510410e-02 9.760932e-02 1.124586e-01 1.626577e-01 1.322174e-01 1.063946e-01 1.052314e-01 1.309809e-01 7.549874e-02 4.164296e-02 1.070171e-01 2.953436e-02 7.949259e-02 1.556560e-01 5.011211e-02 5.580548e-02 3.741100e-01 8.618234e-02 6.686007e-02 1.319463e-01 3.355852e-01 1.193731e-01 3.623936e-01 2.694321e-01 2.116580e-01 
128 1281  7.922301373357598209e+01 0 0 9.379963e-02 9.676398e-02 1.002191e-01 8.537721e-02 9.782801e-02 1.088420e-01 1.608378e-01 1.338394e-01 1.047423e-01 1.037243e-01 1.334244e-01 7.354740e-02 4.331166e-02 1.021262e-01 3.028152e-02 7.817232e-02 1.573715e-01 5.178170e-02 5.617412e-02 3.648172e-01 8.823296e-02 6.869000e-02 1.390188e-01 3.445098e-01 1.198433e-01 3.621323e-01 2.643253e-01 2.143260e-01 
129 1291  7.785412536934475725e+01 0 0 9.313152e-02 9.149498e-02 9.870852e-02 8.475155e-02 9.794513e-02 1.099977e-01 1.589439e-01 1.335387e-01 1.060197e-01 1.071459e-01 1.339031e-01 7.420076e-02 4.172472e-02 1.055797e-01 2.830767e-02 7.953663e-02 1.501939e-01 5.343065e-02 5.686755e-02 3.667925e-01 8.447699e-02 6.672403e-02 1.412647e-01 3.356451e-01 1.196788e-01 3.598771e-01 2.699798e-01 2.130832e-01 
130 1301  7.917238566464328642e+01 0 0 9.638018e-02 9.313042e-02 9.686888e-02 8.387401e-02 9.632196e-02 1.106599e-01 1.635975e-01 1.345303e-01 1.071513e-01 1.071367e-01 1.287841e-01 7.543204e-02 4.281824e-02 1.039810e-01 2.856001e-02 8.270154e-02 1.568188e-01 5.292843e-02 5.802440e-02 3.662360e-01 8.699836e-02 6.421815e-02 1.431602e-01 3.434152e-01 1.236802e-01 3.593997e-01 2.676456e-01 2.194231e-01 
131 1311  7.774338076248170637e+01 0 0 9.479462e-02 9.211804e-02 9.902714e-02 8.548153e-02 9.825349e-02 1.076026e-01 1.630609e-01 1.304401e-01 1.064178e-01 1.079746e-01 1.331318e-01 7.417645e-02 4.342085e-02 1.009531e-01 2.837917e-02 7.985914e-02 1.511646e-01 5.143116e-02 5.652595e-02 3.679260e-01 8.620933e-02 6.571850e-02 1.382190e-01 3.517351e-01 1.199309e-01 3.623616e-01 2.609055e-01 2.256734e-01 
132 1321  7.780935457662889121e+01 0 0 9.457251e-02 9.503632e-02 9.814575e-02 8.464277e-02 9.724608e-02 1.065373e-01 1.618974e-01 1.402047e-01 1.025733e-01 1.067129e-01 1.286796e-01 7.365847e-02 4.386784e-02 1.019269e-01 2.886978e-02 8.303201e-02 1.541787e-01 5.316443e-02 5.772506e-02 3.637464e-01 8.623388e-02 6.354130e-02 1.426258e-01 3.446899e-01 1.228619e-01 3.732826e-01 2.580906e-01 2.217282e-01 
133 1331  7.828909090543140792e+01 0 0 9.667296e-02 9.281559e-02 9.924475e-02 8.518825e-02 9.873719e-02 1.131265e-01 1.616908e-01 1.371432e-01 1.050429e-01 1.084924e-01 1.315295e-01 7.788231e-02 4.327610e-02 1.010326e-01 2.860103e-02 8.242604e-02 1.569345e-01 5.331677e-02 5.763975e-02 3.524422e-01 8.242468e-02 6.547239e-02 1.417807e-01 3.314966e-01 1.214687e-01 3.704178e-01 2.584224e-01 2.206881e-01 
134 1341  7.881199126535801724e+01 0 0 9.331688e-02 9.274210e-02 1.002676e-01 8.493528e-02 9.853443e-02 1.074799e-01 1.658105e-01 1.387110e-01 1.054081e-01 1.084898e-01 1.291151e-01 7.439757e-02 4.309323e-02 1.004281e-01 2.894310e-02 7.966783e-02 1.584277e-01 5.244896e-02 5.594678e-02 3.597889e-01 8.349155e-02 6.255980e-02 1.431485e-01 3.430925e-01 1.195482e-01 3.747823e-01 2.654126e-01 2.255688e-01 
135 1351  7.880686824603911589e+01 0 0 9.607583e-02 9.634898e-02 1.013184e-01 8.368572e-02 9.978518e-02 1.095983e-01 1.586456e-01 1.398341e-01 1.017614e-01 1.072740e-01 1.306689e-01 7.819109e-02 4.482872e-02 1.049441e-01 2.969722e-02 8.152709e-02 1.572185e-01 5.119615e-02 5.588019e-02 3.577292e-01 8.537053e-02 6.332061e-02 1.452040e-01 3.402307e-01 1.212575e-01 3.642675e-01 2.649502e-01 2.264906e-01 
136 1361  7.891246411002303773e+01 0 0 9.633980e-02 9.869131e-02 9.922773e-02 8.209776e-02 9.570747e-02 1.105540e-01 1.675360e-01 1.388451e-01 1.036047e-01 1.068792e-01 1.298723e-01 7.571096e-02 4.465156e-02 1.012346e-01 2.904728e-02 8.206253e-02 1.588132e-01 5.376876e-02 5.563457e-02 3.441124e-01 8.554800e-02 6.603244e-02 1.411484e-01 3.401556e-01 1.170590e-01 3.602411e-01 2.599291e-01 2.326336e-01 
137 1371  7.857351994669114958e+01 0 0 9.680595e-02 9.569798e-02 9.872387e-02 8.455593e-02 9.815302e-02 1.091982e-01 1.632105e-01 1.429895e-01 1.015267e-01 1.064178e-01 1.282600e-01 7.538527e-02 4.472651e-02 1.015081e-01 2.885133e-02 8.231294e-02 1.543636e-01 5.339075e-02 5.746339e-02 3.458075e-01 8.699060e-02 6.318844e-02 1.474448e-01 3.377936e-01 1.232739e-01 3.736042e-01 2.598717e-01 2.287162e-01 
138 1381  7.857496255754712422e+01 0 0 9.729274e-02 9.517094e-02 1.000074e-01 8.588813e-02 9.895668e-02 1.128095e-01 1.658492e-01 1.360329e-01 1.027658e-01 1.095883e-01 1.302468e-01 7.592224e-02 4.606116e-02 1.002445e-01 2.937219e-02 8.236144e-02 1.590834e-01 5.395308e-02 5.537640e-02 3.435646e-01 8.547460e-02 6.539645e-02 1.465579e-01 3.354029e-01 1.198010e-01 3.849468e-01 2.593591e-01 2.273653e-01 
139 1391  7.950489885128254741e+01 0 0 9.365754e-02 9.753517e-02 9.625278e-02 8.755773e-02 9.795357e-02 1.082548e-01 1.630902e-01 1.418384e-01 1.030745e-01 1.071633e-01 1.309549e-01 7.724658e-02 4.506262e-02 1.027304e-01 2.940100e-02 8.237543e-02 1.565505e-01 5.203522e-02 5.616735e-02 3.416777e-01 8.639429e-02 6.321338e-02 1.471717e-01 3.408839e-01 1.191041e-01 3.820528e-01 2.615595e-01 2.287148e-01 
140 1401  7.767672605889521265e+01 0 0 9.575949e-02 9.546686e-02 1.010988e-01 8.619245e-02 9.952472e-02 1.097882e-01 1.730535e-01 1.396538e-01 1.020880e-01 1.081037e-01 1.336278e-01 7.370077e-02 4.511816e-02 1.009543e-01 2.894946e-02 8.410706e-02 1.581952e-01 5.363710e-02 5.625711e-02 3.344880e-01 8.588926e-02 6.629078e-02 1.470651e-01 3.381606e-01 1.196023e-01 3.800502e-01 2.601438e-01 2.367794e-01 
141 1411  7.790418138586304053e+01 0 0 9.483292e-02 9.505444e-02 1.027998e-01 8.519678e-02 1.000935e-01 1.080227e-01 1.713570e-01 1.317419e-01 1.001360e-01 1.061379e-01 1.317890e-01 7.550626e-02 4.559694e-02 1.031973e-01 2.993430e-02 8.312271e-02 1.619196e-01 5.345513e-02 5.585669e-02 3.476082e-01 8.570521e-02 6.634681e-02 1.479508e-01 3.444440e-01 1.150578e-01 3.681175e-01 2.633154e-01 2.308754e-01 
142 1421  7.725095871016588944e+01 0 0 9.632918e-02 9.665527e-02 1.044345e-01 8.416280e-02 9.855582e-02 1.084152e-01 1.651800e-01 1.344016e-01 1.012832e-01 1.069191e-01 1.301511e-01 7.323322e-02 4.633555e-02 9.918699e-02 2.993168e-02 8.452140e-02 1.596256e-01 5.439488e-02 5.750629e-02 3.470805e-01 8.729570e-02 6.501118e-02 1.474742e-01 3.420772e-01 1.196924e-01 3.753435e-01 2.555150e-01 2.374478e-01 
143 1431  7.857706983711580051e+01 0 0 9.645144e-02 9.719678e-02 1.033190e-01 8.521359e-02 9.980893e-02 1.115356e-01 1.670534e-01 1.269655e-01 9.855846e-02 1.104449e-01 1.344402e-01 7.460302e-02 4.551243e-02 9.940008e-02 2.928921e-02 8.299261e-02 1.613079e-01 5.411892e-02 5.663998e-02 3.375001e-01 8.549856e-02 6.629764e-02 1.470622e-01 3.411266e-01 1.149482e-01 3.770040e-01 2.572732e-01 2.396592e-01 
144 1441  7.870003879459697771e+01 0 0 9.502790e-02 9.593156e-02 1.088668e-01 8.711092e-02 1.004090e-01 1.113269e-01 1.701710e-01 1.335031e-01 1.018736e-01 1.100425e-01 1.351218e-01 7.291643e-02 4.629280e-02 9.894609e-02 2.959531e-02 8.223718e-02 1.581664e-01 5.360848e-02 5.636699e-02 3.405999e-01 8.811663e-02 6.567352e-02 1.460444e-01 3.397099e-01 1.174353e-01 3.712577e-01 2.650828e-01 2.378120e-01 
145 1451  7.771476753963189310e+01 0 0 9.351517e-02 9.885878e-02 1.059943e-01 8.349458e-02 9.991221e-02 1.087824e-01 1.727036e-01 1.318344e-01 1.004721e-01 1.087080e-01 1.325942e-01 7.185093e-02 4.685027e-02 1.004737e-01 3.022705e-02 8.086181e-02 1.579368e-01 5.489221e-02 5.741503e-02 3.376922e-01 8.700938e-02 6.553102e-02 1.442868e-01 3.420234e-01 1.170036e-01 3.713452e-01 2.628491e-01 2.416611e-01 
146 1461  7.908359048373222322e+01 0 0 9.740776e-02 9.465068e-02 1.032584e-01 8.522740e-02 1.003096e-01 1.101125e-01 1.692043e-01 1.300344e-01 9.999957e-02 1.086562e-01 1.342846e-01 7.484486e-02 4.489775e-02 9.934302e-02 2.952942e-02 8.084600e-02 1.566558e-01 5.584038e-02 5.772193e-02 3.345118e-01 8.740973e-02 6.549077e-02 1.489090e-01 3.375464e-01 1.152349e-01 3.775265e-01 2.666582e-01 2.390410e-01 
147 1471  7.858961913376211328e+01 0 0 9.369356e-02 9.620564e-02 1.003952e-01 8.642013e-02 1.010865e-01 1.069288e-01 1.694999e-01 1.297094e-01 1.009866e-01 1.105252e-01 1.371889e-01 7.333190e-02 4.562510e-02 1.017724e-01 2.891060e-02 8.090080e-02 1.581951e-01 5.415564e-02 5.710212e-02 3.362098e-01 8.471438e-02 6.535165e-02 1.477194e-01 3.486872e-01 1.163213e-01 3.786968e-01 2.652716e-01 2.312410e-01 
148 1481  7.918560832928321247e+01 0 0 9.618999e-02 9.844462e-02 1.047299e-01 8.669363e-02 1.000134e-01 1.060253e-01 1.718569e-01 1.279678e-01 1.016303e-01 1.085710e-01 1.377443e-01 7.557901e-02 4.562800e-02 1.012894e-01 2.953076e-02 8.136459e-02 1.609245e-01 5.412102e-02 5.626066e-02 3.397743e-01 8.637322e-02 6.605457e-02 1.467444e-01 3.415806e-01 1.148343e-01 3.723752e-01 2.585394e-01 2.347145e-01 
149 1491  7.743926697886760735e+01 0 0 9.532989e-02 9.986018e-02 1.044010e-01 8.758455e-02 9.802147e-02 1.047742e-01 1.752700e-01 1.317172e-01 1.014343e-01 1.074090e-01 1.352446e-01 7.622500e-02 4.638822e-02 1.016192e-01 2.897429e-02 8.186884e-02 1.616597e-01 5.618734e-02 5.800902e-02 3.387129e-01 8.686384e-02 6.733422e-02 1.494054e-01 3.417776e-01 1.142017e-01 3.811081e-01 2.596499e-01 2.441655e-01 
150 1501  7.674032531993357509e+01 0 0 9.696783e-02 1.009971e-01 1.063757e-01 8.521120e-02 9.613837e-02 1.046195e-01 1.756806e-01 1.358872e-01 9.986555e-02 1.106404e-01 1.345543e-01 7.599818e-02 4.531641e-02 1.001585e-01 2.875589e-02 8.381033e-02 1.618854e-01 5.586504e-02 5.903768e-02 3.372032e-01 8.745929e-02 6.582305e-02 1.501285e-01 3.390769e-01 1.170856e-01 3.837797e-01 2.588189e-01 2.491060e-01 
151 1511  7.716936501094858158e+01 0 0 9.424744e-02 9.946312e-02 1.046955e-01 8.681834e-02 9.892305e-02 1.074486e-01 1.684675e-01 1.344921e-01 1.007892e-01 1.100242e-01 1.335950e-01 7.612509e-02 4.572144e-02 1.015944e-01 2.937810e-02 8.479432e-02 1.623481e-01 5.459485e-02 5.866698e-02 3.346829e-01 8.672653e-02 6.615560e-02 1.510040e-01 3.357222e-01 1.183279e-01 3.765680e-01 2.552570e-01 2.408895e-01 
152 1521  7.806808797186798188e+01 0 0 9.714261e-02 9.966827e-02 1.065795e-01 8.696463e-02 9.803231e-02 1.058055e-01 1.753153e-01 1.340721e-01 9.877622e-02 1.121582e-01 1.349407e-01 7.553699e-02 4.482960e-02 1.011055e-01 2.868981e-02 8.242383e-02 1.631495e-01 5.430350e-02 5.876744e-02 3.396728e-01 8.704348e-02 6.465668e-02 1.527223e-01 3.453759e-01 1.159532e-01 3.807238e-01 2.609501e-01 2.382151e-01 
153 1531  7.694314343277454782e+01 0 0 9.864471e-02 1.005262e-01 1.044158e-01 8.545997e-02 9.869006e-02 1.066321e-01 1.738794e-01 1.325707e-01 9.675110e-02 1.147144e-01 1.341789e-01 7.584953e-02 4.643199e-02 1.001821e-01 2.874778e-02 8.260519e-02 1.601331e-01 5.485086e-02 5.801753e-02 3.430974e-01 8.933639e-02 6.576229e-02 1.536205e-01 3.455795e-01 1.193163e-01 3.776575e-01 2.566296e-01 2.374440e-01 
154 1541  7.674332653585571506e+01 0 0 9.340910e-02 9.683875e-02 1.041880e-01 8.797536e-02 9.950337e-02 1.071174e-01 1.725297e-01 1.323669e-01 9.714657e-02 1.146562e-01 1.346010e-01 7.557437e-02 4.686215e-02 1.032544e-01 2.875552e-02 8.213609e-02 1.628713e-01 5.449952e-02 5.777390e-02 3.433617e-01 8.678659e-02 6.650653e-02 1.548672e-01 3.481820e-01 1.175186e-01 3.751951e-01 2.584568e-01 2.364372e-01 
155 1551  7.691675505539014068e+01 0 0 9.603952e-02 1.000280e-01 1.050737e-01 8.686776e-02 1.004184e-01 1.093850e-01 1.769658e-01 1.330185e-01 9.661212e-02 1.166937e-01 1.374888e-01 7.492978e-02 4.706272e-02 1.021350e-01 2.875867e-02 8.263835e-02 1.620121e-01 5.413479e-02 5.773477e-02 3.396850e-01 8.824029e-02 6.861348e-02 1.538612e-01 3.502348e-01 1.158861e-01 3.786207e-01 2.589702e-01 2.410527e-01 
156 1561  7.762834741546222972e+01 0 0 9.758845e-02 9.837410e-02 1.062627e-01 8.609976e-02 1.000660e-01 1.059255e-01 1.736793e-01 1.352569e-01 9.653462e-02 1.164328e-01 1.364071e-01 7.419254e-02 4.843483e-02 1.045134e-01 2.885066e-02 8.488488e-02 1.601468e-01 5.575468e-02 5.787003e-02 3.371243e-01 8.855645e-02 6.628237e-02 1.539055e-01 3.464195e-01 1.176999e-01 3.761153e-01 2.578242e-01 2.388779e-01 
157 1571  7.716907062071868495e+01 0 0 9.782719e-02 1.002729e-01 1.068473e-01 8.637864e-02 9.763629e-02 1.062575e-01 1.733456e-01 1.365967e-01 9.484762e-02 1.159152e-01 1.376527e-01 7.516736e-02 4.619481e-02 1.033321e-01 2.874945e-02 8.323329e-02 1.570531e-01 5.480610e-02 5.752122e-02 3.378596e-01 8.706352e-02 6.682831e-02 1.576865e-01 3.429720e-01 1.185329e-01 3.767120e-01 2.566132e-01 2.427173e-01 
158 1581  7.751700515469032382e+01 0 0 9.663391e-02 1.000516e-01 1.076383e-01 8.696931e-02 9.717963e-02 1.053222e-01 1.711729e-01 1.356793e-01 9.581536e-02 1.166882e-01 1.394239e-01 7.265766e-02 4.694191e-02 1.068657e-01 2.866609e-02 8.545310e-02 1.585362e-01 5.577143e-02 5.827715e-02 3.405426e-01 8.860957e-02 6.899312e-02 1.563912e-01 3.517089e-01 1.174895e-01 3.726307e-01 2.562704e-01 2.374649e-01 
159 1591  7.776268957828111184e+01 0 0 9.689814e-02 1.022061e-01 1.071394e-01 8.499729e-02 9.976082e-02 1.043742e-01 1.736375e-01 1.341167e-01 9.693121e-02 1.151091e-01 1.398431e-01 7.292480e-02 4.818749e-02 1.050733e-01 2.880123e-02 8.473095e-02 1.580943e-01 5.508687e-02 5.863696e-02 3.412362e-01 8.776230e-02 6.761718e-02 1.528741e-01 3.428634e-01 1.175284e-01 3.682460e-01 2.660750e-01 2.406817e-01 
160 1601  7.652260816961039325e+01 0 0 9.708945e-02 1.018526e-01 1.058747e-01 8.506866e-02 9.871232e-02 1.091366e-01 1.731347e-01 1.335399e-01 9.579353e-02 1.133794e-01 1.362665e-01 7.438776e-02 4.779392e-02 1.045029e-01 2.965920e-02 8.589634e-02 1.584154e-01 5.652804e-02 5.918142e-02 3.423974e-01 8.916129e-02 6.658376e-02 1.541087e-01 3.371349e-01 1.183789e-01 3.759027e-01 2.606924e-01 2.408650e-01 
161 1611  7.613382850395504420e+01 0 0 9.832343e-02 1.018856e-01 1.083253e-01 8.698184e-02 9.953369e-02 1.044777e-01 1.760342e-01 1.363329e-01 9.657893e-02 1.138699e-01 1.347833e-01 7.271489e-02 4.803558e-02 1.022654e-01 2.940858e-02 8.707489e-02 1.617692e-01 5.713903e-02 6.007339e-02 3.458208e-01 8.780309e-02 6.789207e-02 1.547090e-01 3.420939e-01 1.184273e-01 3.735167e-01 2.612891e-01 2.410122e-01 
162 1621  7.671361168710940603e+01 0 0 9.810844e-02 9.988739e-02 1.069821e-01 8.350514e-02 1.018852e-01 1.038164e-01 1.737498e-01 1.336427e-01 9.647483e-02 1.153548e-01 1.348439e-01 7.335798e-02 4.660139e-02 1.063060e-01 2.953965e-02 8.713546e-02 1.586696e-01 5.727108e-02 5.801138e-02 3.541772e-01 8.795198e-02 6.840021e-02 1.576606e-01 3.403755e-01 1.189413e-01 3.681552e-01 2.679823e-01 2.428787e-01 
163 1631  7.634872031309448914e+01 0 0 9.733203e-02 1.016842e-01 1.038819e-01 8.641260e-02 1.000903e-01 1.028867e-01 1.733124e-01 1.313893e-01 9.342144e-02 1.140370e-01 1.333651e-01 7.283639e-02 4.674720e-02 1.057267e-01 3.015059e-02 8.780663e-02 1.597223e-01 5.724180e-02 6.009948e-02 3.388371e-01 8.832454e-02 6.747404e-02 1.557608e-01 3.387351e-01 1.156674e-01 3.728912e-01 2.616205e-01 2.462389e-01 
164 1641  7.603121155989457236e+01 0 0 9.985756e-02 9.904993e-02 1.061409e-01 8.548143e-02 9.804268e-02 1.051385e-01 1.729306e-01 1.283201e-01 9.377113e-02 1.136356e-01 1.334586e-01 7.259879e-02 4.616972e-02 1.021043e-01 2.889464e-02 8.731945e-02 1.578196e-01 5.697671e-02 5.954744e-02 3.384066e-01 8.885369e-02 6.738513e-02 1.561964e-01 3.392500e-01 1.204754e-01 3.791996e-01 2.622415e-01 2.427899e-01 
165 1651  7.734018534177663184e+01 0 0 9.742129e-02 1.015996e-01 1.071447e-01 8.561796e-02 9.671733e-02 1.032951e-01 1.732625e-01 1.341212e-01 9.667954e-02 1.166069e-01 1.352027e-01 7.395627e-02 4.676183e-02 9.932891e-02 2.861418e-02 8.659350e-02 1.613345e-01 5.618962e-02 6.075741e-02 3.462664e-01 8.732439e-02 6.867458e-02 1.602477e-01 3.381686e-01 1.172437e-01 3.747619e-01 2.592869e-01 2.482724e-01 
166 1661  7.667871977330597133e+01 0 0 9.734676e-02 9.975747e-02 1.063311e-01 8.443658e-02 9.970557e-02 1.016228e-01 1.686370e-01 1.348683e-01 9.464596e-02 1.165901e-01 1.358834e-01 7.404723e-02 4.644214e-02 1.031670e-01 2.887585e-02 8.599371e-02 1.600421e-01 5.687536e-02 5.882381e-02 3.428602e-01 8.626594e-02 6.877084e-02 1.599052e-01 3.302141e-01 1.183563e-01 3.705378e-01 2.595086e-01 2.400606e-01 
167 1671  7.725360672268739393e+01 0 0 9.617931e-02 9.987550e-02 1.061501e-01 8.407780e-02 9.924575e-02 1.057393e-01 1.703678e-01 1.346098e-01 9.671935e-02 1.155967e-01 1.330941e-01 7.544495e-02 4.627402e-02 1.027882e-01 2.852259e-02 8.718866e-02 1.608215e-01 5.679498e-02 5.889303e-02 3.426096e-01 8.632210e-02 6.836903e-02 1.596438e-01 3.342685e-01 1.198564e-01 3.689005e-01 2.640071e-01 2.430261e-01 
168 1681  7.651030083615768262e+01 0 0 9.771450e-02 9.926002e-02 1.080933e-01 8.494366e-02 9.785152e-02 1.047282e-01 1.702132e-01 1.343047e-01 9.728503e-02 1.127107e-01 1.305723e-01 7.340814e-02 4.616651e-02 1.021646e-01 2.893993e-02 8.309728e-02 1.593784e-01 5.700246e-02 5.974706e-02 3.400381e-01 8.618322e-02 6.827464e-02 1.568544e-01 3.366681e-01 1.235645e-01 3.736495e-01 2.636919e-01 2.432202e-01 
169 1691  7.583679574561126913e+01 0 0 9.545309e-02 1.000805e-01 1.048398e-01 8.513796e-02 9.740943e-02 1.044817e-01 1.667544e-01 1.355871e-01 9.508983e-02 1.150917e-01 1.328589e-01 7.394879e-02 4.573425e-02 1.012521e-01 2.833509e-02 8.415913e-02 1.614861e-01 5.647313e-02 5.921172e-02 3.413869e-01 8.619208e-02 6.832165e-02 1.583145e-01 3.358153e-01 1.211273e-01 3.740184e-01 2.622888e-01 2.379984e-01 
170 1701  7.621059107302272650e+01 0 0 9.425749e-02 9.985653e-02 1.065483e-01 8.448829e-02 9.897773e-02 1.035554e-01 1.701819e-01 1.346248e-01 9.245281e-02 1.142868e-01 1.340246e-01 7.462148e-02 4.676893e-02 1.012082e-01 2.960882e-02 8.334253e-02 1.625188e-01 5.638148e-02 6.067801e-02 3.404175e-01 8.712942e-02 6.752640e-02 1.595529e-01 3.308093e-01 1.199061e-01 3.709726e-01 2.624525e-01 2.401679e-01 
171 1711  7.764755730308986870e+01 0 0 9.535478e-02 9.708375e-02 1.042822e-01 8.184507e-02 9.923096e-02 1.056594e-01 1.611761e-01 1.324940e-01 9.536431e-02 1.132967e-01 1.307329e-01 7.400652e-02 4.641919e-02 1.024834e-01 2.940723e-02 8.434829e-02 1.596766e-01 5.710463e-02 5.971576e-02 3.438467e-01 8.447432e-02 6.666779e-02 1.546438e-01 3.305413e-01 1.225544e-01 3.759186e-01 2.622990e-01 2.382624e-01 
172 1721  7.772446156224833658e+01 0 0 9.540157e-02 9.809325e-02 1.045874e-01 8.212524e-02 9.943827e-02 1.080888e-01 1.655151e-01 1.310376e-01 9.492218e-02 1.151143e-01 1.329400e-01 7.517944e-02 4.596901e-02 1.016107e-01 2.913157e-02 8.236131e-02 1.579470e-01 5.701636e-02 5.856310e-02 3.422219e-01 8.665365e-02 6.663488e-02 1.545786e-01 3.368206e-01 1.195622e-01 3.766571e-01 2.590514e-01 2.397878e-01 
173 1731  7.728666767024550666e+01 0 0 9.398465e-02 9.846876e-02 1.061826e-01 8.390459e-02 9.980812e-02 1.092010e-01 1.665756e-01 1.300694e-01 9.555749e-02 1.137919e-01 1.328007e-01 7.576249e-02 4.625794e-02 1.011538e-01 2.942062e-02 8.389668e-02 1.591529e-01 5.722804e-02 5.861591e-02 3.427218e-01 8.540292e-02 6.669755e-02 1.553684e-01 3.339207e-01 1.192001e-01 3.720410e-01 2.661110e-01 2.347470e-01 
174 1741  7.695747521627473020e+01 0 0 9.471456e-02 9.892287e-02 1.064881e-01 8.319532e-02 9.745199e-02 1.065566e-01 1.633079e-01 1.316295e-01 9.414959e-02 1.148749e-01 1.313089e-01 7.581424e-02 4.591857e-02 1.022828e-01 2.927346e-02 8.077255e-02 1.597368e-01 5.807812e-02 6.001990e-02 3.429792e-01 8.468941e-02 6.686198e-02 1.555229e-01 3.333042e-01 1.200722e-01 3.732310e-01 2.607648e-01 2.422414e-01 
175 1751  7.598519323361848876e+01 0 0 9.622110e-02 9.975917e-02 1.047609e-01 8.689875e-02 9.885583e-02 1.064291e-01 1.669585e-01 1.315277e-01 9.422332e-02 1.121272e-01 1.335066e-01 7.583404e-02 4.628707e-02 1.037105e-01 2.868926e-02 8.068439e-02 1.589133e-01 5.756211e-02 5.970869e-02 3.480886e-01 8.559668e-02 6.781144e-02 1.596035e-01 3.380437e-01 1.211917e-01 3.698800e-01 2.614652e-01 2.472383e-01 
176 1761  7.568121871359348063e+01 0 0 9.533013e-02 1.000277e-01 1.046714e-01 8.655414e-02 9.876833e-02 1.053320e-01 1.691505e-01 1.313418e-01 9.210689e-02 1.143577e-01 1.335229e-01 7.713006e-02 4.617546e-02 1.031676e-01 2.946897e-02 8.076151e-02 1.609600e-01 5.623191e-02 5.914955e-02 3.413971e-01 8.483289e-02 6.861239e-02 1.597591e-01 3.433658e-01 1.186954e-01 3.690600e-01 2.634314e-01 2.435600e-01 
177 1771  7.591031536472998198e+01 0 0 9.387165e-02 1.013032e-01 1.055201e-01 8.656153e-02 9.805592e-02 1.066743e-01 1.689313e-01 1.324824e-01 9.454230e-02 1.139234e-01 1.323046e-01 7.608248e-02 4.634890e-02 1.014352e-01 2.908573e-02 8.152509e-02 1.592291e-01 5.647225e-02 5.877222e-02 3.474228e-01 8.397054e-02 6.880029e-02 1.585676e-01 3.400855e-01 1.211942e-01 3.707261e-01 2.618756e-01 2.438782e-01 
178 1781  7.531922568539643237e+01 0 0 9.445431e-02 9.957257e-02 1.027521e-01 8.521293e-02 9.995942e-02 1.075391e-01 1.685738e-01 1.299109e-01 9.350100e-02 1.156948e-01 1.329697e-01 7.670951e-02 4.676738e-02 1.025916e-01 2.910846e-02 8.071715e-02 1.581852e-01 5.636310e-02 5.862844e-02 3.488498e-01 8.383562e-02 6.679078e-02 1.588839e-01 3.371235e-01 1.201159e-01 3.688990e-01 2.632786e-01 2.449672e-01 
179 1791  7.626561064834162096e+01 0 0 9.429344e-02 9.935935e-02 1.044302e-01 8.646050e-02 9.885775e-02 1.073933e-01 1.656761e-01 1.311152e-01 9.456666e-02 1.150636e-01 1.294470e-01 7.656993e-02 4.652228e-02 1.031769e-01 2.921539e-02 8.299351e-02 1.564233e-01 5.550324e-02 6.051711e-02 3.436903e-01 8.452758e-02 6.806433e-02 1.577354e-01 3.352877e-01 1.193267e-01 3.755059e-01 2.626719e-01 2.454317e-01 
180 1801  7.610305730719275630e+01 0 0 9.179277e-02 9.866505e-02 1.034615e-01 8.636245e-02 9.789679e-02 1.060811e-01 1.648030e-01 1.299903e-01 9.442007e-02 1.165137e-01 1.324912e-01 7.799995e-02 4.523581e-02 1.032472e-01 2.913545e-02 8.088582e-02 1.589734e-01 5.600317e-02 6.007928e-02 3.402970e-01 8.456666e-02 6.751480e-02 1.569605e-01 3.346965e-01 1.177480e-01 3.726981e-01 2.622334e-01 2.442499e-01 
181 1811  7.545016613468331457e+01 0 0 9.442478e-02 9.965948e-02 1.042659e-01 8.758854e-02 1.000152e-01 1.076664e-01 1.670871e-01 1.323978e-01 9.313164e-02 1.158008e-01 1.314118e-01 7.687375e-02 4.711808e-02 1.019035e-01 2.928709e-02 8.355455e-02 1.583475e-01 5.556919e-02 5.945009e-02 3.425715e-01 8.415616e-02 6.877924e-02 1.580660e-01 3.370173e-01 1.203950e-01 3.714148e-01 2.639153e-01 2.447149e-01 
182 1821  7.559080553573109285e+01 0 0 9.508336e-02 1.000176e-01 1.032441e-01 8.789609e-02 1.006807e-01 1.089382e-01 1.681898e-01 1.310671e-01 9.411491e-02 1.153747e-01 1.330846e-01 7.723269e-02 4.705770e-02 1.031295e-01 2.894835e-02 8.270655e-02 1.589901e-01 5.528241e-02 5.916708e-02 3.465385e-01 8.415392e-02 6.888233e-02 1.589253e-01 3.421491e-01 1.209343e-01 3.727945e-01 2.608751e-01 2.481863e-01 
183 1831  7.626184276962536046e+01 0 0 9.591225e-02 9.911148e-02 1.036448e-01 8.667840e-02 1.005386e-01 1.108755e-01 1.675568e-01 1.323823e-01 9.221131e-02 1.148930e-01 1.318252e-01 7.703753e-02 4.680701e-02 1.025030e-01 2.918545e-02 8.226660e-02 1.562976e-01 5.531102e-02 5.819648e-02 3.452665e-01 8.494893e-02 6.867285e-02 1.594861e-01 3.383205e-01 1.207091e-01 3.726427e-01 2.647076e-01 2.449046e-01 
184 1841  7.652769003235292189e+01 0 0 9.576457e-02 9.992622e-02 1.029094e-01 8.623749e-02 1.008820e-01 1.108225e-01 1.693036e-01 1.308418e-01 9.281826e-02 1.188265e-01 1.329644e-01 7.848277e-02 4.738016e-02 1.033730e-01 2.898711e-02 8.172074e-02 1.557729e-01 5.559726e-02 5.829444e-02 3.436675e-01 8.445051e-02 6.752666e-02 1.600719e-01 3.389187e-01 1.183604e-01 3.754849e-01 2.634898e-01 2.465880e-01 
185 1851  7.632319606606851892e+01 0 0 9.460648e-02 9.947976e-02 1.020780e-01 8.732491e-02 1.004325e-01 1.102085e-01 1.687296e-01 1.286200e-01 9.300062e-02 1.170224e-01 1.326363e-01 7.831842e-02 4.637595e-02 1.020570e-01 2.882224e-02 8.154388e-02 1.590874e-01 5.563810e-02 5.854851e-02 3.468591e-01 8.328609e-02 6.874169e-02 1.589151e-01 3.424622e-01 1.190225e-01 3.676825e-01 2.650246e-01 2.468280e-01 
186 1861  7.558050088649653730e+01 0 0 9.577555e-02 1.003116e-01 1.010167e-01 8.678902e-02 1.017288e-01 1.127546e-01 1.690468e-01 1.335711e-01 9.241356e-02 1.177864e-01 1.331462e-01 7.788143e-02 4.725992e-02 1.033999e-01 2.926059e-02 8.230201e-02 1.577440e-01 5.598838e-02 5.896069e-02 3.496619e-01 8.397909e-02 6.702072e-02 1.610302e-01 3.406174e-01 1.179729e-01 3.672049e-01 2.622614e-01 2.457756e-01 
187 1871  7.646371391826684771e+01 0 0 9.600960e-02 9.917010e-02 1.003918e-01 8.507688e-02 1.011726e-01 1.093321e-01 1.683096e-01 1.315144e-01 9.364550e-02 1.142565e-01 1.297985e-01 7.761198e-02 4.644945e-02 1.023345e-01 2.916734e-02 8.222558e-02 1.589891e-01 5.567644e-02 5.849528e-02 3.437986e-01 8.485129e-02 6.807325e-02 1.604497e-01 3.375874e-01 1.188895e-01 3.679068e-01 2.621162e-01 2.398337e-01 
188 1881  7.566240800479717166e+01 0 0 9.454189e-02 9.978100e-02 1.031261e-01 8.658516e-02 1.002566e-01 1.068975e-01 1.690701e-01 1.335296e-01 9.265158e-02 1.149897e-01 1.302148e-01 7.748338e-02 4.738543e-02 1.010813e-01 2.888285e-02 8.365598e-02 1.597970e-01 5.573519e-02 5.928003e-02 3.449232e-01 8.608435e-02 6.822042e-02 1.613771e-01 3.412573e-01 1.186947e-01 3.679205e-01 2.615279e-01 2.452646e-01 
189 1891  7.533388712670065956e+01 0 0 9.459036e-02 9.981565e-02 1.003198e-01 8.583735e-02 9.993748e-02 1.096420e-01 1.698684e-01 1.325875e-01 9.477397e-02 1.148598e-01 1.327896e-01 7.658457e-02 4.738968e-02 1.017731e-01 2.883660e-02 8.299691e-02 1.608351e-01 5.569687e-02 5.838034e-02 3.440733e-01 8.592015e-02 6.797966e-02 1.564331e-01 3.385595e-01 1.203833e-01 3.706180e-01 2.607913e-01 2.397532e-01 
190 1901  7.601378867580562826e+01 0 0 9.619556e-02 9.946136e-02 1.021606e-01 8.605377e-02 1.000294e-01 1.085826e-01 1.709233e-01 1.333960e-01 9.505095e-02 1.139069e-01 1.310717e-01 7.726225e-02 4.642914e-02 1.022096e-01 2.901049e-02 8.295946e-02 1.621487e-01 5.614417e-02 5.817554e-02 3.432075e-01 8.656694e-02 6.768759e-02 1.554444e-01 3.348460e-01 1.189831e-01 3.719453e-01 2.618442e-01 2.421958e-01 
191 1911  7.583220199071105583e+01 0 0 9.591839e-02 9.847152e-02 1.013215e-01 8.832703e-02 9.969309e-02 1.109190e-01 1.711386e-01 1.335334e-01 9.656666e-02 1.127632e-01 1.323131e-01 7.670190e-02 4.656188e-02 1.014318e-01 2.870923e-02 8.288525e-02 1.592598e-01 5.534346e-02 5.857948e-02 3.427969e-01 8.511284e-02 6.769548e-02 1.555943e-01 3.378482e-01 1.209054e-01 3.728831e-01 2.595968e-01 2.423506e-01 
192 1921  7.573933489466131164e+01 0 0 9.610160e-02 9.840954e-02 1.022788e-01 8.716765e-02 9.993516e-02 1.106568e-01 1.705537e-01 1.343776e-01 9.562350e-02 1.152189e-01 1.313861e-01 7.663551e-02 4.670495e-02 1.012556e-01 2.918157e-02 8.313798e-02 1.604223e-01 5.548166e-02 5.947431e-02 3.412053e-01 8.638346e-02 6.847268e-02 1.553035e-01 3.373913e-01 1.205807e-01 3.712567e-01 2.616851e-01 2.441550e-01 
193 1931  7.577249045051406995e+01 0 0 9.594048e-02 9.731563e-02 1.010519e-01 8.741988e-02 9.941275e-02 1.103966e-01 1.706119e-01 1.342864e-01 9.618444e-02 1.142479e-01 1.316401e-01 7.756488e-02 4.634126e-02 1.016996e-01 2.936110e-02 8.212927e-02 1.624628e-01 5.518760e-02 5.885273e-02 3.432179e-01 8.657443e-02 6.762929e-02 1.549588e-01 3.330466e-01 1.195384e-01 3.684852e-01 2.611902e-01 2.442313e-01 
194 1941  7.511424794111022152e+01 0 0 9.652180e-02 9.890128e-02 1.013784e-01 8.737459e-02 9.911189e-02 1.100413e-01 1.709303e-01 1.341754e-01 9.543406e-02 1.132991e-01 1.312676e-01 7.745591e-02 4.649232e-02 1.022608e-01 2.955578e-02 8.352894e-02 1.620455e-01 5.446385e-02 5.918960e-02 3.401015e-01 8.656909e-02 6.809176e-02 1.556831e-01 3.343787e-01 1.204820e-01 3.692253e-01 2.612039e-01 2.412074e-01 
195 1951  7.560272148914469881e+01 0 0 9.558965e-02 9.976571e-02 1.016149e-01 8.776348e-02 9.928429e-02 1.079814e-01 1.693115e-01 1.336788e-01 9.470117e-02 1.140092e-01 1.322460e-01 7.785660e-02 4.672706e-02 1.025357e-01 2.898421e-02 8.247305e-02 1.648172e-01 5.493155e-02 5.908022e-02 3.355353e-01 8.726640e-02 6.788417e-02 1.578501e-01 3.355225e-01 1.209490e-01 3.709083e-01 2.603805e-01 2.408009e-01 
196 1961  7.609702646480928934e+01 0 0 9.530822e-02 9.941888e-02 1.029727e-01 8.736950e-02 9.878469e-02 1.080469e-01 1.698972e-01 1.355118e-01 9.381949e-02 1.142113e-01 1.320493e-01 7.564114e-02 4.635816e-02 1.022731e-01 2.931026e-02 8.406457e-02 1.638445e-01 5.603672e-02 6.024502e-02 3.330744e-01 8.608778e-02 6.756686e-02 1.575779e-01 3.364826e-01 1.214166e-01 3.692738e-01 2.607335e-01 2.446483e-01 
197 1971  7.588138880277351461e+01 0 0 9.571466e-02 9.866172e-02 1.038238e-01 8.765419e-02 9.821191e-02 1.068752e-01 1.707920e-01 1.348037e-01 9.496624e-02 1.135805e-01 1.309322e-01 7.560419e-02 4.630159e-02 1.019706e-01 2.897756e-02 8.395889e-02 1.635241e-01 5.531174e-02 5.906995e-02 3.316122e-01 8.694305e-02 6.903706e-02 1.565792e-01 3.325460e-01 1.217560e-01 3.723143e-01 2.620568e-01 2.453287e-01 
198 1981  7.560388422637808503e+01 0 0 9.584498e-02 9.954920e-02 1.034539e-01 8.648033e-02 9.890254e-02 1.060372e-01 1.691612e-01 1.318580e-01 9.432039e-02 1.119355e-01 1.324466e-01 7.601197e-02 4.577193e-02 1.020638e-01 2.908761e-02 8.429368e-02 1.624166e-01 5.530010e-02 5.912594e-02 3.352264e-01 8.618944e-02 6.950276e-02 1.564374e-01 3.331548e-01 1.220189e-01 3.715275e-01 2.618035e-01 2.441033e-01 
199 1991  7.691126552347465406e+01 0 0 9.616537e-02 9.829918e-02 1.033537e-01 8.674007e-02 9.903207e-02 1.072699e-01 1.681594e-01 1.329970e-01 9.503022e-02 1.126181e-01 1.317086e-01 7.590080e-02 4.606583e-02 1.033739e-01 2.931025e-02 8.432635e-02 1.625745e-01 5.505919e-02 5.859203e-02 3.394091e-01 8.648785e-02 6.842505e-02 1.563964e-01 3.364127e-01 1.208605e-01 3.690433e-01 2.644780e-01 2.421344e-01 
200 2001  7.588089742663096615e+01 0 0 9.789378e-02 9.915440e-02 1.033872e-01 8.682566e-02 9.843607e-02 1.068007e-01 1.701907e-01 1.331731e-01 9.435408e-02 1.134834e-01 1.331976e-01 7.566288e-02 4.603606e-02 1.029858e-01 2.883943e-02 8.404430e-02 1.638935e-01 5.541007e-02 5.886094e-02 3.360498e-01 8.791990e-02 6.855387e-02 1.564567e-01 3.349842e-01 1.216999e-01 3.694602e-01 2.652343e-01 2.434811e-01 
