%  columns="iteration, evaluation, sigma, max axis length, min axis length, all principal axes lengths (sorted square roots of eigenvalues of C)" (startseed=215742, 2026/02/19 14:45:51.43)
1 11 4.098410e-02 9.976312e-01 7.910166e-02 7.910166e-02 1.391091e-01 1.545125e-01 1.572156e-01 2.056231e-01 2.239426e-01 2.418330e-01 2.493415e-01 2.501216e-01 2.503095e-01 2.517134e-01 2.757743e-01 2.906238e-01 2.920715e-01 2.959795e-01 3.109991e-01 3.154604e-01 3.163228e-01 3.273324e-01 3.823949e-01 4.410966e-01 4.615078e-01 4.709410e-01 6.280874e-01 6.946256e-01 8.457070e-01 8.836807e-01 9.976312e-01 
2 21 3.971798e-02 9.952595e-01 7.920636e-02 7.920636e-02 1.389612e-01 1.541829e-01 1.581057e-01 2.052881e-01 2.238323e-01 2.419044e-01 2.488072e-01 2.496063e-01 2.497257e-01 2.521003e-01 2.753722e-01 2.900175e-01 2.917881e-01 2.970031e-01 3.119885e-01 3.148843e-01 3.160783e-01 3.273608e-01 3.823333e-01 4.409706e-01 4.612835e-01 4.710528e-01 6.305329e-01 6.932026e-01 8.441979e-01 8.818220e-01 9.952595e-01 
3 31 3.888402e-02 9.931154e-01 7.903000e-02 7.903000e-02 1.386258e-01 1.540490e-01 1.578536e-01 2.059383e-01 2.232438e-01 2.413667e-01 2.482768e-01 2.489260e-01 2.499280e-01 2.526449e-01 2.747666e-01 2.898888e-01 2.913477e-01 2.984134e-01 3.117487e-01 3.145013e-01 3.162403e-01 3.268759e-01 3.822050e-01 4.409198e-01 4.603623e-01 4.707579e-01 6.295002e-01 6.927204e-01 8.431168e-01 8.799350e-01 9.931154e-01 
4 41 3.813228e-02 9.910432e-01 7.901311e-02 7.901311e-02 1.386977e-01 1.540620e-01 1.574656e-01 2.063285e-01 2.237176e-01 2.410704e-01 2.478192e-01 2.484396e-01 2.503060e-01 2.530492e-01 2.744348e-01 2.897727e-01 2.919671e-01 2.985139e-01 3.114538e-01 3.137740e-01 3.160563e-01 3.264975e-01 3.821567e-01 4.411742e-01 4.594492e-01 4.711243e-01 6.321592e-01 6.909910e-01 8.419854e-01 8.776535e-01 9.910432e-01 
5 51 3.738078e-02 9.897614e-01 7.892563e-02 7.892563e-02 1.383584e-01 1.538827e-01 1.572352e-01 2.063980e-01 2.235356e-01 2.407096e-01 2.473162e-01 2.483553e-01 2.505092e-01 2.530095e-01 2.739866e-01 2.891434e-01 2.928410e-01 2.978870e-01 3.108138e-01 3.143120e-01 3.174648e-01 3.263618e-01 3.833716e-01 4.429984e-01 4.583644e-01 4.714603e-01 6.324091e-01 6.895146e-01 8.401578e-01 8.756252e-01 9.897614e-01 
6 61 3.705036e-02 9.884835e-01 7.925070e-02 7.925070e-02 1.381310e-01 1.535080e-01 1.569136e-01 2.058350e-01 2.242495e-01 2.401436e-01 2.473492e-01 2.479121e-01 2.501976e-01 2.526485e-01 2.732536e-01 2.889720e-01 2.937496e-01 2.977832e-01 3.104115e-01 3.146054e-01 3.171781e-01 3.266329e-01 3.832519e-01 4.443036e-01 4.573978e-01 4.722042e-01 6.318266e-01 6.888630e-01 8.390739e-01 8.760147e-01 9.884835e-01 
7 71 3.700672e-02 9.865766e-01 7.915044e-02 7.915044e-02 1.378388e-01 1.531882e-01 1.571043e-01 2.055641e-01 2.242967e-01 2.399180e-01 2.470196e-01 2.484944e-01 2.498763e-01 2.527336e-01 2.728984e-01 2.886288e-01 2.937241e-01 2.984369e-01 3.099035e-01 3.149657e-01 3.166001e-01 3.262848e-01 3.829637e-01 4.443999e-01 4.566970e-01 4.738487e-01 6.315449e-01 6.878562e-01 8.372487e-01 8.740505e-01 9.865766e-01 
8 81 3.680376e-02 9.864953e-01 7.946814e-02 7.946814e-02 1.376654e-01 1.528690e-01 1.568103e-01 2.062695e-01 2.241091e-01 2.402558e-01 2.472052e-01 2.481253e-01 2.497713e-01 2.527589e-01 2.724979e-01 2.879231e-01 2.932324e-01 2.980669e-01 3.111024e-01 3.148370e-01 3.166421e-01 3.262318e-01 3.822216e-01 4.442800e-01 4.556159e-01 4.765747e-01 6.310241e-01 6.865785e-01 8.354685e-01 8.730631e-01 9.864953e-01 
9 91 3.630203e-02 9.849403e-01 7.948184e-02 7.948184e-02 1.377213e-01 1.526800e-01 1.565354e-01 2.060661e-01 2.238432e-01 2.403642e-01 2.470845e-01 2.482691e-01 2.499430e-01 2.521160e-01 2.721496e-01 2.884440e-01 2.931969e-01 2.976545e-01 3.118793e-01 3.153969e-01 3.164959e-01 3.258449e-01 3.824206e-01 4.443464e-01 4.583126e-01 4.772014e-01 6.295064e-01 6.850170e-01 8.345713e-01 8.711682e-01 9.849403e-01 
10 101 3.517579e-02 9.838120e-01 7.933282e-02 7.933282e-02 1.375167e-01 1.523736e-01 1.562802e-01 2.060942e-01 2.235535e-01 2.404027e-01 2.467060e-01 2.484688e-01 2.496038e-01 2.517104e-01 2.715915e-01 2.885775e-01 2.931376e-01 2.981011e-01 3.116673e-01 3.147379e-01 3.171662e-01 3.253881e-01 3.817264e-01 4.433298e-01 4.576234e-01 4.777225e-01 6.278908e-01 6.833893e-01 8.345667e-01 8.694955e-01 9.838120e-01 
11 111 3.404566e-02 9.824248e-01 7.919243e-02 7.919243e-02 1.373264e-01 1.519936e-01 1.559481e-01 2.061375e-01 2.234586e-01 2.402831e-01 2.460971e-01 2.480346e-01 2.491355e-01 2.530175e-01 2.711156e-01 2.884630e-01 2.926840e-01 2.975162e-01 3.117775e-01 3.141142e-01 3.174034e-01 3.250442e-01 3.809800e-01 4.430687e-01 4.572632e-01 4.770373e-01 6.266751e-01 6.818837e-01 8.340294e-01 8.678376e-01 9.824248e-01 
12 121 3.289093e-02 9.812596e-01 7.903408e-02 7.903408e-02 1.372867e-01 1.517328e-01 1.557439e-01 2.061867e-01 2.229446e-01 2.398939e-01 2.455882e-01 2.474677e-01 2.494604e-01 2.541261e-01 2.709442e-01 2.882071e-01 2.926363e-01 2.971988e-01 3.113824e-01 3.134029e-01 3.178444e-01 3.243180e-01 3.801329e-01 4.419564e-01 4.565662e-01 4.782303e-01 6.257421e-01 6.807232e-01 8.334934e-01 8.673288e-01 9.812596e-01 
13 131 3.173095e-02 9.797566e-01 7.899166e-02 7.899166e-02 1.371718e-01 1.515379e-01 1.554716e-01 2.057909e-01 2.226704e-01 2.397362e-01 2.450505e-01 2.472478e-01 2.502774e-01 2.549629e-01 2.707075e-01 2.875640e-01 2.918672e-01 2.973470e-01 3.110098e-01 3.132363e-01 3.173570e-01 3.237270e-01 3.806409e-01 4.408266e-01 4.557110e-01 4.776336e-01 6.243274e-01 6.800175e-01 8.315768e-01 8.655757e-01 9.797566e-01 
14 141 3.086767e-02 9.791331e-01 7.887191e-02 7.887191e-02 1.370607e-01 1.512013e-01 1.552027e-01 2.054960e-01 2.220825e-01 2.394225e-01 2.445518e-01 2.471225e-01 2.501531e-01 2.559061e-01 2.714184e-01 2.870437e-01 2.916548e-01 2.970832e-01 3.106477e-01 3.127316e-01 3.173917e-01 3.232752e-01 3.801287e-01 4.413859e-01 4.547639e-01 4.769747e-01 6.229688e-01 6.799813e-01 8.302472e-01 8.637531e-01 9.791331e-01 
15 151 2.984627e-02 9.767824e-01 7.886377e-02 7.886377e-02 1.369616e-01 1.508616e-01 1.548899e-01 2.050358e-01 2.220383e-01 2.390200e-01 2.452982e-01 2.465037e-01 2.497572e-01 2.560522e-01 2.708600e-01 2.872518e-01 2.910401e-01 2.972374e-01 3.113922e-01 3.122897e-01 3.178084e-01 3.226976e-01 3.795367e-01 4.410705e-01 4.535953e-01 4.760221e-01 6.212769e-01 6.785712e-01 8.302257e-01 8.616154e-01 9.767824e-01 
16 161 2.918580e-02 9.753532e-01 7.872034e-02 7.872034e-02 1.366889e-01 1.504935e-01 1.545241e-01 2.049197e-01 2.214795e-01 2.384111e-01 2.453171e-01 2.461240e-01 2.496807e-01 2.561652e-01 2.703916e-01 2.870767e-01 2.922141e-01 2.969713e-01 3.118348e-01 3.123246e-01 3.195787e-01 3.238598e-01 3.788925e-01 4.405512e-01 4.529327e-01 4.753157e-01 6.202689e-01 6.769162e-01 8.287551e-01 8.594656e-01 9.753532e-01 
17 171 2.804832e-02 9.748159e-01 7.866308e-02 7.866308e-02 1.364663e-01 1.501320e-01 1.541380e-01 2.046096e-01 2.212905e-01 2.382536e-01 2.449550e-01 2.467087e-01 2.496828e-01 2.558783e-01 2.700242e-01 2.866980e-01 2.920923e-01 2.963288e-01 3.113985e-01 3.120301e-01 3.197579e-01 3.237489e-01 3.785956e-01 4.402812e-01 4.519762e-01 4.749357e-01 6.192273e-01 6.755807e-01 8.268520e-01 8.585669e-01 9.748159e-01 
18 181 2.689928e-02 9.736318e-01 7.859504e-02 7.859504e-02 1.363169e-01 1.498072e-01 1.538866e-01 2.043163e-01 2.207187e-01 2.385165e-01 2.443635e-01 2.463766e-01 2.495365e-01 2.556241e-01 2.695776e-01 2.866522e-01 2.929076e-01 2.957125e-01 3.111452e-01 3.121399e-01 3.193332e-01 3.243557e-01 3.788753e-01 4.392124e-01 4.512876e-01 4.746299e-01 6.188162e-01 6.746811e-01 8.251867e-01 8.571394e-01 9.736318e-01 
19 191 2.634737e-02 9.717274e-01 7.843537e-02 7.843537e-02 1.360282e-01 1.497567e-01 1.538454e-01 2.047527e-01 2.209936e-01 2.385233e-01 2.441058e-01 2.468057e-01 2.495867e-01 2.557527e-01 2.700109e-01 2.863392e-01 2.928730e-01 2.950912e-01 3.108098e-01 3.123016e-01 3.192247e-01 3.245151e-01 3.799051e-01 4.399300e-01 4.501100e-01 4.757422e-01 6.175711e-01 6.730360e-01 8.245767e-01 8.556318e-01 9.717274e-01 
20 201 2.540290e-02 9.696137e-01 7.854107e-02 7.854107e-02 1.359784e-01 1.496827e-01 1.536598e-01 2.048487e-01 2.212797e-01 2.380478e-01 2.438718e-01 2.463911e-01 2.490951e-01 2.551834e-01 2.697015e-01 2.859137e-01 2.928405e-01 2.948558e-01 3.104885e-01 3.116047e-01 3.191955e-01 3.247137e-01 3.804666e-01 4.404644e-01 4.492056e-01 4.745924e-01 6.171520e-01 6.714094e-01 8.241650e-01 8.547412e-01 9.696137e-01 
21 211 2.434179e-02 9.674654e-01 7.845755e-02 7.845755e-02 1.357350e-01 1.495971e-01 1.537604e-01 2.045345e-01 2.210756e-01 2.377310e-01 2.437149e-01 2.462071e-01 2.485216e-01 2.545153e-01 2.691105e-01 2.855470e-01 2.936298e-01 2.947152e-01 3.099109e-01 3.108189e-01 3.185320e-01 3.243490e-01 3.812455e-01 4.398230e-01 4.482366e-01 4.753606e-01 6.162546e-01 6.697070e-01 8.225024e-01 8.525419e-01 9.674654e-01 
22 221 2.385938e-02 9.659301e-01 7.828783e-02 7.828783e-02 1.355380e-01 1.495395e-01 1.534932e-01 2.047461e-01 2.212492e-01 2.373491e-01 2.431730e-01 2.460834e-01 2.488944e-01 2.540960e-01 2.685979e-01 2.869572e-01 2.933482e-01 2.946212e-01 3.092353e-01 3.103393e-01 3.217739e-01 3.242432e-01 3.811493e-01 4.404621e-01 4.474854e-01 4.745293e-01 6.172165e-01 6.681719e-01 8.208618e-01 8.510176e-01 9.659301e-01 
23 231 2.371149e-02 9.675739e-01 7.827554e-02 7.827554e-02 1.353467e-01 1.496354e-01 1.540112e-01 2.044655e-01 2.210198e-01 2.368837e-01 2.430664e-01 2.455284e-01 2.491357e-01 2.542864e-01 2.680332e-01 2.873755e-01 2.931958e-01 2.978302e-01 3.085210e-01 3.099124e-01 3.222071e-01 3.253109e-01 3.815383e-01 4.398542e-01 4.466005e-01 4.739592e-01 6.164502e-01 6.674277e-01 8.190004e-01 8.506618e-01 9.675739e-01 
24 241 2.366664e-02 9.664547e-01 7.869273e-02 7.869273e-02 1.351206e-01 1.494474e-01 1.544552e-01 2.043202e-01 2.207442e-01 2.362977e-01 2.431900e-01 2.450607e-01 2.492681e-01 2.540145e-01 2.680779e-01 2.874666e-01 2.927657e-01 2.976337e-01 3.082444e-01 3.105329e-01 3.220364e-01 3.277088e-01 3.816459e-01 4.392905e-01 4.461110e-01 4.734923e-01 6.152610e-01 6.659725e-01 8.189229e-01 8.491190e-01 9.664547e-01 
25 251 2.374379e-02 9.649489e-01 7.860635e-02 7.860635e-02 1.354953e-01 1.491629e-01 1.540454e-01 2.041025e-01 2.203127e-01 2.361823e-01 2.429672e-01 2.445890e-01 2.493420e-01 2.541319e-01 2.677819e-01 2.891157e-01 2.923798e-01 2.969946e-01 3.079431e-01 3.099780e-01 3.216849e-01 3.285267e-01 3.817524e-01 4.424610e-01 4.452240e-01 4.731964e-01 6.144011e-01 6.645766e-01 8.182761e-01 8.472373e-01 9.649489e-01 
26 261 2.430162e-02 9.635587e-01 7.897106e-02 7.897106e-02 1.353920e-01 1.488817e-01 1.538083e-01 2.039110e-01 2.197710e-01 2.356836e-01 2.425205e-01 2.440489e-01 2.501359e-01 2.540570e-01 2.672471e-01 2.901753e-01 2.922199e-01 2.966887e-01 3.075067e-01 3.098518e-01 3.212307e-01 3.291071e-01 3.824685e-01 4.444498e-01 4.459598e-01 4.736145e-01 6.143145e-01 6.630355e-01 8.173593e-01 8.454770e-01 9.635587e-01 
27 271 2.430536e-02 9.612685e-01 7.922552e-02 7.922552e-02 1.353772e-01 1.486879e-01 1.536539e-01 2.036366e-01 2.193725e-01 2.353976e-01 2.419261e-01 2.434760e-01 2.501705e-01 2.540189e-01 2.672440e-01 2.901073e-01 2.925760e-01 2.963600e-01 3.070321e-01 3.092008e-01 3.206328e-01 3.287556e-01 3.828416e-01 4.433961e-01 4.472065e-01 4.744708e-01 6.135384e-01 6.615140e-01 8.163614e-01 8.436438e-01 9.612685e-01 
28 281 2.400200e-02 9.589103e-01 7.939473e-02 7.939473e-02 1.354451e-01 1.487535e-01 1.538005e-01 2.032205e-01 2.189242e-01 2.350469e-01 2.417354e-01 2.433681e-01 2.497220e-01 2.536314e-01 2.666781e-01 2.895174e-01 2.927454e-01 2.961186e-01 3.066129e-01 3.087636e-01 3.204351e-01 3.281959e-01 3.829562e-01 4.423761e-01 4.484292e-01 4.743176e-01 6.131454e-01 6.604091e-01 8.151608e-01 8.413548e-01 9.589103e-01 
29 291 2.367529e-02 9.598332e-01 7.940718e-02 7.940718e-02 1.352915e-01 1.486462e-01 1.536414e-01 2.028122e-01 2.184768e-01 2.346636e-01 2.411768e-01 2.428545e-01 2.492061e-01 2.537438e-01 2.660300e-01 2.890714e-01 2.931666e-01 2.958479e-01 3.062914e-01 3.083082e-01 3.216075e-01 3.275068e-01 3.830769e-01 4.416946e-01 4.491242e-01 4.734093e-01 6.125111e-01 6.589278e-01 8.140382e-01 8.401020e-01 9.598332e-01 
30 301 2.282553e-02 9.582510e-01 7.935663e-02 7.935663e-02 1.351319e-01 1.482935e-01 1.535696e-01 2.029931e-01 2.182575e-01 2.341957e-01 2.410217e-01 2.432405e-01 2.490419e-01 2.533933e-01 2.656874e-01 2.892356e-01 2.935244e-01 2.954153e-01 3.057747e-01 3.075882e-01 3.215271e-01 3.273459e-01 3.827463e-01 4.411853e-01 4.500128e-01 4.724801e-01 6.135054e-01 6.572661e-01 8.132492e-01 8.388719e-01 9.582510e-01 
31 311 2.144026e-02 9.563501e-01 7.918644e-02 7.918644e-02 1.350416e-01 1.482287e-01 1.532902e-01 2.027292e-01 2.181227e-01 2.335813e-01 2.404639e-01 2.429123e-01 2.487990e-01 2.529735e-01 2.657874e-01 2.888752e-01 2.931398e-01 2.950840e-01 3.052144e-01 3.076525e-01 3.212164e-01 3.272316e-01 3.824263e-01 4.416724e-01 4.504471e-01 4.714461e-01 6.129145e-01 6.558581e-01 8.119478e-01 8.371070e-01 9.563501e-01 
32 321 2.016436e-02 9.546003e-01 7.910771e-02 7.910771e-02 1.348115e-01 1.483012e-01 1.531963e-01 2.022252e-01 2.177317e-01 2.330238e-01 2.403349e-01 2.424228e-01 2.483750e-01 2.526190e-01 2.655216e-01 2.886048e-01 2.925929e-01 2.944565e-01 3.045291e-01 3.071614e-01 3.209789e-01 3.268121e-01 3.822518e-01 4.417465e-01 4.498905e-01 4.708565e-01 6.115128e-01 6.547675e-01 8.100273e-01 8.349873e-01 9.546003e-01 
33 331 1.969335e-02 9.535215e-01 7.892853e-02 7.892853e-02 1.344610e-01 1.483675e-01 1.533080e-01 2.018005e-01 2.174266e-01 2.327363e-01 2.406335e-01 2.419743e-01 2.477445e-01 2.520458e-01 2.659514e-01 2.880308e-01 2.920581e-01 2.960395e-01 3.047446e-01 3.080401e-01 3.204330e-01 3.262342e-01 3.813690e-01 4.417913e-01 4.496315e-01 4.698289e-01 6.102076e-01 6.532097e-01 8.087831e-01 8.352435e-01 9.535215e-01 
34 341 1.923211e-02 9.522290e-01 7.890168e-02 7.890168e-02 1.341687e-01 1.480748e-01 1.535836e-01 2.012676e-01 2.173027e-01 2.329277e-01 2.409248e-01 2.417069e-01 2.475908e-01 2.521919e-01 2.656778e-01 2.876283e-01 2.918410e-01 2.960596e-01 3.040975e-01 3.082192e-01 3.201830e-01 3.256013e-01 3.807956e-01 4.418024e-01 4.489848e-01 4.699593e-01 6.089523e-01 6.516390e-01 8.100833e-01 8.352161e-01 9.522290e-01 
35 351 1.899753e-02 9.505535e-01 7.882168e-02 7.882168e-02 1.339067e-01 1.484956e-01 1.534296e-01 2.009235e-01 2.168526e-01 2.329439e-01 2.412200e-01 2.415091e-01 2.477967e-01 2.537907e-01 2.651551e-01 2.877786e-01 2.916660e-01 2.981280e-01 3.036365e-01 3.081942e-01 3.196794e-01 3.258219e-01 3.799024e-01 4.413544e-01 4.484342e-01 4.692183e-01 6.086575e-01 6.510886e-01 8.087992e-01 8.342186e-01 9.505535e-01 
36 361 1.879732e-02 9.494152e-01 7.878190e-02 7.878190e-02 1.337158e-01 1.483734e-01 1.536659e-01 2.006451e-01 2.169942e-01 2.326728e-01 2.409096e-01 2.420027e-01 2.472673e-01 2.540825e-01 2.648061e-01 2.871461e-01 2.917774e-01 3.002746e-01 3.032764e-01 3.077625e-01 3.191719e-01 3.251266e-01 3.793693e-01 4.405414e-01 4.475396e-01 4.700293e-01 6.084869e-01 6.500771e-01 8.080071e-01 8.322101e-01 9.494152e-01 
37 371 1.835927e-02 9.477628e-01 7.860110e-02 7.860110e-02 1.336193e-01 1.481569e-01 1.533997e-01 2.002879e-01 2.168276e-01 2.332384e-01 2.405768e-01 2.432404e-01 2.471830e-01 2.539827e-01 2.646396e-01 2.866650e-01 2.920164e-01 3.010463e-01 3.034228e-01 3.075995e-01 3.191124e-01 3.248117e-01 3.797366e-01 4.402747e-01 4.471172e-01 4.694013e-01 6.074761e-01 6.492867e-01 8.066188e-01 8.311223e-01 9.477628e-01 
38 381 1.774187e-02 9.471371e-01 7.856234e-02 7.856234e-02 1.333565e-01 1.480044e-01 1.530886e-01 2.001990e-01 2.172004e-01 2.335048e-01 2.400017e-01 2.427847e-01 2.470118e-01 2.535232e-01 2.648233e-01 2.862980e-01 2.931033e-01 3.009169e-01 3.032900e-01 3.075491e-01 3.184843e-01 3.240802e-01 3.794409e-01 4.409801e-01 4.467329e-01 4.683308e-01 6.063487e-01 6.480511e-01 8.055453e-01 8.299567e-01 9.471371e-01 
39 391 1.710399e-02 9.453659e-01 7.836786e-02 7.836786e-02 1.331496e-01 1.484796e-01 1.528439e-01 1.999825e-01 2.168547e-01 2.333234e-01 2.401546e-01 2.428475e-01 2.474971e-01 2.531766e-01 2.654840e-01 2.856261e-01 2.930186e-01 3.011119e-01 3.026612e-01 3.079377e-01 3.176853e-01 3.233400e-01 3.786927e-01 4.404377e-01 4.468427e-01 4.673998e-01 6.052055e-01 6.465188e-01 8.052626e-01 8.281896e-01 9.453659e-01 
40 401 1.692383e-02 9.463242e-01 7.826276e-02 7.826276e-02 1.328337e-01 1.482688e-01 1.525480e-01 2.000626e-01 2.166837e-01 2.329239e-01 2.396084e-01 2.427673e-01 2.470798e-01 2.526777e-01 2.664485e-01 2.850083e-01 2.934307e-01 3.012615e-01 3.020858e-01 3.081722e-01 3.171261e-01 3.240366e-01 3.797280e-01 4.396407e-01 4.463528e-01 4.667506e-01 6.042920e-01 6.452684e-01 8.050644e-01 8.267800e-01 9.463242e-01 
41 411 1.669848e-02 9.448287e-01 7.810363e-02 7.810363e-02 1.330749e-01 1.483056e-01 1.524864e-01 1.998112e-01 2.165725e-01 2.325411e-01 2.391310e-01 2.425991e-01 2.466905e-01 2.524524e-01 2.664253e-01 2.848363e-01 2.933559e-01 3.014110e-01 3.015804e-01 3.093287e-01 3.168977e-01 3.239629e-01 3.795124e-01 4.392825e-01 4.477895e-01 4.661337e-01 6.045998e-01 6.442966e-01 8.054495e-01 8.262491e-01 9.448287e-01 
42 421 1.657611e-02 9.427033e-01 7.796502e-02 7.796502e-02 1.335061e-01 1.485328e-01 1.522638e-01 1.996265e-01 2.161669e-01 2.323596e-01 2.387615e-01 2.423147e-01 2.462413e-01 2.519933e-01 2.659105e-01 2.849816e-01 2.928706e-01 3.010331e-01 3.025408e-01 3.092559e-01 3.165136e-01 3.249086e-01 3.795096e-01 4.384898e-01 4.477299e-01 4.657671e-01 6.038149e-01 6.428121e-01 8.050558e-01 8.245556e-01 9.427033e-01 
43 431 1.627984e-02 9.415615e-01 7.790870e-02 7.790870e-02 1.342324e-01 1.483726e-01 1.521617e-01 1.993833e-01 2.156691e-01 2.319238e-01 2.381409e-01 2.420659e-01 2.460109e-01 2.515309e-01 2.660889e-01 2.853318e-01 2.922788e-01 3.006752e-01 3.023195e-01 3.089984e-01 3.162702e-01 3.254781e-01 3.788674e-01 4.379663e-01 4.472155e-01 4.660134e-01 6.023832e-01 6.413080e-01 8.056651e-01 8.229478e-01 9.415615e-01 
44 441 1.587973e-02 9.394165e-01 7.787313e-02 7.787313e-02 1.344162e-01 1.484418e-01 1.518658e-01 1.990042e-01 2.152079e-01 2.315552e-01 2.376621e-01 2.426059e-01 2.457371e-01 2.512704e-01 2.656636e-01 2.857089e-01 2.919696e-01 3.000727e-01 3.023950e-01 3.097572e-01 3.172124e-01 3.251286e-01 3.790525e-01 4.372349e-01 4.465990e-01 4.670093e-01 6.023077e-01 6.408797e-01 8.055555e-01 8.215305e-01 9.394165e-01 
45 451 1.542019e-02 9.394735e-01 7.834591e-02 7.834591e-02 1.343899e-01 1.483005e-01 1.515907e-01 1.988870e-01 2.148239e-01 2.311598e-01 2.375062e-01 2.420730e-01 2.463040e-01 2.507442e-01 2.655903e-01 2.852234e-01 2.916109e-01 2.999152e-01 3.018981e-01 3.095447e-01 3.167359e-01 3.252182e-01 3.791488e-01 4.364043e-01 4.454332e-01 4.668229e-01 6.008221e-01 6.400390e-01 8.044064e-01 8.198936e-01 9.394735e-01 
46 461 1.473030e-02 9.375137e-01 7.843054e-02 7.843054e-02 1.342825e-01 1.479982e-01 1.513874e-01 1.988978e-01 2.143981e-01 2.306536e-01 2.369456e-01 2.415795e-01 2.456620e-01 2.504982e-01 2.649181e-01 2.854028e-01 2.911566e-01 2.994421e-01 3.015924e-01 3.092481e-01 3.161243e-01 3.251242e-01 3.795716e-01 4.356274e-01 4.443204e-01 4.667967e-01 5.998244e-01 6.393232e-01 8.023061e-01 8.192236e-01 9.375137e-01 
47 471 1.431965e-02 9.376163e-01 7.901106e-02 7.901106e-02 1.341219e-01 1.477595e-01 1.512675e-01 1.989471e-01 2.142282e-01 2.301583e-01 2.369349e-01 2.411404e-01 2.453028e-01 2.503275e-01 2.650439e-01 2.848323e-01 2.910838e-01 2.988450e-01 3.013788e-01 3.085450e-01 3.158373e-01 3.255330e-01 3.786350e-01 4.345416e-01 4.433972e-01 4.662424e-01 6.006571e-01 6.385352e-01 8.014729e-01 8.188420e-01 9.376163e-01 
48 481 1.404874e-02 9.377000e-01 7.960035e-02 7.960035e-02 1.338418e-01 1.474382e-01 1.511141e-01 1.988458e-01 2.142190e-01 2.319254e-01 2.363642e-01 2.406978e-01 2.446914e-01 2.504135e-01 2.643325e-01 2.849429e-01 2.905803e-01 2.985093e-01 3.012191e-01 3.085519e-01 3.154689e-01 3.258341e-01 3.779192e-01 4.339407e-01 4.436331e-01 4.679501e-01 6.002298e-01 6.373541e-01 8.027452e-01 8.177682e-01 9.377000e-01 
49 491 1.352836e-02 9.368872e-01 7.977944e-02 7.977944e-02 1.341591e-01 1.471496e-01 1.508273e-01 1.989311e-01 2.139774e-01 2.313478e-01 2.357566e-01 2.406928e-01 2.442037e-01 2.501116e-01 2.639286e-01 2.849678e-01 2.901402e-01 2.979421e-01 3.012021e-01 3.078438e-01 3.154587e-01 3.250203e-01 3.770703e-01 4.332912e-01 4.430671e-01 4.682137e-01 6.010269e-01 6.369213e-01 8.019044e-01 8.162634e-01 9.368872e-01 
50 501 1.310341e-02 9.363475e-01 7.977051e-02 7.977051e-02 1.339978e-01 1.469006e-01 1.505196e-01 1.996523e-01 2.134839e-01 2.309578e-01 2.355066e-01 2.403942e-01 2.442607e-01 2.495053e-01 2.633106e-01 2.842901e-01 2.898944e-01 2.973322e-01 3.009893e-01 3.091287e-01 3.148944e-01 3.244362e-01 3.763178e-01 4.323225e-01 4.422359e-01 4.681582e-01 6.004496e-01 6.361671e-01 8.010405e-01 8.178117e-01 9.363475e-01 
51 511 1.262746e-02 9.340219e-01 7.973237e-02 7.973237e-02 1.336374e-01 1.468744e-01 1.501713e-01 1.998626e-01 2.132382e-01 2.306514e-01 2.350641e-01 2.399773e-01 2.436738e-01 2.495276e-01 2.632975e-01 2.837021e-01 2.894055e-01 2.968040e-01 3.008993e-01 3.086763e-01 3.145831e-01 3.248276e-01 3.754037e-01 4.329998e-01 4.414518e-01 4.697797e-01 6.008924e-01 6.353817e-01 7.988454e-01 8.183958e-01 9.340219e-01 
52 521 1.229212e-02 9.316331e-01 7.956643e-02 7.956643e-02 1.333793e-01 1.470355e-01 1.502637e-01 1.995899e-01 2.129381e-01 2.301768e-01 2.347353e-01 2.399039e-01 2.435580e-01 2.492640e-01 2.630359e-01 2.831079e-01 2.888722e-01 2.964762e-01 3.004075e-01 3.083057e-01 3.140366e-01 3.247965e-01 3.761503e-01 4.324480e-01 4.417332e-01 4.697799e-01 6.002116e-01 6.344335e-01 7.990364e-01 8.187336e-01 9.316331e-01 
53 531 1.210177e-02 9.292357e-01 7.951481e-02 7.951481e-02 1.334619e-01 1.469451e-01 1.506042e-01 1.996940e-01 2.129208e-01 2.298124e-01 2.345669e-01 2.402352e-01 2.432912e-01 2.489177e-01 2.632518e-01 2.824961e-01 2.883558e-01 2.960569e-01 2.998513e-01 3.080481e-01 3.133618e-01 3.255077e-01 3.757586e-01 4.323962e-01 4.411972e-01 4.706431e-01 5.997775e-01 6.333819e-01 7.995502e-01 8.183910e-01 9.292357e-01 
54 541 1.208106e-02 9.287635e-01 7.956621e-02 7.956621e-02 1.336563e-01 1.466663e-01 1.503721e-01 1.994202e-01 2.124183e-01 2.298130e-01 2.353146e-01 2.407695e-01 2.442307e-01 2.483674e-01 2.630199e-01 2.822957e-01 2.879153e-01 2.969081e-01 2.994907e-01 3.087985e-01 3.129897e-01 3.250859e-01 3.750849e-01 4.324060e-01 4.403404e-01 4.733598e-01 6.018004e-01 6.319349e-01 7.983831e-01 8.189263e-01 9.287635e-01 
55 551 1.221895e-02 9.267058e-01 7.957652e-02 7.957652e-02 1.342188e-01 1.468074e-01 1.505776e-01 1.996350e-01 2.123912e-01 2.299102e-01 2.350143e-01 2.402888e-01 2.439499e-01 2.477701e-01 2.626559e-01 2.819727e-01 2.874332e-01 2.972945e-01 2.997140e-01 3.089407e-01 3.125002e-01 3.253220e-01 3.743972e-01 4.323494e-01 4.398544e-01 4.758137e-01 6.032038e-01 6.304536e-01 7.963586e-01 8.182310e-01 9.267058e-01 
56 561 1.239548e-02 9.242617e-01 7.966237e-02 7.966237e-02 1.341940e-01 1.465446e-01 1.506227e-01 2.005006e-01 2.122446e-01 2.294592e-01 2.348423e-01 2.397125e-01 2.435288e-01 2.473676e-01 2.627471e-01 2.813990e-01 2.871906e-01 2.974664e-01 2.991538e-01 3.096306e-01 3.133182e-01 3.251952e-01 3.737962e-01 4.318028e-01 4.392692e-01 4.770208e-01 6.047318e-01 6.293645e-01 7.962926e-01 8.163273e-01 9.242617e-01 
57 571 1.255343e-02 9.227869e-01 7.956203e-02 7.956203e-02 1.341232e-01 1.466359e-01 1.504202e-01 2.005063e-01 2.137625e-01 2.291618e-01 2.347664e-01 2.392393e-01 2.429592e-01 2.469709e-01 2.626411e-01 2.813362e-01 2.870388e-01 2.972061e-01 2.990809e-01 3.093038e-01 3.142441e-01 3.256846e-01 3.731199e-01 4.313426e-01 4.383841e-01 4.786621e-01 6.051732e-01 6.279258e-01 7.959549e-01 8.171636e-01 9.227869e-01 
58 581 1.276500e-02 9.222491e-01 7.951031e-02 7.951031e-02 1.338434e-01 1.464682e-01 1.503505e-01 2.005768e-01 2.141283e-01 2.292002e-01 2.349746e-01 2.388796e-01 2.424753e-01 2.469463e-01 2.623604e-01 2.810946e-01 2.866892e-01 2.973997e-01 2.992025e-01 3.099991e-01 3.153137e-01 3.256562e-01 3.726001e-01 4.309809e-01 4.376965e-01 4.797338e-01 6.050988e-01 6.268597e-01 7.943607e-01 8.154279e-01 9.222491e-01 
59 591 1.269978e-02 9.201401e-01 7.936672e-02 7.936672e-02 1.337020e-01 1.462058e-01 1.501705e-01 2.005312e-01 2.147893e-01 2.289189e-01 2.346038e-01 2.385278e-01 2.419077e-01 2.475783e-01 2.620383e-01 2.810126e-01 2.860897e-01 2.966106e-01 2.987983e-01 3.105393e-01 3.156130e-01 3.266533e-01 3.721842e-01 4.303059e-01 4.372142e-01 4.804911e-01 6.037082e-01 6.254837e-01 7.934790e-01 8.136034e-01 9.201401e-01 
60 601 1.276588e-02 9.188694e-01 7.927074e-02 7.927074e-02 1.334321e-01 1.459987e-01 1.500611e-01 2.002349e-01 2.148134e-01 2.285376e-01 2.343291e-01 2.382031e-01 2.419037e-01 2.475746e-01 2.624385e-01 2.805984e-01 2.861376e-01 2.959975e-01 2.981603e-01 3.118583e-01 3.162972e-01 3.288558e-01 3.715818e-01 4.305166e-01 4.364792e-01 4.813022e-01 6.046655e-01 6.241609e-01 7.929734e-01 8.120238e-01 9.188694e-01 
61 611 1.282390e-02 9.168281e-01 7.947114e-02 7.947114e-02 1.330996e-01 1.457147e-01 1.499595e-01 1.998642e-01 2.145091e-01 2.279699e-01 2.341404e-01 2.380498e-01 2.414284e-01 2.473380e-01 2.623248e-01 2.800318e-01 2.872067e-01 2.957488e-01 2.979024e-01 3.115761e-01 3.198603e-01 3.300435e-01 3.714044e-01 4.313270e-01 4.370687e-01 4.817973e-01 6.040011e-01 6.234086e-01 7.919650e-01 8.113323e-01 9.168281e-01 
62 621 1.283657e-02 9.146494e-01 7.937586e-02 7.937586e-02 1.327807e-01 1.456217e-01 1.502709e-01 1.999022e-01 2.146423e-01 2.288300e-01 2.337502e-01 2.376246e-01 2.408313e-01 2.473167e-01 2.619647e-01 2.799325e-01 2.876063e-01 2.951191e-01 2.973014e-01 3.110769e-01 3.198615e-01 3.321894e-01 3.711928e-01 4.304111e-01 4.363802e-01 4.817321e-01 6.030622e-01 6.227879e-01 7.924664e-01 8.119698e-01 9.146494e-01 
63 631 1.293566e-02 9.125601e-01 7.930160e-02 7.930160e-02 1.327230e-01 1.454123e-01 1.505506e-01 1.999165e-01 2.148270e-01 2.288942e-01 2.334489e-01 2.372793e-01 2.403283e-01 2.468771e-01 2.614851e-01 2.792452e-01 2.877535e-01 2.948287e-01 2.972382e-01 3.103608e-01 3.196394e-01 3.330109e-01 3.709425e-01 4.295481e-01 4.359377e-01 4.818400e-01 6.051007e-01 6.233075e-01 7.953883e-01 8.118583e-01 9.125601e-01 
64 641 1.305138e-02 9.103248e-01 7.929011e-02 7.929011e-02 1.326007e-01 1.451076e-01 1.509151e-01 2.002345e-01 2.153124e-01 2.291151e-01 2.346109e-01 2.374154e-01 2.404684e-01 2.468584e-01 2.610352e-01 2.788989e-01 2.879513e-01 2.941165e-01 2.973151e-01 3.098370e-01 3.202269e-01 3.337177e-01 3.704238e-01 4.287216e-01 4.355228e-01 4.824336e-01 6.043537e-01 6.229481e-01 7.945280e-01 8.132809e-01 9.103248e-01 
65 651 1.303463e-02 9.085042e-01 7.911822e-02 7.911822e-02 1.323216e-01 1.450181e-01 1.508880e-01 1.998845e-01 2.155708e-01 2.288537e-01 2.350124e-01 2.372472e-01 2.401255e-01 2.462616e-01 2.605157e-01 2.787771e-01 2.879698e-01 2.934293e-01 2.967372e-01 3.098681e-01 3.210714e-01 3.340671e-01 3.700185e-01 4.281431e-01 4.349671e-01 4.813776e-01 6.036546e-01 6.220728e-01 7.963386e-01 8.148961e-01 9.085042e-01 
66 661 1.260178e-02 9.070705e-01 7.903321e-02 7.903321e-02 1.320227e-01 1.447966e-01 1.510530e-01 1.999794e-01 2.155201e-01 2.285797e-01 2.347364e-01 2.369932e-01 2.395891e-01 2.460323e-01 2.618260e-01 2.787405e-01 2.874107e-01 2.927564e-01 2.967960e-01 3.098334e-01 3.208623e-01 3.342721e-01 3.694430e-01 4.281617e-01 4.371587e-01 4.809106e-01 6.026720e-01 6.216056e-01 7.960812e-01 8.170446e-01 9.070705e-01 
67 671 1.212239e-02 9.048496e-01 7.890513e-02 7.890513e-02 1.317898e-01 1.445453e-01 1.506905e-01 1.996610e-01 2.154560e-01 2.281096e-01 2.342831e-01 2.365877e-01 2.397187e-01 2.464535e-01 2.615391e-01 2.782331e-01 2.869371e-01 2.921389e-01 2.965357e-01 3.096973e-01 3.203685e-01 3.346411e-01 3.688226e-01 4.274719e-01 4.369039e-01 4.798956e-01 6.011282e-01 6.203619e-01 7.948272e-01 8.187820e-01 9.048496e-01 
68 681 1.186321e-02 9.037763e-01 7.883749e-02 7.883749e-02 1.315373e-01 1.442644e-01 1.504944e-01 1.993344e-01 2.153919e-01 2.277317e-01 2.339214e-01 2.365825e-01 2.392132e-01 2.467578e-01 2.621276e-01 2.779270e-01 2.877552e-01 2.919178e-01 2.963788e-01 3.098593e-01 3.197767e-01 3.349908e-01 3.684914e-01 4.269538e-01 4.363160e-01 4.789387e-01 6.000829e-01 6.201744e-01 7.951434e-01 8.174560e-01 9.037763e-01 
69 691 1.158964e-02 9.021507e-01 7.871253e-02 7.871253e-02 1.312039e-01 1.440149e-01 1.502548e-01 1.989715e-01 2.153946e-01 2.274566e-01 2.336006e-01 2.364031e-01 2.390575e-01 2.472560e-01 2.621054e-01 2.775958e-01 2.877573e-01 2.922888e-01 2.958634e-01 3.095023e-01 3.192196e-01 3.346718e-01 3.677256e-01 4.262279e-01 4.354989e-01 4.802981e-01 5.995198e-01 6.190618e-01 7.949196e-01 8.169904e-01 9.021507e-01 
70 701 1.125301e-02 9.009144e-01 7.853872e-02 7.853872e-02 1.311444e-01 1.437832e-01 1.502801e-01 1.986728e-01 2.155015e-01 2.270236e-01 2.334251e-01 2.358108e-01 2.389257e-01 2.485783e-01 2.622896e-01 2.771147e-01 2.872067e-01 2.921099e-01 2.953609e-01 3.091357e-01 3.185160e-01 3.343078e-01 3.676733e-01 4.253614e-01 4.347974e-01 4.799897e-01 5.988791e-01 6.176752e-01 7.947963e-01 8.156093e-01 9.009144e-01 
71 711 1.094940e-02 8.993981e-01 7.852180e-02 7.852180e-02 1.309821e-01 1.437452e-01 1.500375e-01 1.987978e-01 2.155216e-01 2.265472e-01 2.335013e-01 2.352806e-01 2.385200e-01 2.487365e-01 2.628077e-01 2.767713e-01 2.866493e-01 2.913563e-01 2.948677e-01 3.088317e-01 3.177007e-01 3.336775e-01 3.678223e-01 4.250312e-01 4.338831e-01 4.793739e-01 5.989991e-01 6.162013e-01 7.930965e-01 8.161658e-01 8.993981e-01 
72 721 1.065762e-02 8.971474e-01 7.855115e-02 7.855115e-02 1.309474e-01 1.434660e-01 1.497750e-01 1.987489e-01 2.157347e-01 2.262652e-01 2.332378e-01 2.359130e-01 2.379739e-01 2.489477e-01 2.637845e-01 2.762951e-01 2.859038e-01 2.912510e-01 2.945946e-01 3.083314e-01 3.173954e-01 3.332296e-01 3.675377e-01 4.245532e-01 4.330628e-01 4.781921e-01 5.980967e-01 6.155102e-01 7.928283e-01 8.150910e-01 8.971474e-01 
73 731 1.030168e-02 8.950434e-01 7.885037e-02 7.885037e-02 1.306934e-01 1.434983e-01 1.496041e-01 1.990306e-01 2.155589e-01 2.258978e-01 2.327542e-01 2.356835e-01 2.387306e-01 2.486289e-01 2.640648e-01 2.757410e-01 2.851973e-01 2.907461e-01 2.939694e-01 3.083879e-01 3.167222e-01 3.324297e-01 3.673369e-01 4.238560e-01 4.327860e-01 4.774501e-01 5.985008e-01 6.176772e-01 7.922258e-01 8.144888e-01 8.950434e-01 
74 741 1.002626e-02 8.948358e-01 7.876135e-02 7.876135e-02 1.304680e-01 1.433150e-01 1.493868e-01 1.988467e-01 2.153624e-01 2.261546e-01 2.322187e-01 2.353464e-01 2.383137e-01 2.487742e-01 2.647546e-01 2.751789e-01 2.853134e-01 2.900913e-01 2.931774e-01 3.082051e-01 3.165827e-01 3.323056e-01 3.675755e-01 4.227846e-01 4.331259e-01 4.767935e-01 5.983438e-01 6.161015e-01 7.929119e-01 8.128481e-01 8.948358e-01 
75 751 9.636934e-03 8.929166e-01 7.858995e-02 7.858995e-02 1.303764e-01 1.432276e-01 1.490899e-01 1.989068e-01 2.148505e-01 2.256713e-01 2.316363e-01 2.352551e-01 2.381000e-01 2.485292e-01 2.650454e-01 2.750557e-01 2.846189e-01 2.896460e-01 2.931863e-01 3.076227e-01 3.164780e-01 3.318614e-01 3.673380e-01 4.219118e-01 4.334766e-01 4.758730e-01 5.976349e-01 6.157662e-01 7.916045e-01 8.118612e-01 8.929166e-01 
76 761 9.115834e-03 8.909875e-01 7.843394e-02 7.843394e-02 1.302022e-01 1.429473e-01 1.490215e-01 1.986885e-01 2.143720e-01 2.257325e-01 2.310920e-01 2.353455e-01 2.378944e-01 2.481426e-01 2.649679e-01 2.743954e-01 2.841387e-01 2.891685e-01 2.927570e-01 3.078195e-01 3.158581e-01 3.315101e-01 3.667968e-01 4.208381e-01 4.332355e-01 4.752500e-01 5.982133e-01 6.150152e-01 7.912178e-01 8.103914e-01 8.909875e-01 
77 771 8.704777e-03 8.896729e-01 7.826579e-02 7.826579e-02 1.299107e-01 1.427932e-01 1.489426e-01 1.985789e-01 2.138982e-01 2.257373e-01 2.310588e-01 2.351834e-01 2.373648e-01 2.477473e-01 2.645146e-01 2.742364e-01 2.840544e-01 2.888232e-01 2.937786e-01 3.075366e-01 3.156179e-01 3.313514e-01 3.659691e-01 4.201633e-01 4.325834e-01 4.742592e-01 5.986663e-01 6.144533e-01 7.897728e-01 8.098930e-01 8.896729e-01 
78 781 8.554706e-03 8.878184e-01 7.808676e-02 7.808676e-02 1.295755e-01 1.439938e-01 1.486115e-01 1.994160e-01 2.138931e-01 2.257740e-01 2.310767e-01 2.348951e-01 2.371716e-01 2.475266e-01 2.655422e-01 2.737015e-01 2.839224e-01 2.886534e-01 2.938479e-01 3.073246e-01 3.148071e-01 3.307457e-01 3.664771e-01 4.192021e-01 4.323368e-01 4.748977e-01 5.981533e-01 6.139536e-01 7.878163e-01 8.119090e-01 8.878184e-01 
79 791 8.286104e-03 8.861549e-01 7.791286e-02 7.791286e-02 1.295317e-01 1.441706e-01 1.487884e-01 1.993074e-01 2.139190e-01 2.254390e-01 2.305683e-01 2.345584e-01 2.366006e-01 2.477690e-01 2.653029e-01 2.732890e-01 2.837122e-01 2.884122e-01 2.937361e-01 3.077230e-01 3.142700e-01 3.305480e-01 3.662817e-01 4.183636e-01 4.317181e-01 4.745476e-01 5.976719e-01 6.132274e-01 7.866265e-01 8.151720e-01 8.861549e-01 
80 801 8.119555e-03 8.839768e-01 7.829043e-02 7.829043e-02 1.292589e-01 1.439636e-01 1.486302e-01 1.994030e-01 2.139401e-01 2.254350e-01 2.301272e-01 2.340284e-01 2.365743e-01 2.476415e-01 2.653793e-01 2.732301e-01 2.835425e-01 2.882520e-01 2.934306e-01 3.074080e-01 3.152287e-01 3.308582e-01 3.658060e-01 4.177764e-01 4.313938e-01 4.739037e-01 5.991407e-01 6.125060e-01 7.865396e-01 8.172249e-01 8.839768e-01 
81 811 8.116259e-03 8.816525e-01 7.833929e-02 7.833929e-02 1.289452e-01 1.436523e-01 1.488652e-01 1.990584e-01 2.137025e-01 2.252727e-01 2.297687e-01 2.338656e-01 2.362404e-01 2.471819e-01 2.659916e-01 2.725601e-01 2.835918e-01 2.895106e-01 2.942289e-01 3.089036e-01 3.146746e-01 3.311293e-01 3.655622e-01 4.176121e-01 4.303063e-01 4.728362e-01 5.981565e-01 6.129860e-01 7.866342e-01 8.175504e-01 8.816525e-01 
82 821 7.996233e-03 8.794588e-01 7.844576e-02 7.844576e-02 1.286819e-01 1.436063e-01 1.488793e-01 1.995582e-01 2.132376e-01 2.248857e-01 2.297228e-01 2.338913e-01 2.361088e-01 2.465769e-01 2.657658e-01 2.719677e-01 2.838829e-01 2.892542e-01 2.938812e-01 3.088665e-01 3.146885e-01 3.308501e-01 3.646410e-01 4.171130e-01 4.293872e-01 4.721287e-01 5.970396e-01 6.132548e-01 7.856329e-01 8.179055e-01 8.794588e-01 
83 831 7.789559e-03 8.770963e-01 7.833731e-02 7.833731e-02 1.285387e-01 1.434169e-01 1.488043e-01 1.993946e-01 2.137261e-01 2.245648e-01 2.294014e-01 2.342024e-01 2.358992e-01 2.459664e-01 2.653221e-01 2.718281e-01 2.835198e-01 2.892043e-01 2.939297e-01 3.089227e-01 3.143624e-01 3.303123e-01 3.638245e-01 4.170223e-01 4.286368e-01 4.721629e-01 5.958612e-01 6.135822e-01 7.848466e-01 8.177378e-01 8.770963e-01 
84 841 7.610471e-03 8.751350e-01 7.821579e-02 7.821579e-02 1.284721e-01 1.435561e-01 1.488606e-01 1.992426e-01 2.145181e-01 2.246823e-01 2.294371e-01 2.347919e-01 2.360219e-01 2.458237e-01 2.650690e-01 2.712107e-01 2.829036e-01 2.889749e-01 2.932207e-01 3.092193e-01 3.139326e-01 3.296865e-01 3.638293e-01 4.167240e-01 4.283300e-01 4.722693e-01 5.946238e-01 6.124842e-01 7.834214e-01 8.162660e-01 8.751350e-01 
85 851 7.401941e-03 8.731282e-01 7.815083e-02 7.815083e-02 1.284786e-01 1.433177e-01 1.493975e-01 1.989779e-01 2.142107e-01 2.242309e-01 2.291348e-01 2.346390e-01 2.356935e-01 2.456601e-01 2.648403e-01 2.708010e-01 2.823858e-01 2.886294e-01 2.928953e-01 3.089344e-01 3.143644e-01 3.292543e-01 3.630810e-01 4.167006e-01 4.281670e-01 4.720328e-01 5.941377e-01 6.133174e-01 7.821040e-01 8.145158e-01 8.731282e-01 
86 861 7.190466e-03 8.736648e-01 7.802840e-02 7.802840e-02 1.282100e-01 1.431706e-01 1.496005e-01 1.989510e-01 2.136522e-01 2.240780e-01 2.288559e-01 2.341785e-01 2.355494e-01 2.452918e-01 2.643917e-01 2.701123e-01 2.829920e-01 2.888290e-01 2.923051e-01 3.089201e-01 3.137944e-01 3.288038e-01 3.632333e-01 4.160483e-01 4.276789e-01 4.711675e-01 5.935707e-01 6.138322e-01 7.803786e-01 8.131967e-01 8.736648e-01 
87 871 6.965572e-03 8.731439e-01 7.791420e-02 7.791420e-02 1.279976e-01 1.429211e-01 1.499024e-01 1.985332e-01 2.134228e-01 2.236066e-01 2.286163e-01 2.338268e-01 2.353650e-01 2.453227e-01 2.642055e-01 2.696008e-01 2.825619e-01 2.882871e-01 2.916854e-01 3.088326e-01 3.132841e-01 3.282757e-01 3.624817e-01 4.167710e-01 4.270052e-01 4.705581e-01 5.925522e-01 6.147347e-01 7.793123e-01 8.125940e-01 8.731439e-01 
88 881 6.781921e-03 8.754899e-01 7.790314e-02 7.790314e-02 1.278395e-01 1.428104e-01 1.500267e-01 1.981586e-01 2.129878e-01 2.232653e-01 2.285485e-01 2.335761e-01 2.358838e-01 2.451776e-01 2.636730e-01 2.689324e-01 2.830760e-01 2.886323e-01 2.910026e-01 3.089670e-01 3.127822e-01 3.279435e-01 3.624887e-01 4.160232e-01 4.261074e-01 4.716652e-01 5.914916e-01 6.152858e-01 7.787239e-01 8.116902e-01 8.754899e-01 
89 891 6.636274e-03 8.742168e-01 7.770804e-02 7.770804e-02 1.276444e-01 1.424839e-01 1.506985e-01 1.979957e-01 2.126726e-01 2.229062e-01 2.279952e-01 2.335949e-01 2.356519e-01 2.446152e-01 2.629917e-01 2.690441e-01 2.826325e-01 2.895918e-01 2.906917e-01 3.094478e-01 3.122554e-01 3.273649e-01 3.622247e-01 4.151781e-01 4.252683e-01 4.712176e-01 5.900601e-01 6.149948e-01 7.776544e-01 8.105005e-01 8.742168e-01 
90 901 6.468638e-03 8.726912e-01 7.761013e-02 7.761013e-02 1.279352e-01 1.423374e-01 1.513330e-01 1.975371e-01 2.124758e-01 2.225118e-01 2.278814e-01 2.333924e-01 2.355231e-01 2.448284e-01 2.625208e-01 2.685447e-01 2.830526e-01 2.894998e-01 2.907904e-01 3.093713e-01 3.116844e-01 3.267847e-01 3.615007e-01 4.145589e-01 4.244028e-01 4.712766e-01 5.899112e-01 6.149800e-01 7.764603e-01 8.111681e-01 8.726912e-01 
91 911 6.181900e-03 8.712080e-01 7.746421e-02 7.746421e-02 1.276449e-01 1.420829e-01 1.511445e-01 1.971203e-01 2.121320e-01 2.220900e-01 2.273979e-01 2.328903e-01 2.353291e-01 2.447614e-01 2.621753e-01 2.679016e-01 2.829669e-01 2.889635e-01 2.907067e-01 3.089369e-01 3.111122e-01 3.261668e-01 3.612598e-01 4.137793e-01 4.235118e-01 4.707971e-01 5.887439e-01 6.175298e-01 7.762216e-01 8.094803e-01 8.712080e-01 
92 921 5.902776e-03 8.694613e-01 7.731975e-02 7.731975e-02 1.276674e-01 1.418002e-01 1.510081e-01 1.970918e-01 2.121163e-01 2.216002e-01 2.271002e-01 2.324244e-01 2.350188e-01 2.443414e-01 2.623661e-01 2.677880e-01 2.824318e-01 2.883999e-01 2.903307e-01 3.082568e-01 3.103824e-01 3.254681e-01 3.605323e-01 4.130932e-01 4.261776e-01 4.707369e-01 5.871440e-01 6.174138e-01 7.761948e-01 8.080146e-01 8.694613e-01 
93 931 5.704592e-03 8.676767e-01 7.720637e-02 7.720637e-02 1.275390e-01 1.420321e-01 1.507772e-01 1.967099e-01 2.120112e-01 2.213178e-01 2.266037e-01 2.323054e-01 2.347111e-01 2.440679e-01 2.622756e-01 2.674183e-01 2.819406e-01 2.883974e-01 2.903061e-01 3.075067e-01 3.102174e-01 3.247332e-01 3.597320e-01 4.122143e-01 4.261656e-01 4.709102e-01 5.884170e-01 6.168898e-01 7.770559e-01 8.076005e-01 8.676767e-01 
94 941 5.536407e-03 8.665860e-01 7.712639e-02 7.712639e-02 1.279792e-01 1.422541e-01 1.507371e-01 1.969519e-01 2.118392e-01 2.208454e-01 2.272944e-01 2.320895e-01 2.345440e-01 2.439143e-01 2.617209e-01 2.669080e-01 2.819430e-01 2.885851e-01 2.900525e-01 3.070245e-01 3.106433e-01 3.244008e-01 3.590985e-01 4.114499e-01 4.260932e-01 4.704876e-01 5.873999e-01 6.155020e-01 7.768460e-01 8.064128e-01 8.665860e-01 
95 951 5.325075e-03 8.644735e-01 7.693481e-02 7.693481e-02 1.277758e-01 1.422585e-01 1.504476e-01 1.966540e-01 2.117552e-01 2.210453e-01 2.269308e-01 2.317776e-01 2.344791e-01 2.436716e-01 2.611172e-01 2.673742e-01 2.821969e-01 2.884069e-01 2.896736e-01 3.068508e-01 3.101353e-01 3.240262e-01 3.595932e-01 4.105598e-01 4.254111e-01 4.697403e-01 5.865643e-01 6.143302e-01 7.763978e-01 8.073548e-01 8.644735e-01 
96 961 5.070511e-03 8.635666e-01 7.696294e-02 7.696294e-02 1.276875e-01 1.422063e-01 1.505927e-01 1.962871e-01 2.115448e-01 2.209845e-01 2.264378e-01 2.312415e-01 2.342278e-01 2.433358e-01 2.606952e-01 2.669038e-01 2.824001e-01 2.878655e-01 2.892285e-01 3.063841e-01 3.098319e-01 3.233639e-01 3.597452e-01 4.099935e-01 4.247040e-01 4.690752e-01 5.852850e-01 6.140643e-01 7.757111e-01 8.056653e-01 8.635666e-01 
97 971 4.976471e-03 8.629812e-01 7.679942e-02 7.679942e-02 1.274818e-01 1.424045e-01 1.504137e-01 1.961844e-01 2.112983e-01 2.206072e-01 2.259467e-01 2.309234e-01 2.338926e-01 2.430338e-01 2.602461e-01 2.662916e-01 2.820527e-01 2.874135e-01 2.886283e-01 3.061899e-01 3.094341e-01 3.226912e-01 3.609227e-01 4.125143e-01 4.247989e-01 4.680068e-01 5.850715e-01 6.142554e-01 7.764031e-01 8.056004e-01 8.629812e-01 
98 981 4.948653e-03 8.610042e-01 7.672730e-02 7.672730e-02 1.271661e-01 1.421936e-01 1.501906e-01 1.963540e-01 2.110466e-01 2.204106e-01 2.254873e-01 2.312925e-01 2.335522e-01 2.429365e-01 2.609894e-01 2.662572e-01 2.816683e-01 2.871293e-01 2.881817e-01 3.063134e-01 3.088194e-01 3.224672e-01 3.623672e-01 4.143419e-01 4.254206e-01 4.669409e-01 5.841194e-01 6.156037e-01 7.759344e-01 8.043703e-01 8.610042e-01 
99 991 4.883118e-03 8.601198e-01 7.655235e-02 7.655235e-02 1.272211e-01 1.420420e-01 1.500146e-01 1.959117e-01 2.107727e-01 2.202982e-01 2.250341e-01 2.309125e-01 2.333123e-01 2.425528e-01 2.610557e-01 2.670892e-01 2.813115e-01 2.864755e-01 2.878034e-01 3.061158e-01 3.098984e-01 3.218464e-01 3.641645e-01 4.154371e-01 4.279197e-01 4.677457e-01 5.829652e-01 6.161992e-01 7.743561e-01 8.028495e-01 8.601198e-01 
100 1001 4.838990e-03 8.581605e-01 7.635944e-02 7.635944e-02 1.270426e-01 1.420255e-01 1.498733e-01 1.958807e-01 2.102776e-01 2.197919e-01 2.247127e-01 2.306883e-01 2.329624e-01 2.434116e-01 2.608610e-01 2.669912e-01 2.809072e-01 2.862058e-01 2.876013e-01 3.056442e-01 3.098861e-01 3.212913e-01 3.653461e-01 4.158026e-01 4.286180e-01 4.687290e-01 5.814627e-01 6.163292e-01 7.739034e-01 8.015745e-01 8.581605e-01 
101 1011 4.801634e-03 8.606415e-01 7.627542e-02 7.627542e-02 1.267865e-01 1.419991e-01 1.497156e-01 1.956444e-01 2.100579e-01 2.194783e-01 2.249283e-01 2.308528e-01 2.325618e-01 2.433095e-01 2.606861e-01 2.663496e-01 2.806794e-01 2.859218e-01 2.876808e-01 3.048828e-01 3.109357e-01 3.206608e-01 3.662743e-01 4.155918e-01 4.297261e-01 4.697586e-01 5.807259e-01 6.158660e-01 7.746570e-01 8.019396e-01 8.606415e-01 
102 1021 4.773142e-03 8.597157e-01 7.617703e-02 7.617703e-02 1.265464e-01 1.417466e-01 1.495474e-01 1.951873e-01 2.097706e-01 2.191131e-01 2.251694e-01 2.306782e-01 2.321095e-01 2.433818e-01 2.608393e-01 2.663496e-01 2.805359e-01 2.857940e-01 2.869764e-01 3.043554e-01 3.119821e-01 3.199556e-01 3.661931e-01 4.159365e-01 4.314654e-01 4.689709e-01 5.798185e-01 6.155598e-01 7.736237e-01 8.026350e-01 8.597157e-01 
103 1031 4.703183e-03 8.597475e-01 7.600470e-02 7.600470e-02 1.268037e-01 1.414918e-01 1.492324e-01 1.949578e-01 2.096516e-01 2.187413e-01 2.248047e-01 2.305747e-01 2.318896e-01 2.429725e-01 2.608331e-01 2.659827e-01 2.802278e-01 2.855437e-01 2.868437e-01 3.037594e-01 3.122998e-01 3.195369e-01 3.679008e-01 4.155971e-01 4.311797e-01 4.685201e-01 5.790616e-01 6.149179e-01 7.717620e-01 8.009883e-01 8.597475e-01 
104 1041 4.596255e-03 8.596738e-01 7.591140e-02 7.591140e-02 1.266563e-01 1.412223e-01 1.491640e-01 1.945139e-01 2.092182e-01 2.186558e-01 2.246456e-01 2.301939e-01 2.314374e-01 2.426931e-01 2.606506e-01 2.656537e-01 2.798876e-01 2.867025e-01 2.871526e-01 3.033715e-01 3.132070e-01 3.193045e-01 3.686053e-01 4.160297e-01 4.308200e-01 4.676849e-01 5.778654e-01 6.153491e-01 7.702774e-01 7.995690e-01 8.596738e-01 
105 1051 4.546683e-03 8.586172e-01 7.576100e-02 7.576100e-02 1.264752e-01 1.409488e-01 1.488570e-01 1.940034e-01 2.086983e-01 2.183323e-01 2.243155e-01 2.304194e-01 2.312796e-01 2.430884e-01 2.603449e-01 2.651672e-01 2.793126e-01 2.859906e-01 2.883527e-01 3.029648e-01 3.138384e-01 3.197426e-01 3.696219e-01 4.151092e-01 4.299576e-01 4.669028e-01 5.793646e-01 6.150109e-01 7.684778e-01 7.987665e-01 8.586172e-01 
106 1061 4.551864e-03 8.572333e-01 7.590899e-02 7.590899e-02 1.263983e-01 1.414322e-01 1.486276e-01 1.938145e-01 2.090511e-01 2.182873e-01 2.237772e-01 2.304541e-01 2.317126e-01 2.426745e-01 2.599294e-01 2.646205e-01 2.791801e-01 2.858625e-01 2.885019e-01 3.022322e-01 3.159867e-01 3.204059e-01 3.706158e-01 4.144045e-01 4.293711e-01 4.658043e-01 5.784160e-01 6.142129e-01 7.675194e-01 7.976416e-01 8.572333e-01 
107 1071 4.546800e-03 8.551562e-01 7.586825e-02 7.586825e-02 1.261576e-01 1.413034e-01 1.486121e-01 1.936571e-01 2.088693e-01 2.188634e-01 2.242490e-01 2.302592e-01 2.313383e-01 2.429626e-01 2.602201e-01 2.639488e-01 2.789496e-01 2.852375e-01 2.879916e-01 3.023731e-01 3.157628e-01 3.206907e-01 3.721082e-01 4.157954e-01 4.286123e-01 4.652191e-01 5.777087e-01 6.125875e-01 7.663868e-01 7.960581e-01 8.551562e-01 
108 1081 4.527762e-03 8.550990e-01 7.598802e-02 7.598802e-02 1.262996e-01 1.412327e-01 1.491206e-01 1.935082e-01 2.085686e-01 2.190935e-01 2.239280e-01 2.306833e-01 2.313096e-01 2.429827e-01 2.596986e-01 2.635701e-01 2.790270e-01 2.853638e-01 2.881130e-01 3.020027e-01 3.151715e-01 3.206709e-01 3.726702e-01 4.151421e-01 4.275578e-01 4.644637e-01 5.771606e-01 6.116586e-01 7.663831e-01 7.974115e-01 8.550990e-01 
109 1091 4.536470e-03 8.533199e-01 7.667269e-02 7.667269e-02 1.261822e-01 1.411763e-01 1.490422e-01 1.932605e-01 2.081587e-01 2.186524e-01 2.237375e-01 2.307733e-01 2.312154e-01 2.432630e-01 2.593348e-01 2.641065e-01 2.787116e-01 2.848831e-01 2.878710e-01 3.018694e-01 3.147306e-01 3.201631e-01 3.740553e-01 4.147470e-01 4.268008e-01 4.667948e-01 5.757429e-01 6.106553e-01 7.650339e-01 8.000133e-01 8.533199e-01 
110 1101 4.594143e-03 8.517670e-01 7.693595e-02 7.693595e-02 1.269473e-01 1.412351e-01 1.488456e-01 1.933690e-01 2.082328e-01 2.190367e-01 2.234097e-01 2.309531e-01 2.311852e-01 2.427618e-01 2.588408e-01 2.649740e-01 2.781968e-01 2.846692e-01 2.876877e-01 3.021770e-01 3.140347e-01 3.206519e-01 3.743783e-01 4.140074e-01 4.262309e-01 4.663263e-01 5.745786e-01 6.103784e-01 7.641846e-01 8.016087e-01 8.517670e-01 
111 1111 4.626248e-03 8.497446e-01 7.690215e-02 7.690215e-02 1.270071e-01 1.411453e-01 1.485647e-01 1.945741e-01 2.083020e-01 2.193605e-01 2.230343e-01 2.304857e-01 2.309838e-01 2.422410e-01 2.584943e-01 2.652692e-01 2.778713e-01 2.849180e-01 2.874759e-01 3.019756e-01 3.134217e-01 3.205806e-01 3.747323e-01 4.141928e-01 4.260711e-01 4.654512e-01 5.739261e-01 6.095245e-01 7.636565e-01 8.045157e-01 8.497446e-01 
112 1121 4.649892e-03 8.478367e-01 7.675863e-02 7.675863e-02 1.269398e-01 1.410532e-01 1.482840e-01 1.946374e-01 2.083366e-01 2.200786e-01 2.229717e-01 2.301426e-01 2.309976e-01 2.416899e-01 2.582583e-01 2.649660e-01 2.774849e-01 2.843818e-01 2.876952e-01 3.013135e-01 3.136343e-01 3.200572e-01 3.745579e-01 4.139932e-01 4.256893e-01 4.652707e-01 5.745086e-01 6.100365e-01 7.648686e-01 8.050445e-01 8.478367e-01 
113 1131 4.679642e-03 8.469128e-01 7.666109e-02 7.666109e-02 1.269021e-01 1.409900e-01 1.486447e-01 1.945518e-01 2.079747e-01 2.200978e-01 2.254292e-01 2.304161e-01 2.312445e-01 2.411538e-01 2.577485e-01 2.645155e-01 2.768009e-01 2.838406e-01 2.887847e-01 3.008090e-01 3.135213e-01 3.201192e-01 3.750596e-01 4.137094e-01 4.248808e-01 4.644993e-01 5.740658e-01 6.113115e-01 7.655469e-01 8.075648e-01 8.469128e-01 
114 1141 4.724584e-03 8.449068e-01 7.650727e-02 7.650727e-02 1.265947e-01 1.415567e-01 1.489097e-01 1.948891e-01 2.078148e-01 2.198899e-01 2.255454e-01 2.300312e-01 2.314071e-01 2.407954e-01 2.576849e-01 2.640127e-01 2.764427e-01 2.851264e-01 2.884777e-01 3.001767e-01 3.146082e-01 3.201485e-01 3.754642e-01 4.130338e-01 4.249638e-01 4.635047e-01 5.729311e-01 6.097862e-01 7.686963e-01 8.067243e-01 8.449068e-01 
115 1151 4.668313e-03 8.430711e-01 7.637666e-02 7.637666e-02 1.264123e-01 1.416198e-01 1.487597e-01 1.948574e-01 2.080262e-01 2.197056e-01 2.253089e-01 2.303711e-01 2.309643e-01 2.415312e-01 2.576977e-01 2.635601e-01 2.767599e-01 2.847565e-01 2.879685e-01 3.001204e-01 3.144128e-01 3.198173e-01 3.750561e-01 4.128432e-01 4.253888e-01 4.635676e-01 5.739244e-01 6.086590e-01 7.715712e-01 8.056181e-01 8.430711e-01 
116 1161 4.609287e-03 8.412027e-01 7.633667e-02 7.633667e-02 1.261131e-01 1.413747e-01 1.487566e-01 1.944201e-01 2.078138e-01 2.200001e-01 2.253037e-01 2.299550e-01 2.309970e-01 2.425684e-01 2.581778e-01 2.629864e-01 2.764335e-01 2.843188e-01 2.883901e-01 2.995818e-01 3.137351e-01 3.198759e-01 3.743309e-01 4.130102e-01 4.258276e-01 4.639125e-01 5.730935e-01 6.090661e-01 7.720537e-01 8.048099e-01 8.412027e-01 
117 1171 4.509253e-03 8.389230e-01 7.617892e-02 7.617892e-02 1.259700e-01 1.410294e-01 1.485281e-01 1.947856e-01 2.076092e-01 2.199638e-01 2.253088e-01 2.293810e-01 2.305210e-01 2.424821e-01 2.582395e-01 2.632984e-01 2.762131e-01 2.841306e-01 2.889334e-01 2.989574e-01 3.130076e-01 3.194639e-01 3.738467e-01 4.120359e-01 4.268098e-01 4.641171e-01 5.726503e-01 6.101383e-01 7.717403e-01 8.029605e-01 8.389230e-01 
118 1181 4.479118e-03 8.374107e-01 7.637583e-02 7.637583e-02 1.259253e-01 1.411642e-01 1.484860e-01 1.945369e-01 2.072071e-01 2.197497e-01 2.251652e-01 2.290100e-01 2.301915e-01 2.426082e-01 2.578575e-01 2.628568e-01 2.757669e-01 2.835378e-01 2.894217e-01 2.982513e-01 3.128617e-01 3.194277e-01 3.733534e-01 4.115253e-01 4.289500e-01 4.630894e-01 5.725674e-01 6.117518e-01 7.711644e-01 8.026128e-01 8.374107e-01 
119 1191 4.432750e-03 8.361233e-01 7.638297e-02 7.638297e-02 1.259785e-01 1.408721e-01 1.484573e-01 1.943885e-01 2.076798e-01 2.194878e-01 2.248835e-01 2.292784e-01 2.309481e-01 2.423560e-01 2.573944e-01 2.628270e-01 2.758226e-01 2.829754e-01 2.891671e-01 2.975732e-01 3.124562e-01 3.193513e-01 3.744826e-01 4.107868e-01 4.303399e-01 4.618943e-01 5.712555e-01 6.116596e-01 7.705513e-01 8.009387e-01 8.361233e-01 
120 1201 4.428298e-03 8.359121e-01 7.642399e-02 7.642399e-02 1.263093e-01 1.410953e-01 1.481450e-01 1.944669e-01 2.073237e-01 2.195152e-01 2.249634e-01 2.289663e-01 2.311367e-01 2.423423e-01 2.568677e-01 2.627209e-01 2.751133e-01 2.823827e-01 2.885323e-01 2.970070e-01 3.117096e-01 3.187686e-01 3.751009e-01 4.105069e-01 4.322287e-01 4.629496e-01 5.698074e-01 6.116251e-01 7.698907e-01 8.008557e-01 8.359121e-01 
121 1211 4.409435e-03 8.347336e-01 7.639598e-02 7.639598e-02 1.262695e-01 1.408524e-01 1.479513e-01 1.943970e-01 2.074615e-01 2.191598e-01 2.258117e-01 2.285495e-01 2.310205e-01 2.421179e-01 2.562641e-01 2.633122e-01 2.753290e-01 2.818112e-01 2.889828e-01 2.964317e-01 3.110343e-01 3.179535e-01 3.760392e-01 4.111986e-01 4.335510e-01 4.621173e-01 5.684671e-01 6.115196e-01 7.688543e-01 7.996776e-01 8.347336e-01 
122 1221 4.414701e-03 8.333227e-01 7.653576e-02 7.653576e-02 1.261779e-01 1.407163e-01 1.476478e-01 1.944598e-01 2.071060e-01 2.192024e-01 2.253926e-01 2.282138e-01 2.305596e-01 2.418714e-01 2.562130e-01 2.634768e-01 2.749633e-01 2.829492e-01 2.895113e-01 2.961194e-01 3.112561e-01 3.173911e-01 3.774207e-01 4.107172e-01 4.345380e-01 4.617134e-01 5.682167e-01 6.120937e-01 7.687892e-01 7.999737e-01 8.333227e-01 
123 1231 4.421079e-03 8.333849e-01 7.668116e-02 7.668116e-02 1.260586e-01 1.406618e-01 1.474639e-01 1.943357e-01 2.067953e-01 2.192309e-01 2.253056e-01 2.278525e-01 2.303923e-01 2.412565e-01 2.558144e-01 2.640275e-01 2.746230e-01 2.832612e-01 2.892279e-01 2.969138e-01 3.108687e-01 3.175809e-01 3.775513e-01 4.100171e-01 4.356502e-01 4.611847e-01 5.670846e-01 6.138988e-01 7.670263e-01 7.980871e-01 8.333849e-01 
124 1241 4.423472e-03 8.324487e-01 7.708273e-02 7.708273e-02 1.257771e-01 1.403398e-01 1.471874e-01 1.944087e-01 2.063122e-01 2.190807e-01 2.248270e-01 2.273608e-01 2.301266e-01 2.407318e-01 2.553257e-01 2.641101e-01 2.741569e-01 2.829218e-01 2.889800e-01 2.971475e-01 3.103309e-01 3.175351e-01 3.773549e-01 4.097567e-01 4.368507e-01 4.632879e-01 5.658608e-01 6.139508e-01 7.671642e-01 7.979654e-01 8.324487e-01 
125 1251 4.237562e-03 8.307612e-01 7.710684e-02 7.710684e-02 1.256286e-01 1.400748e-01 1.475238e-01 1.940811e-01 2.063156e-01 2.187903e-01 2.243879e-01 2.274213e-01 2.299884e-01 2.401334e-01 2.548237e-01 2.637596e-01 2.735464e-01 2.829631e-01 2.887883e-01 2.970934e-01 3.095455e-01 3.169998e-01 3.766782e-01 4.090332e-01 4.373950e-01 4.635174e-01 5.645266e-01 6.142680e-01 7.680512e-01 7.960321e-01 8.307612e-01 
126 1261 4.125078e-03 8.293521e-01 7.698200e-02 7.698200e-02 1.255545e-01 1.399704e-01 1.472845e-01 1.938355e-01 2.069985e-01 2.186238e-01 2.240841e-01 2.270382e-01 2.302701e-01 2.399062e-01 2.545835e-01 2.633031e-01 2.731262e-01 2.828554e-01 2.882990e-01 2.970463e-01 3.089931e-01 3.163091e-01 3.762265e-01 4.089444e-01 4.393872e-01 4.630642e-01 5.640571e-01 6.155402e-01 7.665172e-01 7.947811e-01 8.293521e-01 
127 1271 3.949081e-03 8.278082e-01 7.685585e-02 7.685585e-02 1.256311e-01 1.400260e-01 1.472087e-01 1.939055e-01 2.066818e-01 2.183339e-01 2.248523e-01 2.269499e-01 2.303107e-01 2.394232e-01 2.539855e-01 2.627160e-01 2.732962e-01 2.832207e-01 2.886280e-01 2.967341e-01 3.087927e-01 3.155566e-01 3.766991e-01 4.083713e-01 4.396847e-01 4.642478e-01 5.625705e-01 6.151415e-01 7.647010e-01 7.943818e-01 8.278082e-01 
128 1281 3.894854e-03 8.276594e-01 7.668789e-02 7.668789e-02 1.259474e-01 1.397437e-01 1.471632e-01 1.937677e-01 2.064129e-01 2.181855e-01 2.248303e-01 2.265555e-01 2.298483e-01 2.402047e-01 2.540074e-01 2.623747e-01 2.726908e-01 2.836367e-01 2.881055e-01 2.962481e-01 3.083044e-01 3.169674e-01 3.759238e-01 4.080972e-01 4.412828e-01 4.644962e-01 5.611422e-01 6.147181e-01 7.628480e-01 7.933796e-01 8.276594e-01 
129 1291 3.744013e-03 8.274809e-01 7.659650e-02 7.659650e-02 1.258622e-01 1.396120e-01 1.471125e-01 1.934523e-01 2.061751e-01 2.176718e-01 2.246055e-01 2.266026e-01 2.295999e-01 2.401714e-01 2.533922e-01 2.625630e-01 2.724566e-01 2.839266e-01 2.875330e-01 2.962792e-01 3.078929e-01 3.168727e-01 3.758435e-01 4.074741e-01 4.407134e-01 4.680870e-01 5.604941e-01 6.133497e-01 7.608616e-01 7.928702e-01 8.274809e-01 
130 1301 3.709401e-03 8.256795e-01 7.645999e-02 7.645999e-02 1.265411e-01 1.399789e-01 1.468155e-01 1.931694e-01 2.057924e-01 2.171634e-01 2.243651e-01 2.270610e-01 2.297060e-01 2.414639e-01 2.535329e-01 2.637933e-01 2.718479e-01 2.841229e-01 2.878030e-01 2.958563e-01 3.073816e-01 3.166014e-01 3.755883e-01 4.064600e-01 4.399195e-01 4.679371e-01 5.603076e-01 6.121688e-01 7.642761e-01 7.915644e-01 8.256795e-01 
131 1311 3.629561e-03 8.243465e-01 7.661852e-02 7.661852e-02 1.266146e-01 1.397741e-01 1.465868e-01 1.927119e-01 2.056348e-01 2.169908e-01 2.239823e-01 2.267076e-01 2.306081e-01 2.415273e-01 2.534171e-01 2.641496e-01 2.716229e-01 2.839302e-01 2.878400e-01 2.958224e-01 3.067660e-01 3.161067e-01 3.753234e-01 4.064128e-01 4.389348e-01 4.670070e-01 5.594929e-01 6.108264e-01 7.628512e-01 7.910563e-01 8.243465e-01 
132 1321 3.634436e-03 8.235554e-01 7.655559e-02 7.655559e-02 1.265129e-01 1.395078e-01 1.468091e-01 1.924607e-01 2.056721e-01 2.167771e-01 2.236400e-01 2.261607e-01 2.314564e-01 2.421710e-01 2.532866e-01 2.652380e-01 2.715587e-01 2.849228e-01 2.875511e-01 2.964967e-01 3.062410e-01 3.160934e-01 3.754768e-01 4.061150e-01 4.379241e-01 4.665244e-01 5.581644e-01 6.099800e-01 7.617670e-01 8.006387e-01 8.235554e-01 
133 1331 3.645619e-03 8.237467e-01 7.642388e-02 7.642388e-02 1.265465e-01 1.393655e-01 1.466904e-01 1.920265e-01 2.053353e-01 2.166225e-01 2.230829e-01 2.258851e-01 2.314981e-01 2.422887e-01 2.528692e-01 2.667844e-01 2.709529e-01 2.844844e-01 2.883323e-01 2.962657e-01 3.055712e-01 3.156112e-01 3.756510e-01 4.056818e-01 4.372279e-01 4.661222e-01 5.570861e-01 6.084312e-01 7.598755e-01 8.008517e-01 8.237467e-01 
134 1341 3.603623e-03 8.223409e-01 7.630090e-02 7.630090e-02 1.264360e-01 1.392989e-01 1.472247e-01 1.919189e-01 2.051435e-01 2.162226e-01 2.230545e-01 2.253226e-01 2.322409e-01 2.420059e-01 2.526127e-01 2.670508e-01 2.706116e-01 2.840331e-01 2.880571e-01 2.961241e-01 3.053112e-01 3.152591e-01 3.756012e-01 4.048815e-01 4.371411e-01 4.652940e-01 5.561881e-01 6.068701e-01 7.596735e-01 8.021905e-01 8.223409e-01 
135 1351 3.604822e-03 8.236074e-01 7.630629e-02 7.630629e-02 1.262653e-01 1.392416e-01 1.473368e-01 1.915506e-01 2.047878e-01 2.161632e-01 2.225170e-01 2.248310e-01 2.330135e-01 2.413656e-01 2.523065e-01 2.671968e-01 2.700121e-01 2.839385e-01 2.884151e-01 2.961106e-01 3.046183e-01 3.147698e-01 3.754631e-01 4.045579e-01 4.383769e-01 4.649123e-01 5.554517e-01 6.054364e-01 7.608477e-01 8.012180e-01 8.236074e-01 
136 1361 3.562658e-03 8.222097e-01 7.616126e-02 7.616126e-02 1.261593e-01 1.393368e-01 1.470908e-01 1.911674e-01 2.044282e-01 2.162353e-01 2.226367e-01 2.247667e-01 2.331483e-01 2.415548e-01 2.522181e-01 2.672185e-01 2.694909e-01 2.840114e-01 2.906312e-01 2.954822e-01 3.043516e-01 3.144933e-01 3.747492e-01 4.040550e-01 4.384227e-01 4.640676e-01 5.541323e-01 6.041849e-01 7.603255e-01 8.013742e-01 8.222097e-01 
137 1371 3.468893e-03 8.208882e-01 7.612115e-02 7.612115e-02 1.261311e-01 1.391510e-01 1.471517e-01 1.908621e-01 2.040707e-01 2.156522e-01 2.223251e-01 2.243595e-01 2.328214e-01 2.413758e-01 2.522752e-01 2.667808e-01 2.692187e-01 2.836230e-01 2.909748e-01 2.963219e-01 3.046985e-01 3.136785e-01 3.745571e-01 4.037781e-01 4.393830e-01 4.630421e-01 5.542725e-01 6.027933e-01 7.629708e-01 8.003897e-01 8.208882e-01 
138 1381 3.395455e-03 8.189915e-01 7.604475e-02 7.604475e-02 1.263776e-01 1.391053e-01 1.468871e-01 1.904873e-01 2.037908e-01 2.160230e-01 2.220150e-01 2.245695e-01 2.328170e-01 2.410254e-01 2.516206e-01 2.662251e-01 2.685122e-01 2.836976e-01 2.921710e-01 2.961212e-01 3.044288e-01 3.129544e-01 3.739184e-01 4.027249e-01 4.393398e-01 4.619537e-01 5.534738e-01 6.026020e-01 7.633339e-01 8.009151e-01 8.189915e-01 
139 1391 3.355121e-03 8.187398e-01 7.588360e-02 7.588360e-02 1.262480e-01 1.387939e-01 1.465415e-01 1.908477e-01 2.038080e-01 2.158388e-01 2.216617e-01 2.242635e-01 2.346030e-01 2.407155e-01 2.519519e-01 2.660995e-01 2.679264e-01 2.830545e-01 2.920036e-01 2.957648e-01 3.041408e-01 3.123677e-01 3.740735e-01 4.027678e-01 4.400752e-01 4.614189e-01 5.524170e-01 6.016849e-01 7.633476e-01 7.999599e-01 8.187398e-01 
140 1401 3.282196e-03 8.177425e-01 7.576662e-02 7.576662e-02 1.259505e-01 1.385497e-01 1.464756e-01 1.906659e-01 2.036092e-01 2.158107e-01 2.212151e-01 2.237957e-01 2.353497e-01 2.407176e-01 2.524461e-01 2.657300e-01 2.681834e-01 2.826075e-01 2.918859e-01 2.953423e-01 3.045109e-01 3.130250e-01 3.742822e-01 4.022319e-01 4.406859e-01 4.603325e-01 5.514366e-01 6.016335e-01 7.628811e-01 7.986913e-01 8.177425e-01 
141 1411 3.227042e-03 8.160309e-01 7.569517e-02 7.569517e-02 1.259424e-01 1.382659e-01 1.462867e-01 1.904778e-01 2.032929e-01 2.153404e-01 2.217401e-01 2.237050e-01 2.353059e-01 2.414101e-01 2.518690e-01 2.652609e-01 2.680781e-01 2.822414e-01 2.914954e-01 2.949029e-01 3.042183e-01 3.133228e-01 3.743457e-01 4.018493e-01 4.409743e-01 4.600219e-01 5.502212e-01 6.008474e-01 7.640051e-01 7.983079e-01 8.160309e-01 
142 1421 3.228215e-03 8.145468e-01 7.573677e-02 7.573677e-02 1.256481e-01 1.382895e-01 1.459531e-01 1.909151e-01 2.034453e-01 2.154280e-01 2.222444e-01 2.233552e-01 2.353129e-01 2.419047e-01 2.528728e-01 2.652563e-01 2.677078e-01 2.832203e-01 2.910301e-01 2.945561e-01 3.044602e-01 3.128000e-01 3.738157e-01 4.015616e-01 4.403475e-01 4.590591e-01 5.503462e-01 6.009752e-01 7.667199e-01 7.971218e-01 8.145468e-01 
143 1431 3.192480e-03 8.139765e-01 7.569764e-02 7.569764e-02 1.253815e-01 1.381964e-01 1.456183e-01 1.908984e-01 2.030210e-01 2.149046e-01 2.218920e-01 2.230889e-01 2.349194e-01 2.420557e-01 2.528874e-01 2.649678e-01 2.672476e-01 2.831898e-01 2.902979e-01 2.938770e-01 3.052331e-01 3.132091e-01 3.732283e-01 4.008957e-01 4.402797e-01 4.585609e-01 5.497945e-01 5.999395e-01 7.682601e-01 7.963591e-01 8.139765e-01 
144 1441 3.207343e-03 8.138731e-01 7.551358e-02 7.551358e-02 1.255804e-01 1.382135e-01 1.454573e-01 1.908638e-01 2.027431e-01 2.147749e-01 2.214520e-01 2.225822e-01 2.357131e-01 2.421393e-01 2.533808e-01 2.643996e-01 2.670813e-01 2.834968e-01 2.899890e-01 2.933330e-01 3.051465e-01 3.127512e-01 3.736331e-01 4.006365e-01 4.394551e-01 4.590918e-01 5.486725e-01 6.004430e-01 7.698631e-01 8.003150e-01 8.138731e-01 
145 1451 3.217053e-03 8.135219e-01 7.546965e-02 7.546965e-02 1.254346e-01 1.390899e-01 1.452327e-01 1.908551e-01 2.024125e-01 2.146486e-01 2.209475e-01 2.222405e-01 2.354674e-01 2.418875e-01 2.532720e-01 2.638703e-01 2.665153e-01 2.831921e-01 2.893597e-01 2.930933e-01 3.048322e-01 3.121941e-01 3.732634e-01 4.002777e-01 4.392745e-01 4.596056e-01 5.483987e-01 6.006555e-01 7.701269e-01 8.040113e-01 8.135219e-01 
146 1461 3.163781e-03 8.133177e-01 7.537816e-02 7.537816e-02 1.253157e-01 1.390678e-01 1.449241e-01 1.910579e-01 2.019889e-01 2.153043e-01 2.209598e-01 2.219636e-01 2.354185e-01 2.415852e-01 2.551911e-01 2.632920e-01 2.663361e-01 2.836833e-01 2.889729e-01 2.926288e-01 3.042922e-01 3.114652e-01 3.723700e-01 3.993183e-01 4.386988e-01 4.599863e-01 5.476777e-01 6.008641e-01 7.716997e-01 8.038572e-01 8.133177e-01 
147 1471 3.092356e-03 8.131298e-01 7.525959e-02 7.525959e-02 1.249970e-01 1.388816e-01 1.447067e-01 1.911780e-01 2.015364e-01 2.149495e-01 2.210282e-01 2.218792e-01 2.354620e-01 2.413494e-01 2.546952e-01 2.633363e-01 2.660761e-01 2.832161e-01 2.883739e-01 2.920672e-01 3.042471e-01 3.118388e-01 3.717348e-01 3.987092e-01 4.381625e-01 4.607805e-01 5.464137e-01 5.997916e-01 7.732777e-01 8.031112e-01 8.131298e-01 
148 1481 3.026764e-03 8.118754e-01 7.511922e-02 7.511922e-02 1.255183e-01 1.388412e-01 1.446135e-01 1.910701e-01 2.016769e-01 2.155493e-01 2.207852e-01 2.223946e-01 2.358613e-01 2.410974e-01 2.542748e-01 2.627575e-01 2.656076e-01 2.830925e-01 2.879680e-01 2.917288e-01 3.037803e-01 3.116467e-01 3.709093e-01 3.993784e-01 4.376598e-01 4.615473e-01 5.452074e-01 5.984913e-01 7.729550e-01 8.024972e-01 8.118754e-01 
149 1491 2.967500e-03 8.103871e-01 7.530623e-02 7.530623e-02 1.256265e-01 1.386042e-01 1.444963e-01 1.907954e-01 2.015755e-01 2.151436e-01 2.208695e-01 2.223582e-01 2.357031e-01 2.407351e-01 2.541191e-01 2.623410e-01 2.649047e-01 2.836338e-01 2.880714e-01 2.912766e-01 3.036530e-01 3.119131e-01 3.724098e-01 3.987320e-01 4.381508e-01 4.609176e-01 5.447660e-01 5.971027e-01 7.725599e-01 8.009897e-01 8.103871e-01 
150 1501 2.917030e-03 8.091581e-01 7.527644e-02 7.527644e-02 1.256014e-01 1.382905e-01 1.442638e-01 1.906077e-01 2.012718e-01 2.147829e-01 2.206601e-01 2.224367e-01 2.358686e-01 2.414180e-01 2.537316e-01 2.617223e-01 2.648645e-01 2.831096e-01 2.879771e-01 2.908118e-01 3.029483e-01 3.124465e-01 3.724091e-01 3.994694e-01 4.372504e-01 4.604120e-01 5.434529e-01 5.959118e-01 7.714007e-01 7.991585e-01 8.091581e-01 
151 1511 2.893037e-03 8.087486e-01 7.528522e-02 7.528522e-02 1.255000e-01 1.380190e-01 1.439623e-01 1.902384e-01 2.008342e-01 2.145450e-01 2.205432e-01 2.222486e-01 2.359482e-01 2.412582e-01 2.538694e-01 2.612592e-01 2.654168e-01 2.846092e-01 2.881544e-01 2.902640e-01 3.028563e-01 3.126423e-01 3.716937e-01 4.002683e-01 4.366677e-01 4.600089e-01 5.422274e-01 5.953564e-01 7.741438e-01 8.013722e-01 8.087486e-01 
152 1521 2.858789e-03 8.083900e-01 7.511953e-02 7.511953e-02 1.253541e-01 1.379163e-01 1.436856e-01 1.901357e-01 2.006091e-01 2.148806e-01 2.202516e-01 2.220297e-01 2.357832e-01 2.416416e-01 2.537402e-01 2.607711e-01 2.656309e-01 2.843026e-01 2.880350e-01 2.896874e-01 3.029956e-01 3.123516e-01 3.711356e-01 4.001425e-01 4.385842e-01 4.598147e-01 5.424312e-01 5.943584e-01 7.754095e-01 8.019504e-01 8.083900e-01 
153 1531 2.823844e-03 8.096398e-01 7.505584e-02 7.505584e-02 1.250608e-01 1.379910e-01 1.436938e-01 1.900734e-01 2.011389e-01 2.155250e-01 2.201546e-01 2.220277e-01 2.357242e-01 2.418447e-01 2.532736e-01 2.601291e-01 2.659798e-01 2.858631e-01 2.873066e-01 2.895233e-01 3.033672e-01 3.120965e-01 3.704455e-01 3.994024e-01 4.379034e-01 4.589753e-01 5.420267e-01 5.930741e-01 7.745559e-01 8.015356e-01 8.096398e-01 
154 1541 2.768267e-03 8.093669e-01 7.493334e-02 7.493334e-02 1.249879e-01 1.377487e-01 1.435647e-01 1.901680e-01 2.012044e-01 2.153030e-01 2.201007e-01 2.229382e-01 2.352710e-01 2.416533e-01 2.530215e-01 2.599847e-01 2.657612e-01 2.856802e-01 2.866427e-01 2.898372e-01 3.032160e-01 3.143377e-01 3.700075e-01 3.987145e-01 4.381203e-01 4.581359e-01 5.413688e-01 5.922914e-01 7.734402e-01 8.025931e-01 8.093669e-01 
155 1551 2.752426e-03 8.092083e-01 7.507685e-02 7.507685e-02 1.248694e-01 1.374665e-01 1.433943e-01 1.903593e-01 2.008356e-01 2.149124e-01 2.196309e-01 2.226338e-01 2.355217e-01 2.414657e-01 2.525034e-01 2.595411e-01 2.653041e-01 2.852811e-01 2.863222e-01 2.900901e-01 3.026861e-01 3.146710e-01 3.695933e-01 3.979222e-01 4.389645e-01 4.572642e-01 5.403140e-01 5.916837e-01 7.722852e-01 8.032531e-01 8.092083e-01 
156 1561 2.734403e-03 8.083349e-01 7.507063e-02 7.507063e-02 1.245512e-01 1.371955e-01 1.431754e-01 1.900968e-01 2.007200e-01 2.146472e-01 2.193109e-01 2.224395e-01 2.355530e-01 2.416680e-01 2.525174e-01 2.600930e-01 2.652481e-01 2.846729e-01 2.856308e-01 2.899897e-01 3.020813e-01 3.153392e-01 3.694724e-01 3.990373e-01 4.398674e-01 4.565534e-01 5.393511e-01 5.911126e-01 7.717851e-01 8.028301e-01 8.083349e-01 
157 1571 2.751351e-03 8.096023e-01 7.500520e-02 7.500520e-02 1.242634e-01 1.369192e-01 1.431972e-01 1.899892e-01 2.004602e-01 2.152404e-01 2.191479e-01 2.236188e-01 2.377767e-01 2.415550e-01 2.520326e-01 2.600619e-01 2.654256e-01 2.840979e-01 2.849255e-01 2.902756e-01 3.040440e-01 3.152481e-01 3.695725e-01 3.984600e-01 4.401777e-01 4.560773e-01 5.383035e-01 5.899569e-01 7.701117e-01 8.020005e-01 8.096023e-01 
158 1581 2.724075e-03 8.087834e-01 7.490761e-02 7.490761e-02 1.240909e-01 1.370286e-01 1.433317e-01 1.897339e-01 2.006789e-01 2.152830e-01 2.188662e-01 2.236144e-01 2.381667e-01 2.413189e-01 2.514129e-01 2.600650e-01 2.658040e-01 2.837912e-01 2.852584e-01 2.900323e-01 3.036458e-01 3.153171e-01 3.688482e-01 3.983586e-01 4.406959e-01 4.559635e-01 5.373129e-01 5.900089e-01 7.698397e-01 8.008908e-01 8.087834e-01 
159 1591 2.697230e-03 8.081920e-01 7.476512e-02 7.476512e-02 1.239542e-01 1.367577e-01 1.430701e-01 1.893359e-01 2.003470e-01 2.150131e-01 2.186068e-01 2.235916e-01 2.378818e-01 2.425112e-01 2.523865e-01 2.609259e-01 2.657914e-01 2.834558e-01 2.852275e-01 2.897699e-01 3.030269e-01 3.152083e-01 3.682761e-01 3.982424e-01 4.403685e-01 4.559301e-01 5.374651e-01 5.905297e-01 7.711412e-01 8.005443e-01 8.081920e-01 
160 1601 2.665211e-03 8.072690e-01 7.470768e-02 7.470768e-02 1.237595e-01 1.365086e-01 1.439001e-01 1.893279e-01 1.999214e-01 2.149167e-01 2.186105e-01 2.230844e-01 2.377271e-01 2.423241e-01 2.522370e-01 2.608000e-01 2.654740e-01 2.833080e-01 2.850530e-01 2.909258e-01 3.039987e-01 3.162489e-01 3.688686e-01 3.981066e-01 4.400715e-01 4.552520e-01 5.364086e-01 5.892114e-01 7.697328e-01 8.017196e-01 8.072690e-01 
161 1611 2.648443e-03 8.073016e-01 7.465224e-02 7.465224e-02 1.238060e-01 1.364643e-01 1.439902e-01 1.892921e-01 1.996161e-01 2.160661e-01 2.181991e-01 2.224852e-01 2.374462e-01 2.422361e-01 2.520631e-01 2.602835e-01 2.654466e-01 2.827146e-01 2.844964e-01 2.926078e-01 3.051142e-01 3.164428e-01 3.690001e-01 3.979346e-01 4.395711e-01 4.557068e-01 5.354422e-01 5.877661e-01 7.678682e-01 8.014035e-01 8.073016e-01 
162 1621 2.622580e-03 8.071604e-01 7.450445e-02 7.450445e-02 1.236036e-01 1.362256e-01 1.438105e-01 1.890715e-01 1.994562e-01 2.162470e-01 2.179902e-01 2.224964e-01 2.372634e-01 2.419692e-01 2.520147e-01 2.597941e-01 2.650041e-01 2.822490e-01 2.848138e-01 2.943866e-01 3.056530e-01 3.167410e-01 3.682331e-01 3.978496e-01 4.393423e-01 4.548470e-01 5.361230e-01 5.871367e-01 7.675849e-01 8.009987e-01 8.071604e-01 
163 1631 2.585029e-03 8.064247e-01 7.452652e-02 7.452652e-02 1.234192e-01 1.360128e-01 1.436807e-01 1.885845e-01 1.992269e-01 2.160571e-01 2.180143e-01 2.226444e-01 2.372740e-01 2.418062e-01 2.514891e-01 2.592935e-01 2.652686e-01 2.816726e-01 2.842126e-01 2.947317e-01 3.056624e-01 3.168205e-01 3.688470e-01 3.977461e-01 4.392743e-01 4.541033e-01 5.356663e-01 5.866499e-01 7.660374e-01 8.027590e-01 8.064247e-01 
164 1641 2.513183e-03 8.048651e-01 7.438344e-02 7.438344e-02 1.238515e-01 1.358957e-01 1.438712e-01 1.894776e-01 1.987640e-01 2.175260e-01 2.179184e-01 2.221841e-01 2.369856e-01 2.412310e-01 2.511193e-01 2.592859e-01 2.653608e-01 2.817175e-01 2.835331e-01 2.949704e-01 3.061543e-01 3.163417e-01 3.686727e-01 3.980691e-01 4.382251e-01 4.531484e-01 5.348047e-01 5.860512e-01 7.648337e-01 8.036139e-01 8.048651e-01 
165 1651 2.491289e-03 8.063381e-01 7.419648e-02 7.419648e-02 1.239912e-01 1.355900e-01 1.438074e-01 1.901130e-01 1.984322e-01 2.173587e-01 2.180956e-01 2.219258e-01 2.371157e-01 2.413392e-01 2.506124e-01 2.590911e-01 2.650748e-01 2.810690e-01 2.829224e-01 2.955934e-01 3.069668e-01 3.158850e-01 3.685440e-01 3.980591e-01 4.383099e-01 4.523943e-01 5.347108e-01 5.847728e-01 7.631007e-01 8.035393e-01 8.063381e-01 
166 1661 2.421073e-03 8.068951e-01 7.404661e-02 7.404661e-02 1.240775e-01 1.353221e-01 1.438767e-01 1.901978e-01 1.979839e-01 2.170172e-01 2.182199e-01 2.217302e-01 2.372049e-01 2.414753e-01 2.499764e-01 2.590628e-01 2.648987e-01 2.805234e-01 2.828156e-01 2.950301e-01 3.068477e-01 3.152397e-01 3.685572e-01 3.974579e-01 4.375278e-01 4.517420e-01 5.336900e-01 5.842069e-01 7.614780e-01 8.022548e-01 8.068951e-01 
167 1671 2.316868e-03 8.082708e-01 7.386505e-02 7.386505e-02 1.241602e-01 1.349833e-01 1.436266e-01 1.900235e-01 1.979866e-01 2.169308e-01 2.183542e-01 2.213163e-01 2.376195e-01 2.415652e-01 2.494972e-01 2.588554e-01 2.648169e-01 2.802386e-01 2.821908e-01 2.946205e-01 3.066364e-01 3.158647e-01 3.692453e-01 3.970778e-01 4.364952e-01 4.507125e-01 5.325823e-01 5.838556e-01 7.604295e-01 8.030035e-01 8.082708e-01 
168 1681 2.261129e-03 8.088756e-01 7.371096e-02 7.371096e-02 1.241423e-01 1.348660e-01 1.434803e-01 1.897237e-01 1.982374e-01 2.165137e-01 2.191529e-01 2.213912e-01 2.373174e-01 2.412699e-01 2.493150e-01 2.589508e-01 2.642176e-01 2.802450e-01 2.820838e-01 2.942438e-01 3.060198e-01 3.154991e-01 3.698734e-01 3.964504e-01 4.358987e-01 4.502098e-01 5.330638e-01 5.829579e-01 7.596048e-01 8.017696e-01 8.088756e-01 
169 1691 2.217077e-03 8.073083e-01 7.365074e-02 7.365074e-02 1.238463e-01 1.346613e-01 1.432903e-01 1.895002e-01 1.982953e-01 2.164919e-01 2.189201e-01 2.217522e-01 2.372261e-01 2.409315e-01 2.489451e-01 2.596982e-01 2.640138e-01 2.797468e-01 2.815720e-01 2.940387e-01 3.054285e-01 3.153098e-01 3.704724e-01 3.969311e-01 4.347364e-01 4.502074e-01 5.333945e-01 5.815760e-01 7.580816e-01 8.008096e-01 8.073083e-01 
170 1701 2.222591e-03 8.080753e-01 7.395090e-02 7.395090e-02 1.236095e-01 1.344320e-01 1.429452e-01 1.893700e-01 1.989240e-01 2.163440e-01 2.187601e-01 2.223736e-01 2.376792e-01 2.406542e-01 2.483123e-01 2.594488e-01 2.635904e-01 2.796554e-01 2.814530e-01 2.936434e-01 3.052080e-01 3.183150e-01 3.707436e-01 3.960746e-01 4.346320e-01 4.490880e-01 5.323804e-01 5.820968e-01 7.568648e-01 8.002346e-01 8.080753e-01 
171 1711 2.165780e-03 8.116829e-01 7.396544e-02 7.396544e-02 1.234746e-01 1.343900e-01 1.426895e-01 1.890766e-01 1.988036e-01 2.162400e-01 2.183274e-01 2.222930e-01 2.373999e-01 2.404211e-01 2.477482e-01 2.589850e-01 2.632708e-01 2.791661e-01 2.810620e-01 2.932622e-01 3.046207e-01 3.188819e-01 3.705587e-01 3.961209e-01 4.340406e-01 4.483765e-01 5.319501e-01 5.810740e-01 7.555481e-01 7.988374e-01 8.116829e-01 
172 1721 2.097268e-03 8.154432e-01 7.389747e-02 7.389747e-02 1.238317e-01 1.344736e-01 1.426880e-01 1.887781e-01 1.990456e-01 2.157694e-01 2.178350e-01 2.220964e-01 2.369956e-01 2.403625e-01 2.473304e-01 2.589633e-01 2.631692e-01 2.789489e-01 2.804528e-01 2.943178e-01 3.047745e-01 3.183083e-01 3.699400e-01 3.959460e-01 4.333952e-01 4.482985e-01 5.307855e-01 5.802443e-01 7.543366e-01 7.974594e-01 8.154432e-01 
173 1731 2.063555e-03 8.157592e-01 7.428469e-02 7.428469e-02 1.237547e-01 1.344273e-01 1.427565e-01 1.886995e-01 1.988482e-01 2.154695e-01 2.173558e-01 2.225846e-01 2.367167e-01 2.399605e-01 2.479925e-01 2.593308e-01 2.625458e-01 2.785834e-01 2.799781e-01 2.953353e-01 3.046810e-01 3.178764e-01 3.701074e-01 3.954764e-01 4.337920e-01 4.476277e-01 5.296731e-01 5.790446e-01 7.532837e-01 7.965036e-01 8.157592e-01 
174 1741 2.082885e-03 8.183414e-01 7.440418e-02 7.440418e-02 1.240445e-01 1.344810e-01 1.427585e-01 1.889985e-01 1.987308e-01 2.153719e-01 2.173746e-01 2.228022e-01 2.363957e-01 2.396413e-01 2.482448e-01 2.595105e-01 2.627034e-01 2.785736e-01 2.798136e-01 2.957637e-01 3.052628e-01 3.179153e-01 3.698739e-01 3.953573e-01 4.339618e-01 4.470899e-01 5.295845e-01 5.783495e-01 7.524146e-01 7.981649e-01 8.183414e-01 
175 1751 2.073474e-03 8.193237e-01 7.433501e-02 7.433501e-02 1.239952e-01 1.342144e-01 1.427833e-01 1.887098e-01 1.986705e-01 2.149672e-01 2.169505e-01 2.225150e-01 2.361427e-01 2.395219e-01 2.479960e-01 2.599492e-01 2.649736e-01 2.788741e-01 2.798289e-01 2.957362e-01 3.054451e-01 3.175644e-01 3.698825e-01 3.954690e-01 4.336638e-01 4.470536e-01 5.289172e-01 5.775414e-01 7.508145e-01 7.978140e-01 8.193237e-01 
176 1761 2.039257e-03 8.197967e-01 7.425145e-02 7.425145e-02 1.239101e-01 1.339239e-01 1.430990e-01 1.890334e-01 1.982774e-01 2.146315e-01 2.166194e-01 2.220822e-01 2.357472e-01 2.394517e-01 2.477673e-01 2.599176e-01 2.653970e-01 2.786269e-01 2.799009e-01 2.956210e-01 3.046773e-01 3.169797e-01 3.710738e-01 3.948556e-01 4.325352e-01 4.464541e-01 5.283055e-01 5.763156e-01 7.499864e-01 7.974412e-01 8.197967e-01 
177 1771 2.005985e-03 8.251635e-01 7.436193e-02 7.436193e-02 1.236810e-01 1.336529e-01 1.432825e-01 1.887754e-01 1.977638e-01 2.145288e-01 2.165244e-01 2.220536e-01 2.355725e-01 2.391621e-01 2.474060e-01 2.596458e-01 2.651543e-01 2.779886e-01 2.793598e-01 2.952667e-01 3.040004e-01 3.163380e-01 3.707033e-01 3.946663e-01 4.336255e-01 4.462605e-01 5.272579e-01 5.761340e-01 7.496206e-01 7.956254e-01 8.251635e-01 
178 1781 2.019688e-03 8.323547e-01 7.421099e-02 7.421099e-02 1.235522e-01 1.333887e-01 1.437523e-01 1.884728e-01 1.973437e-01 2.145776e-01 2.169548e-01 2.217947e-01 2.350804e-01 2.391673e-01 2.471944e-01 2.594691e-01 2.661300e-01 2.776329e-01 2.791367e-01 2.949608e-01 3.035778e-01 3.156993e-01 3.711882e-01 3.939269e-01 4.331992e-01 4.455997e-01 5.266738e-01 5.759845e-01 7.490023e-01 7.948615e-01 8.323547e-01 
179 1791 2.048436e-03 8.383349e-01 7.407591e-02 7.407591e-02 1.234112e-01 1.334991e-01 1.440592e-01 1.881227e-01 1.972504e-01 2.142370e-01 2.168922e-01 2.213827e-01 2.347189e-01 2.389478e-01 2.472054e-01 2.588633e-01 2.661719e-01 2.770877e-01 2.792638e-01 2.948064e-01 3.043437e-01 3.152663e-01 3.722741e-01 3.931898e-01 4.328630e-01 4.458189e-01 5.253162e-01 5.768978e-01 7.484316e-01 7.940127e-01 8.383349e-01 
180 1801 2.054837e-03 8.437045e-01 7.391961e-02 7.391961e-02 1.232417e-01 1.333462e-01 1.439869e-01 1.878342e-01 1.968814e-01 2.136751e-01 2.165034e-01 2.208949e-01 2.347212e-01 2.394441e-01 2.468116e-01 2.586875e-01 2.673841e-01 2.764685e-01 2.793329e-01 2.943396e-01 3.053102e-01 3.146453e-01 3.726984e-01 3.926849e-01 4.321854e-01 4.449323e-01 5.244910e-01 5.765524e-01 7.514424e-01 7.923034e-01 8.437045e-01 
181 1811 2.014380e-03 8.473915e-01 7.384958e-02 7.384958e-02 1.229637e-01 1.331877e-01 1.437696e-01 1.875911e-01 1.967126e-01 2.131860e-01 2.161131e-01 2.203747e-01 2.342894e-01 2.392365e-01 2.463837e-01 2.582266e-01 2.675462e-01 2.769931e-01 2.794318e-01 2.942037e-01 3.052977e-01 3.139830e-01 3.737059e-01 3.923689e-01 4.314767e-01 4.438978e-01 5.239496e-01 5.755916e-01 7.504226e-01 7.911925e-01 8.473915e-01 
182 1821 1.992018e-03 8.502005e-01 7.377310e-02 7.377310e-02 1.228591e-01 1.329112e-01 1.435605e-01 1.890414e-01 1.964421e-01 2.130613e-01 2.174078e-01 2.198195e-01 2.345739e-01 2.390677e-01 2.459285e-01 2.577457e-01 2.672472e-01 2.764956e-01 2.791205e-01 2.938809e-01 3.052337e-01 3.139814e-01 3.740818e-01 3.921312e-01 4.318422e-01 4.437142e-01 5.237402e-01 5.746562e-01 7.497675e-01 7.924630e-01 8.502005e-01 
183 1831 1.955262e-03 8.542141e-01 7.377160e-02 7.377160e-02 1.227798e-01 1.326251e-01 1.431811e-01 1.888426e-01 1.961304e-01 2.125878e-01 2.171955e-01 2.196339e-01 2.343265e-01 2.386422e-01 2.454597e-01 2.584965e-01 2.669777e-01 2.761976e-01 2.786840e-01 2.934920e-01 3.062825e-01 3.133916e-01 3.732875e-01 3.924007e-01 4.311102e-01 4.455508e-01 5.231622e-01 5.745260e-01 7.478299e-01 7.941469e-01 8.542141e-01 
184 1841 1.905041e-03 8.550716e-01 7.388035e-02 7.388035e-02 1.226249e-01 1.324068e-01 1.428650e-01 1.884691e-01 1.960101e-01 2.124767e-01 2.177971e-01 2.193888e-01 2.340410e-01 2.382056e-01 2.450743e-01 2.584655e-01 2.664897e-01 2.759270e-01 2.786659e-01 2.932060e-01 3.066899e-01 3.133127e-01 3.725344e-01 3.916432e-01 4.304429e-01 4.459168e-01 5.222441e-01 5.735312e-01 7.472454e-01 7.939419e-01 8.550716e-01 
185 1851 1.867348e-03 8.543042e-01 7.372073e-02 7.372073e-02 1.228294e-01 1.321872e-01 1.426178e-01 1.880998e-01 1.956932e-01 2.119193e-01 2.177649e-01 2.190665e-01 2.335798e-01 2.377339e-01 2.448420e-01 2.581663e-01 2.659593e-01 2.760585e-01 2.786583e-01 2.928717e-01 3.071867e-01 3.127604e-01 3.724705e-01 3.911670e-01 4.296918e-01 4.465036e-01 5.220312e-01 5.738916e-01 7.458016e-01 7.947056e-01 8.543042e-01 
186 1861 1.833228e-03 8.530254e-01 7.364830e-02 7.364830e-02 1.226981e-01 1.322263e-01 1.424963e-01 1.877110e-01 1.957922e-01 2.114610e-01 2.175895e-01 2.195042e-01 2.340984e-01 2.372375e-01 2.444801e-01 2.577848e-01 2.660742e-01 2.770972e-01 2.787738e-01 2.925753e-01 3.070794e-01 3.131419e-01 3.718095e-01 3.903473e-01 4.292315e-01 4.468249e-01 5.214874e-01 5.730993e-01 7.475050e-01 7.955154e-01 8.530254e-01 
187 1871 1.810633e-03 8.514988e-01 7.348464e-02 7.348464e-02 1.225518e-01 1.324278e-01 1.422387e-01 1.874509e-01 1.957741e-01 2.124433e-01 2.172920e-01 2.196683e-01 2.338409e-01 2.371998e-01 2.439364e-01 2.574237e-01 2.659380e-01 2.766619e-01 2.792117e-01 2.924745e-01 3.068687e-01 3.134704e-01 3.733290e-01 3.898691e-01 4.285345e-01 4.472211e-01 5.203716e-01 5.730092e-01 7.473247e-01 7.949143e-01 8.514988e-01 
188 1881 1.777981e-03 8.507380e-01 7.343304e-02 7.343304e-02 1.226289e-01 1.322050e-01 1.427551e-01 1.876694e-01 1.953487e-01 2.127154e-01 2.172115e-01 2.196115e-01 2.332652e-01 2.369916e-01 2.432986e-01 2.569434e-01 2.653577e-01 2.770336e-01 2.798952e-01 2.924829e-01 3.064878e-01 3.138977e-01 3.727814e-01 3.900335e-01 4.274614e-01 4.474219e-01 5.192310e-01 5.736384e-01 7.522874e-01 7.936801e-01 8.507380e-01 
189 1891 1.760065e-03 8.484456e-01 7.326310e-02 7.326310e-02 1.224281e-01 1.320680e-01 1.428153e-01 1.878671e-01 1.948941e-01 2.126657e-01 2.170838e-01 2.192235e-01 2.327552e-01 2.367591e-01 2.433687e-01 2.564866e-01 2.651965e-01 2.765088e-01 2.800036e-01 2.922403e-01 3.061213e-01 3.138681e-01 3.720106e-01 3.897096e-01 4.266923e-01 4.472439e-01 5.193287e-01 5.728003e-01 7.555091e-01 7.992992e-01 8.484456e-01 
190 1901 1.747112e-03 8.464269e-01 7.322481e-02 7.322481e-02 1.223917e-01 1.317402e-01 1.427673e-01 1.886638e-01 1.945914e-01 2.122154e-01 2.169536e-01 2.191393e-01 2.323632e-01 2.366808e-01 2.432762e-01 2.570630e-01 2.647017e-01 2.763071e-01 2.798503e-01 2.922895e-01 3.056734e-01 3.146144e-01 3.716754e-01 3.897789e-01 4.258480e-01 4.472170e-01 5.183752e-01 5.719788e-01 7.555284e-01 8.041365e-01 8.464269e-01 
191 1911 1.725031e-03 8.453672e-01 7.310307e-02 7.310307e-02 1.224544e-01 1.314180e-01 1.425294e-01 1.889696e-01 1.954861e-01 2.118099e-01 2.169079e-01 2.188020e-01 2.320363e-01 2.364219e-01 2.430661e-01 2.571959e-01 2.642264e-01 2.758750e-01 2.794902e-01 2.930517e-01 3.050916e-01 3.140480e-01 3.713685e-01 3.895836e-01 4.257453e-01 4.467586e-01 5.176953e-01 5.712527e-01 7.550154e-01 8.083086e-01 8.453672e-01 
192 1921 1.676382e-03 8.437250e-01 7.294136e-02 7.294136e-02 1.224399e-01 1.314051e-01 1.423865e-01 1.890462e-01 1.960774e-01 2.113548e-01 2.166327e-01 2.187117e-01 2.317916e-01 2.361356e-01 2.425973e-01 2.566481e-01 2.639395e-01 2.754616e-01 2.791273e-01 2.928444e-01 3.047919e-01 3.133583e-01 3.706385e-01 3.890023e-01 4.254485e-01 4.465652e-01 5.169922e-01 5.701439e-01 7.537085e-01 8.101426e-01 8.437250e-01 
193 1931 1.649012e-03 8.433273e-01 7.296058e-02 7.296058e-02 1.221670e-01 1.315073e-01 1.422661e-01 1.888179e-01 1.973246e-01 2.111186e-01 2.165922e-01 2.186375e-01 2.322914e-01 2.357360e-01 2.430682e-01 2.561591e-01 2.634720e-01 2.747886e-01 2.786200e-01 2.928131e-01 3.044969e-01 3.128641e-01 3.700457e-01 3.883723e-01 4.256954e-01 4.460959e-01 5.163693e-01 5.709033e-01 7.521076e-01 8.100797e-01 8.433273e-01 
194 1941 1.631863e-03 8.443444e-01 7.313313e-02 7.313313e-02 1.219010e-01 1.315906e-01 1.420979e-01 1.887963e-01 1.979069e-01 2.109546e-01 2.161354e-01 2.187601e-01 2.319775e-01 2.358140e-01 2.433563e-01 2.558688e-01 2.631330e-01 2.742888e-01 2.783397e-01 2.933218e-01 3.042239e-01 3.124058e-01 3.709200e-01 3.891138e-01 4.250873e-01 4.481356e-01 5.152832e-01 5.708373e-01 7.517201e-01 8.090137e-01 8.443444e-01 
195 1951 1.583893e-03 8.445208e-01 7.304893e-02 7.304893e-02 1.216258e-01 1.313550e-01 1.419513e-01 1.884559e-01 1.978797e-01 2.106353e-01 2.155910e-01 2.182052e-01 2.315144e-01 2.353078e-01 2.432965e-01 2.553064e-01 2.626678e-01 2.739903e-01 2.778252e-01 2.928683e-01 3.039560e-01 3.128930e-01 3.708091e-01 3.885338e-01 4.252084e-01 4.476706e-01 5.146381e-01 5.698688e-01 7.503380e-01 8.073234e-01 8.445208e-01 
196 1961 1.571391e-03 8.439844e-01 7.305153e-02 7.305153e-02 1.218703e-01 1.312207e-01 1.417165e-01 1.879705e-01 1.987927e-01 2.102233e-01 2.154666e-01 2.178877e-01 2.315352e-01 2.346613e-01 2.437864e-01 2.556079e-01 2.623359e-01 2.736058e-01 2.781142e-01 2.930122e-01 3.035389e-01 3.132694e-01 3.709982e-01 3.878706e-01 4.243588e-01 4.479827e-01 5.146573e-01 5.690129e-01 7.504326e-01 8.059357e-01 8.439844e-01 
197 1971 1.581525e-03 8.421118e-01 7.298497e-02 7.298497e-02 1.219437e-01 1.310004e-01 1.416301e-01 1.875354e-01 1.990211e-01 2.097846e-01 2.152344e-01 2.182557e-01 2.313945e-01 2.346837e-01 2.444064e-01 2.550658e-01 2.621335e-01 2.730454e-01 2.775051e-01 2.929207e-01 3.043909e-01 3.158259e-01 3.722368e-01 3.870481e-01 4.243578e-01 4.473447e-01 5.152445e-01 5.683827e-01 7.496020e-01 8.046360e-01 8.421118e-01 
198 1981 1.584294e-03 8.401731e-01 7.297755e-02 7.297755e-02 1.218451e-01 1.308582e-01 1.414022e-01 1.873539e-01 2.004382e-01 2.094016e-01 2.149100e-01 2.183611e-01 2.321816e-01 2.342142e-01 2.442087e-01 2.545006e-01 2.617725e-01 2.728127e-01 2.775990e-01 2.924279e-01 3.041670e-01 3.161889e-01 3.730310e-01 3.885079e-01 4.254680e-01 4.474083e-01 5.152821e-01 5.676239e-01 7.494669e-01 8.029003e-01 8.401731e-01 
199 1991 1.593552e-03 8.404537e-01 7.289821e-02 7.289821e-02 1.218169e-01 1.307091e-01 1.411301e-01 1.873663e-01 2.005072e-01 2.093033e-01 2.150281e-01 2.179433e-01 2.319588e-01 2.340760e-01 2.445821e-01 2.546182e-01 2.612326e-01 2.723604e-01 2.773028e-01 2.918682e-01 3.045417e-01 3.160926e-01 3.736492e-01 3.879895e-01 4.253822e-01 4.475336e-01 5.158117e-01 5.672914e-01 7.541140e-01 8.060824e-01 8.404537e-01 
200 2001 1.628327e-03 8.406996e-01 7.277461e-02 7.277461e-02 1.223488e-01 1.305306e-01 1.411721e-01 1.872226e-01 2.014162e-01 2.088536e-01 2.149151e-01 2.178745e-01 2.323391e-01 2.341374e-01 2.446577e-01 2.540618e-01 2.606716e-01 2.718706e-01 2.770100e-01 2.914763e-01 3.039935e-01 3.165988e-01 3.755778e-01 3.871541e-01 4.246258e-01 4.469754e-01 5.155529e-01 5.666060e-01 7.535251e-01 8.085591e-01 8.406996e-01 
