%  columns="iteration, evaluation, sigma, axis ratio, bestever, best, median, worst fitness function value, further objective values of best" (startseed=206728, 2026/02/18 13:6:2.32)
1 11 3.530753e-02 1.164462e+01  9.917877917287441392e+01  1.227765542547398212e+02  1.764064667649481066e+02  3.492329480581029770e+02
2 21 3.414930e-02 1.166783e+01  9.917877917287441392e+01  1.150819984152299753e+02  2.157361632617869986e+02  3.494526427200386252e+02
3 31 3.346039e-02 1.167468e+01  9.917877917287441392e+01  1.195371556334878136e+02  1.572801143822949541e+02  2.875946672451962627e+02
4 41 3.235247e-02 1.167424e+01  9.917877917287441392e+01  1.036547388781726795e+02  1.813010961323458901e+02  2.480986435303136375e+02
5 51 3.152659e-02 1.165173e+01  9.917877917287441392e+01  1.108939184640121312e+02  1.480421019079368534e+02  3.050623294134824732e+02
6 61 3.090489e-02 1.166232e+01  9.178947212161287439e+01  9.178947212161287439e+01  1.583646749844687065e+02  2.800263009805041747e+02
7 71 3.028433e-02 1.167371e+01  9.178947212161287439e+01  1.031354824148262139e+02  1.237664427632821287e+02  2.405530382822999513e+02
8 81 2.960970e-02 1.167638e+01  9.178947212161287439e+01  1.123681920122325266e+02  1.403910004091068799e+02  4.780296820269272189e+02
9 91 2.864594e-02 1.167948e+01  9.178947212161287439e+01  1.000406833202551695e+02  1.444745428967862608e+02  2.687387347608259915e+02
10 101 2.740896e-02 1.167523e+01  9.178947212161287439e+01  9.678039106991123219e+01  1.303017545305945362e+02  2.047879451763791678e+02
11 111 2.637186e-02 1.165263e+01  9.178947212161287439e+01  1.002669340062668937e+02  1.265058542515869533e+02  2.027020126707571137e+02
12 121 2.539612e-02 1.166420e+01  9.178947212161287439e+01  1.047067208076131664e+02  1.307145345163879142e+02  2.498759500813891634e+02
13 131 2.437993e-02 1.166485e+01  9.178947212161287439e+01  1.111226637927435945e+02  1.592601552859796357e+02  2.809174933287017666e+02
14 141 2.337834e-02 1.165479e+01  9.178947212161287439e+01  1.171295641396737182e+02  1.501232584093637001e+02  3.349963781017640940e+02
15 151 2.222896e-02 1.165236e+01  9.178947212161287439e+01  1.096510947959997821e+02  1.235904323568246923e+02  2.217056139875978715e+02
16 161 2.154185e-02 1.168440e+01  9.178947212161287439e+01  9.835606894462314642e+01  1.116666501759532650e+02  2.396358018625874422e+02
17 171 2.097185e-02 1.171506e+01  9.178947212161287439e+01  9.762793814405071657e+01  1.240214314184014626e+02  2.047354003601072918e+02
18 181 2.018344e-02 1.172461e+01  9.178947212161287439e+01  1.042752671233957642e+02  1.348549463359873641e+02  2.409460708489818614e+02
19 191 1.960193e-02 1.171665e+01  9.178947212161287439e+01  1.060972945556176512e+02  1.163008340387011117e+02  2.144535608449625670e+02
20 201 1.918604e-02 1.173038e+01  9.178947212161287439e+01  1.001596913941877744e+02  1.234978492138862265e+02  1.916206616102946612e+02
21 211 1.831215e-02 1.172601e+01  9.178947212161287439e+01  9.376170674106148795e+01  1.187410827784958371e+02  2.753361172299937039e+02
22 221 1.753396e-02 1.170424e+01  9.178947212161287439e+01  9.850934160263638262e+01  1.179134969226953729e+02  2.294050036548197511e+02
23 231 1.682113e-02 1.170336e+01  9.178947212161287439e+01  1.002154586660084163e+02  1.077835672067904085e+02  2.218536237356145762e+02
24 241 1.615303e-02 1.174217e+01  9.178947212161287439e+01  1.008929038275435772e+02  1.146305340870622445e+02  1.837334952747582975e+02
25 251 1.542341e-02 1.173838e+01  9.178947212161287439e+01  9.490566288034811748e+01  1.138105381505934162e+02  1.747134936136271790e+02
26 261 1.491932e-02 1.174051e+01  9.178947212161287439e+01  9.391953065281478530e+01  1.076701823754346776e+02  1.315817936124451251e+02
27 271 1.460473e-02 1.175962e+01  9.178947212161287439e+01  1.034138662396545669e+02  1.318381056462047809e+02  2.396463786304217933e+02
28 281 1.433326e-02 1.178680e+01  9.178947212161287439e+01  1.040781607788311049e+02  1.242223626140978183e+02  1.847386775214343970e+02
29 291 1.405316e-02 1.180541e+01  9.178947212161287439e+01  9.792139110945832670e+01  1.286997102555765764e+02  2.116906993591859703e+02
30 301 1.407042e-02 1.177828e+01  9.178947212161287439e+01  1.002504115096844828e+02  1.054569398546873202e+02  1.443886705866561329e+02
31 311 1.407704e-02 1.177647e+01  9.178947212161287439e+01  9.772413907768360275e+01  1.091557537477137316e+02  1.296069525956363577e+02
32 321 1.379787e-02 1.176482e+01  9.178947212161287439e+01  9.196131289779748386e+01  1.056655368351241862e+02  1.182885240911197116e+02
33 331 1.344194e-02 1.172310e+01  9.178947212161287439e+01  9.855845397328859292e+01  1.083346200746514540e+02  1.219081200954186244e+02
34 341 1.326605e-02 1.171420e+01  9.178947212161287439e+01  9.623603409859778424e+01  1.113821034255479674e+02  1.687841677916178185e+02
35 351 1.291231e-02 1.170477e+01  9.178947212161287439e+01  9.666927239864351407e+01  1.022046813522259612e+02  1.087320561434701034e+02
36 361 1.271164e-02 1.172067e+01  9.178947212161287439e+01  9.581112315482216957e+01  1.091017489671380076e+02  1.244554851492750345e+02
37 371 1.260781e-02 1.174035e+01  9.178947212161287439e+01  9.739352835767795113e+01  1.042791908719260476e+02  1.359779500521336217e+02
38 381 1.234367e-02 1.173953e+01  9.178947212161287439e+01  9.487586077492839820e+01  1.004566751155930717e+02  2.002672060722710228e+02
39 391 1.226088e-02 1.173703e+01  9.178947212161287439e+01  9.710952962634742391e+01  1.083178920974208097e+02  1.901189128227920264e+02
40 401 1.215461e-02 1.176703e+01  9.178947212161287439e+01  9.486955798669389139e+01  9.954899105016588123e+01  1.176405563982744553e+02
41 411 1.208231e-02 1.174802e+01  9.178947212161287439e+01  9.487451550422656510e+01  1.070231626154948401e+02  1.535315324042612701e+02
42 421 1.239321e-02 1.175129e+01  9.178947212161287439e+01  9.583492549029300278e+01  1.050620766393910230e+02  1.102596132541149814e+02
43 431 1.255716e-02 1.174776e+01  9.178947212161287439e+01  9.776454151239433088e+01  1.092594649984200714e+02  1.977376083997993135e+02
44 441 1.232419e-02 1.173717e+01  9.178947212161287439e+01  9.528084332877678264e+01  1.080698132001222405e+02  1.175497416803062976e+02
45 451 1.210355e-02 1.173632e+01  9.178947212161287439e+01  9.614692054724581283e+01  1.045652597739783545e+02  1.379288378303141940e+02
46 461 1.202507e-02 1.173235e+01  9.178947212161287439e+01  9.428822643500389233e+01  1.096455397990270200e+02  1.704782680616355037e+02
47 471 1.191186e-02 1.172407e+01  9.043267152567959499e+01  9.043267152567959499e+01  1.027779257379996807e+02  1.315988798833336091e+02
48 481 1.169811e-02 1.177775e+01  9.043267152567959499e+01  9.815248082942142105e+01  1.012111874132387470e+02  1.186084841464200395e+02
49 491 1.117220e-02 1.177695e+01  9.043267152567959499e+01  9.675976758068352979e+01  9.858132632362563186e+01  1.195918052160247242e+02
50 501 1.076019e-02 1.178026e+01  9.043267152567959499e+01  9.522741336645216848e+01  1.040440044226958634e+02  1.313516039242304316e+02
51 511 1.031917e-02 1.179160e+01  9.043267152567959499e+01  9.526699678551199213e+01  1.082844147186984287e+02  1.192939086909497490e+02
52 521 1.014241e-02 1.181848e+01  9.043267152567959499e+01  9.428161996391612831e+01  1.016062592490979171e+02  1.088573621772754194e+02
53 531 1.013011e-02 1.182048e+01  9.043267152567959499e+01  9.302663765454197176e+01  9.744735418659280413e+01  1.146461730026307038e+02
54 541 1.029190e-02 1.182945e+01  8.865550083517993585e+01  8.865550083517993585e+01  9.783184862912995072e+01  1.356991705916246076e+02
55 551 1.032538e-02 1.184676e+01  8.865550083517993585e+01  9.456229948704761057e+01  1.002229192197901000e+02  1.625754978968494129e+02
56 561 1.028973e-02 1.185928e+01  8.865550083517993585e+01  9.395151969675841030e+01  1.010232678908101605e+02  1.183131736145302852e+02
57 571 1.029413e-02 1.190911e+01  8.865550083517993585e+01  8.883587339363636204e+01  9.974538369282718975e+01  1.073866353458661393e+02
58 581 1.042250e-02 1.192694e+01  8.723664363088546736e+01  8.723664363088546736e+01  9.724367407803333663e+01  1.129628295230197210e+02
59 591 1.046479e-02 1.194809e+01  8.394449063385883392e+01  8.394449063385883392e+01  9.579480545569160199e+01  1.731863011930450398e+02
60 601 1.067059e-02 1.186087e+01  8.394449063385883392e+01  9.029951132892986720e+01  1.038004521611104565e+02  1.256383471606354760e+02
61 611 1.087517e-02 1.184039e+01  8.394449063385883392e+01  9.017867841058598799e+01  9.641195715352768048e+01  1.095575746228622620e+02
62 621 1.066802e-02 1.183006e+01  8.394449063385883392e+01  9.028371695855902601e+01  9.335523654659188253e+01  1.173189358336179424e+02
63 631 1.062625e-02 1.184023e+01  8.394449063385883392e+01  8.943171663537157201e+01  9.280746858598936910e+01  1.054212067411854576e+02
64 641 1.045101e-02 1.183883e+01  8.394449063385883392e+01  9.168642532820726387e+01  9.856376913815313401e+01  1.059488502649708010e+02
65 651 1.025495e-02 1.182638e+01  8.394449063385883392e+01  9.159188190463270018e+01  9.492979565778352935e+01  1.040921799432868511e+02
66 661 1.007038e-02 1.182303e+01  8.394449063385883392e+01  8.780632700230390242e+01  1.011034718837734232e+02  2.011324936428525803e+02
67 671 9.973638e-03 1.174486e+01  8.394449063385883392e+01  8.757859672515705540e+01  9.579926401194569507e+01  1.041006101607439120e+02
68 681 9.837802e-03 1.169685e+01  8.394449063385883392e+01  8.737221167826918133e+01  9.423446791641700315e+01  1.727823916621393607e+02
69 691 9.790476e-03 1.168206e+01  8.394449063385883392e+01  8.868269226781075076e+01  9.835724315008729945e+01  1.822479167394893125e+02
70 701 9.612539e-03 1.166558e+01  8.300157504372391770e+01  8.300157504372391770e+01  9.763610030918825089e+01  2.712734209108782011e+02
71 711 9.640037e-03 1.166510e+01  8.300157504372391770e+01  8.567094955576365578e+01  1.063302407888296415e+02  2.505737579426249511e+02
72 721 9.478239e-03 1.165141e+01  8.300157504372391770e+01  8.531970437466921453e+01  9.381806124733616059e+01  2.813840634970154611e+02
73 731 9.381299e-03 1.164979e+01  8.300157504372391770e+01  8.671783717392982282e+01  9.410267781282865940e+01  2.210975705142550112e+02
74 741 9.068169e-03 1.167605e+01  8.271813091415205577e+01  8.271813091415205577e+01  9.324865173879496183e+01  1.593999228026982564e+02
75 751 8.964296e-03 1.173261e+01  8.271813091415205577e+01  8.375932612276302791e+01  8.993262764161443101e+01  2.095981659705579432e+02
76 761 8.816614e-03 1.175807e+01  8.023509058540832939e+01  8.023509058540832939e+01  1.031759358903096313e+02  1.876115791819599110e+02
77 771 8.822280e-03 1.177551e+01  8.023509058540832939e+01  8.180477540938096581e+01  8.747430456924564623e+01  1.650867964992838495e+02
78 781 8.745222e-03 1.181648e+01  8.023509058540832939e+01  8.262968007997666575e+01  8.889144853913104782e+01  1.059174163344268607e+02
79 791 8.751910e-03 1.182549e+01  8.023509058540832939e+01  8.276361434992898580e+01  9.005973946699378985e+01  9.741339767278233808e+01
80 801 8.749530e-03 1.182884e+01  7.611000295499289336e+01  7.611000295499289336e+01  8.817085094706233406e+01  1.660103927385845850e+02
81 811 8.689600e-03 1.183731e+01  7.611000295499289336e+01  7.707174171771201543e+01  8.740813873090343122e+01  1.947199391843756189e+02
82 821 8.570018e-03 1.184488e+01  7.611000295499289336e+01  8.012471492420876018e+01  9.011393857498207183e+01  1.092972185257567475e+02
83 831 8.367936e-03 1.178228e+01  7.611000295499289336e+01  8.029188097844112804e+01  8.455719278705936404e+01  8.901974888159458033e+01
84 841 8.346243e-03 1.177686e+01  7.611000295499289336e+01  7.914713800430428137e+01  8.785679077900115885e+01  1.657986434328183236e+02
85 851 8.229483e-03 1.178405e+01  7.611000295499289336e+01  7.735418153795079377e+01  8.976173829885065913e+01  1.026481856177097711e+02
86 861 8.120834e-03 1.177436e+01  7.611000295499289336e+01  7.838396401340807529e+01  8.916633098968918603e+01  1.642863411198381698e+02
87 871 7.939355e-03 1.178755e+01  7.611000295499289336e+01  7.826095296230271003e+01  8.606760234072640969e+01  2.291668890819584306e+02
88 881 7.801823e-03 1.178083e+01  7.611000295499289336e+01  7.754311464969701717e+01  8.323793350346451803e+01  1.031494012646885210e+02
89 891 7.728373e-03 1.184560e+01  7.611000295499289336e+01  7.804583253968246481e+01  8.226346057140875700e+01  8.581138012184362651e+01
90 901 7.673815e-03 1.185096e+01  7.611000295499289336e+01  7.783596559476630716e+01  8.651394268432468948e+01  1.622648087502434464e+02
91 911 7.495412e-03 1.184156e+01  7.611000295499289336e+01  7.779869276328562933e+01  8.239054137534799338e+01  9.342385835990754117e+01
92 921 7.191822e-03 1.184352e+01  7.611000295499289336e+01  7.803024726932417821e+01  7.994494383899660761e+01  8.643913844924551881e+01
93 931 7.008977e-03 1.184690e+01  7.611000295499289336e+01  8.065986798407698188e+01  8.265386433313884140e+01  8.482775199200175109e+01
94 941 6.762866e-03 1.185295e+01  7.611000295499289336e+01  7.895371572642410740e+01  8.330801795780513430e+01  1.000266199443440058e+02
95 951 6.546481e-03 1.183292e+01  7.611000295499289336e+01  7.794956399727064422e+01  8.291651081038807547e+01  9.684988302122124537e+01
96 961 6.380692e-03 1.182107e+01  7.611000295499289336e+01  7.719601952924851673e+01  8.163338201001519678e+01  9.527748444872221967e+01
97 971 6.317077e-03 1.181262e+01  7.611000295499289336e+01  7.857054768431335390e+01  8.232167502590399977e+01  9.955813478624315849e+01
98 981 6.203163e-03 1.181988e+01  7.611000295499289336e+01  7.900796710513291998e+01  8.341389219994614734e+01  9.002972467739765250e+01
99 991 6.119256e-03 1.182377e+01  7.599634740305687330e+01  7.599634740305687330e+01  8.677606562041822258e+01  1.047908776927907866e+02
100 1001 5.921241e-03 1.180028e+01  7.599634740305687330e+01  7.669774521397903300e+01  8.120525164459095890e+01  9.587793364433227339e+01
101 1011 5.765520e-03 1.178199e+01  7.599634740305687330e+01  7.639823421390779856e+01  7.937072149098392515e+01  2.031146124877489285e+02
102 1021 5.635018e-03 1.177368e+01  7.599634740305687330e+01  7.669861528738481127e+01  7.845787735110843641e+01  9.891052188642612464e+01
103 1031 5.540385e-03 1.178833e+01  7.554780452713053762e+01  7.554780452713053762e+01  7.676696583274798513e+01  8.081279086955466084e+01
104 1041 5.544918e-03 1.170740e+01  7.436213382119416337e+01  7.436213382119416337e+01  7.800687386482134400e+01  1.079618427170987331e+02
105 1051 5.587193e-03 1.168229e+01  7.361513743230435125e+01  7.361513743230435125e+01  7.982537489798495756e+01  1.189662349409048971e+02
106 1061 5.593494e-03 1.168338e+01  7.361513743230435125e+01  7.411301496142223755e+01  7.891476214407357759e+01  1.068521476344393193e+02
107 1071 5.614878e-03 1.172728e+01  7.361513743230435125e+01  7.495980386638343873e+01  7.589386923175962352e+01  8.457181708163891187e+01
108 1081 5.531706e-03 1.172019e+01  7.361513743230435125e+01  7.548213264515072751e+01  7.623575076319775690e+01  8.490395325566353790e+01
109 1091 5.543373e-03 1.176052e+01  7.315989117451395884e+01  7.315989117451395884e+01  7.687898371921616558e+01  1.827455140752408909e+02
110 1101 5.519699e-03 1.176606e+01  7.315989117451395884e+01  7.379040489874442699e+01  7.756395764427080053e+01  9.586197797535277232e+01
111 1111 5.477535e-03 1.173585e+01  7.213425279467591622e+01  7.213425279467591622e+01  7.614662429217858630e+01  8.343332685109436397e+01
112 1121 5.425932e-03 1.173878e+01  7.213425279467591622e+01  7.412931988268594807e+01  7.648056801833179463e+01  8.811897250097987921e+01
113 1131 5.368815e-03 1.175968e+01  7.213425279467591622e+01  7.310549187514824609e+01  7.654453245287382401e+01  1.919866555534656527e+02
114 1141 5.331478e-03 1.175406e+01  7.213425279467591622e+01  7.568863513183625003e+01  7.703901960135885929e+01  1.763761839308688195e+02
115 1151 5.326590e-03 1.172659e+01  7.213425279467591622e+01  7.273406064365966017e+01  7.635845623636598134e+01  1.842914695208942533e+02
116 1161 5.323278e-03 1.170884e+01  7.191229411272621519e+01  7.191229411272621519e+01  7.580322378992107701e+01  8.323248206484565515e+01
117 1171 5.414393e-03 1.171377e+01  7.190247377156094899e+01  7.190247377156094899e+01  7.534587574927564901e+01  2.552919468016285975e+02
118 1181 5.522364e-03 1.171243e+01  7.190247377156094899e+01  7.201677885627221087e+01  7.711887783805298113e+01  2.040023231037005189e+02
119 1191 5.559240e-03 1.170319e+01  7.190247377156094899e+01  7.299490013928743792e+01  8.337536091331151056e+01  2.534139736740789317e+02
120 1201 5.572244e-03 1.166365e+01  7.143068154526547175e+01  7.143068154526547175e+01  7.319320005678534358e+01  2.116219541961675077e+02
121 1211 5.643055e-03 1.159524e+01  7.140151366927072729e+01  7.140151366927072729e+01  7.699780929477110192e+01  8.719646972337505986e+01
122 1221 5.645481e-03 1.159155e+01  7.140151366927072729e+01  7.370783330671088152e+01  7.701993332136282788e+01  1.835564610691071152e+02
123 1231 5.671366e-03 1.152413e+01  7.140151366927072729e+01  7.260380261855574702e+01  7.722590730993604780e+01  1.918945544287348355e+02
124 1241 5.735006e-03 1.152744e+01  7.140151366927072729e+01  7.441081152883458572e+01  7.906621179676736233e+01  2.018373486464224698e+02
125 1251 5.754803e-03 1.152400e+01  7.140151366927072729e+01  7.255194079214602709e+01  7.579319920587305148e+01  8.821830768563327752e+01
126 1261 5.677261e-03 1.152860e+01  7.140151366927072729e+01  7.347568127697192608e+01  7.784366311503981706e+01  8.085280166075841635e+01
127 1271 5.671907e-03 1.153904e+01  7.140151366927072729e+01  7.301520957944457280e+01  7.753007842119222914e+01  8.345998421426801883e+01
128 1281 5.539787e-03 1.155602e+01  7.140151366927072729e+01  7.424908866553431608e+01  7.615846998663386103e+01  1.716276428512086909e+02
129 1291 5.571844e-03 1.153696e+01  7.140151366927072729e+01  7.414397831905830571e+01  7.710606647367998789e+01  1.638302762080668060e+02
130 1301 5.571400e-03 1.148165e+01  7.140151366927072729e+01  7.324998777517241422e+01  7.587193408292833396e+01  8.166204514371017353e+01
131 1311 5.574445e-03 1.148834e+01  7.140151366927072729e+01  7.147779055607891507e+01  7.652593344043783929e+01  2.413041314102789272e+02
132 1321 5.547306e-03 1.148946e+01  7.140151366927072729e+01  7.840812704930795007e+01  8.002064554263610319e+01  9.815691709296604017e+01
133 1331 5.444834e-03 1.146982e+01  7.140151366927072729e+01  7.294293407782539873e+01  7.499172281361954617e+01  8.674023388435894333e+01
134 1341 5.305386e-03 1.146113e+01  7.140151366927072729e+01  7.162513205370453306e+01  7.560709186874890975e+01  8.832462267670554468e+01
135 1351 5.229067e-03 1.147756e+01  7.140151366927072729e+01  7.232690172644743143e+01  7.502340479153716046e+01  8.222875239342833709e+01
136 1361 5.204623e-03 1.145520e+01  7.140151366927072729e+01  7.270074639593444488e+01  7.416938267051337164e+01  2.371998458378383248e+02
137 1371 5.159889e-03 1.142125e+01  7.140151366927072729e+01  7.145989695108443129e+01  7.482099972646966535e+01  7.919255379933109396e+01
138 1381 5.066639e-03 1.142452e+01  7.140151366927072729e+01  7.179878565235868848e+01  7.572395250781568166e+01  9.112668467385923066e+01
139 1391 4.984114e-03 1.143938e+01  7.140151366927072729e+01  7.311185481059624180e+01  7.545743392980662634e+01  7.844747991352691940e+01
140 1401 4.902382e-03 1.144374e+01  7.140151366927072729e+01  7.348651257700873884e+01  7.528290526184458997e+01  2.354786306613015086e+02
141 1411 4.689598e-03 1.147518e+01  7.140151366927072729e+01  7.261334917545103451e+01  7.666205400210772325e+01  1.078978600363124656e+02
142 1421 4.611638e-03 1.146773e+01  7.140151366927072729e+01  7.146742706087952968e+01  7.679491133408677683e+01  1.070592248484293947e+02
143 1431 4.528870e-03 1.146837e+01  7.140151366927072729e+01  7.242690032548780721e+01  7.451628482144913335e+01  1.772407024340574822e+02
144 1441 4.354174e-03 1.147905e+01  7.140151366927072729e+01  7.252050980347053155e+01  7.339737536304707533e+01  7.852256789846953211e+01
145 1451 4.183012e-03 1.147661e+01  7.075451125824741894e+01  7.075451125824741894e+01  7.438002154605118221e+01  2.099044508081091749e+02
146 1461 4.015838e-03 1.150232e+01  7.075451125824741894e+01  7.151759218258092687e+01  7.467051564839360367e+01  2.282211445569863031e+02
147 1471 3.847761e-03 1.151970e+01  7.075451125824741894e+01  7.139530992823807765e+01  7.268289434060380927e+01  1.916831036155193146e+02
148 1481 3.744751e-03 1.154062e+01  7.075451125824741894e+01  7.123554003411784663e+01  7.322432024537837947e+01  2.442275477301292312e+02
149 1491 3.658820e-03 1.155235e+01  7.034167497897011856e+01  7.034167497897011856e+01  7.297497540482234513e+01  2.391532129544399652e+02
150 1501 3.651290e-03 1.154999e+01  7.034167497897011856e+01  7.127762082236668562e+01  7.197968081137713625e+01  7.355268072338753882e+01
151 1511 3.639567e-03 1.154839e+01  7.026965036467142056e+01  7.026965036467142056e+01  7.290786057359949268e+01  7.482006164208743826e+01
152 1521 3.635790e-03 1.151153e+01  7.026965036467142056e+01  7.075584075149839691e+01  7.200076115883953776e+01  7.692941014096025754e+01
153 1531 3.644124e-03 1.152556e+01  7.026965036467142056e+01  7.121519137944071076e+01  7.193372069409214475e+01  7.460311929475855663e+01
154 1541 3.618957e-03 1.151622e+01  7.026965036467142056e+01  7.147951922328817886e+01  7.378410727460413909e+01  1.882887340037395063e+02
155 1551 3.605029e-03 1.153318e+01  7.026965036467142056e+01  7.130161442117079673e+01  7.215576971028831110e+01  7.508668947714723174e+01
156 1561 3.629918e-03 1.152685e+01  7.026965036467142056e+01  7.046893182019856283e+01  7.261773549643002923e+01  7.582162800693205895e+01
157 1571 3.616897e-03 1.151057e+01  6.996327824136974982e+01  6.996327824136974982e+01  7.150915350244346769e+01  2.082102421048730889e+02
158 1581 3.612528e-03 1.142532e+01  6.996327824136974982e+01  7.043620813823542903e+01  7.284049076109357657e+01  7.943577365361210241e+01
159 1591 3.545960e-03 1.138439e+01  6.996327824136974982e+01  7.029065311059792975e+01  7.217658717228826504e+01  7.415321308667051881e+01
160 1601 3.454319e-03 1.134567e+01  6.996327824136974982e+01  7.027405851698516415e+01  7.116213056288663097e+01  7.543437636203792351e+01
161 1611 3.410622e-03 1.130081e+01  6.996327824136974982e+01  7.002893551180909526e+01  7.179721522412378931e+01  1.906642372042940679e+02
162 1621 3.378324e-03 1.130593e+01  6.996327824136974982e+01  7.047622125432822315e+01  7.305187767998569370e+01  2.109939773232133575e+02
163 1631 3.321443e-03 1.124273e+01  6.988561731233308194e+01  6.988561731233308194e+01  7.054237956817249255e+01  7.289923965670780603e+01
164 1641 3.291292e-03 1.121749e+01  6.986415097097736293e+01  6.986415097097736293e+01  7.021900668681809066e+01  7.425272724395617274e+01
165 1651 3.274772e-03 1.114970e+01  6.986415097097736293e+01  7.003421000929290585e+01  7.108435224096648142e+01  7.351513877095078442e+01
166 1661 3.202935e-03 1.112819e+01  6.964883430529833674e+01  6.964883430529833674e+01  7.035981064674069785e+01  7.359221136720081802e+01
167 1671 3.157622e-03 1.109816e+01  6.964883430529833674e+01  7.033058855848204871e+01  7.137686996299480313e+01  7.409400445688200421e+01
168 1681 3.096526e-03 1.110027e+01  6.964883430529833674e+01  7.000683416797758696e+01  7.070638694358376597e+01  7.258287662881576807e+01
169 1691 3.003796e-03 1.106685e+01  6.964883430529833674e+01  6.970425321091335036e+01  7.055348995483444696e+01  7.189734848525851874e+01
170 1701 2.912872e-03 1.107223e+01  6.964883430529833674e+01  6.985024511393223179e+01  7.066253617616723659e+01  7.318663492385493896e+01
171 1711 2.860616e-03 1.107478e+01  6.964883430529833674e+01  6.992839510927774427e+01  7.023721868534940427e+01  7.467220687070445706e+01
172 1721 2.891344e-03 1.106640e+01  6.930215370600559766e+01  6.930215370600559766e+01  7.069242724694132107e+01  7.387816325530387473e+01
173 1731 2.884431e-03 1.097175e+01  6.930215370600559766e+01  6.941186440055345486e+01  7.027353178527988575e+01  7.403474120776390066e+01
174 1741 2.915258e-03 1.086572e+01  6.930215370600559766e+01  6.979112391437347185e+01  7.043179856468447042e+01  7.147296620022522973e+01
175 1751 2.960142e-03 1.080211e+01  6.930215370600559766e+01  6.950932444774197450e+01  7.036383100592155415e+01  7.358275575780430700e+01
176 1761 2.970314e-03 1.081018e+01  6.930215370600559766e+01  6.945416307520068244e+01  7.023276769002890774e+01  7.373970720014412450e+01
177 1771 2.913635e-03 1.081340e+01  6.930215370600559766e+01  6.951213538986181106e+01  7.010036075752407214e+01  7.373537806567226482e+01
178 1781 2.841355e-03 1.082792e+01  6.915160511928954179e+01  6.915160511928954179e+01  7.085947795499617996e+01  7.102721326659687406e+01
179 1791 2.818934e-03 1.080932e+01  6.915160511928954179e+01  6.931510255195938441e+01  6.977326133840915645e+01  7.408395211279619730e+01
180 1801 2.794757e-03 1.082591e+01  6.915160511928954179e+01  6.936815551056881191e+01  6.995279006397524313e+01  1.663742558953422872e+02
181 1811 2.795656e-03 1.077899e+01  6.908644031817811992e+01  6.908644031817811992e+01  6.970351878546406965e+01  7.320684271181642089e+01
182 1821 2.775231e-03 1.077738e+01  6.908644031817811992e+01  6.922628953237898486e+01  7.130356369588351129e+01  1.933351582543810423e+02
183 1831 2.794392e-03 1.075503e+01  6.908644031817811992e+01  6.948447220324668194e+01  7.222106619802713112e+01  7.390893413799901168e+01
184 1841 2.742977e-03 1.078215e+01  6.908644031817811992e+01  6.947118073610903366e+01  7.028933848847694321e+01  7.178469378982448745e+01
185 1851 2.714649e-03 1.073772e+01  6.908644031817811992e+01  6.933974989541937362e+01  7.089156290215153433e+01  7.591625987480941262e+01
186 1861 2.610460e-03 1.073038e+01  6.908644031817811992e+01  6.919762825010514007e+01  7.014301548972228773e+01  2.643248179395141051e+02
187 1871 2.509081e-03 1.071199e+01  6.908303061245608490e+01  6.908303061245608490e+01  6.996246477216234894e+01  1.908046821484414579e+02
188 1881 2.493496e-03 1.069668e+01  6.908303061245608490e+01  6.951676839356161963e+01  7.123893105579386997e+01  2.368924528077121181e+02
189 1891 2.398034e-03 1.069381e+01  6.908303061245608490e+01  6.932051317960974757e+01  6.997230734670439745e+01  7.299490429422048976e+01
190 1901 2.321988e-03 1.070550e+01  6.908303061245608490e+01  6.949389548562130869e+01  7.000680792370286554e+01  1.781589146824619547e+02
191 1911 2.239446e-03 1.070416e+01  6.908303061245608490e+01  6.942647436335701627e+01  7.008831289747311644e+01  7.173287456478800550e+01
192 1921 2.202802e-03 1.067278e+01  6.908303061245608490e+01  6.926344521462669945e+01  7.027328503994137066e+01  1.707865937062792341e+02
193 1931 2.155817e-03 1.066945e+01  6.908303061245608490e+01  6.976654849645919398e+01  7.121110200763652642e+01  2.017612726407404011e+02
194 1941 2.111825e-03 1.070201e+01  6.908303061245608490e+01  6.953831799055848251e+01  7.037152716408886022e+01  1.946874054642672149e+02
195 1951 2.105622e-03 1.068358e+01  6.908303061245608490e+01  6.942561637607465741e+01  6.973701816082245841e+01  7.284907389447621995e+01
196 1961 2.076798e-03 1.067396e+01  6.908303061245608490e+01  6.934491378047570720e+01  6.997705303512543651e+01  1.769316134627994188e+02
197 1971 2.055898e-03 1.067501e+01  6.908303061245608490e+01  6.912888452185697474e+01  6.987021702095488251e+01  7.247631507700818077e+01
198 1981 2.077110e-03 1.067541e+01  6.885896173396028530e+01  6.885896173396028530e+01  6.926860678435713226e+01  2.357743368570654638e+02
199 1991 2.091465e-03 1.065623e+01  6.885896173396028530e+01  6.916420278281233891e+01  6.951215872899072679e+01  1.775485464184047544e+02
200 2001 2.146718e-03 1.066029e+01  6.885896173396028530e+01  6.923308310961631662e+01  7.005072585021649445e+01  1.888367652685419102e+02
