%  columns=["iteration, evaluation, sigma, void, void, stds==sigma*sqrt(diag(C))" (startseed=206728, 2026/02/18 13:6:2.32)
1 11 3.530753e-02 0 0 1.215230e-02 1.057047e-02 1.153380e-02 8.671652e-03 9.922795e-03 1.104119e-02 1.726239e-02 1.614016e-02 1.003727e-02 1.141720e-02 1.096034e-02 8.820394e-03 4.890730e-03 9.567738e-03 3.025129e-03 1.052445e-02 1.340853e-02 5.449895e-03 6.839459e-03 3.297250e-02 8.908677e-03 7.525683e-03 1.602234e-02 3.104426e-02 1.184133e-02 3.522440e-02 2.433443e-02 2.179813e-02 
2 21 3.414930e-02 0 0 1.174344e-02 1.024288e-02 1.113533e-02 8.368508e-03 9.576028e-03 1.066649e-02 1.669100e-02 1.563452e-02 9.725223e-03 1.108761e-02 1.060862e-02 8.510770e-03 4.740694e-03 9.244602e-03 2.919903e-03 1.017017e-02 1.295021e-02 5.263233e-03 6.607824e-03 3.184190e-02 8.593788e-03 7.264610e-03 1.547154e-02 2.996535e-02 1.144146e-02 3.406536e-02 2.348225e-02 2.106097e-02 
3 31 3.346039e-02 0 0 1.148614e-02 1.004147e-02 1.090713e-02 8.238255e-03 9.362187e-03 1.042752e-02 1.636774e-02 1.529169e-02 9.521646e-03 1.086627e-02 1.042009e-02 8.324087e-03 4.654176e-03 9.040075e-03 2.855649e-03 9.958265e-03 1.265642e-02 5.147601e-03 6.457790e-03 3.112604e-02 8.400052e-03 7.125530e-03 1.512288e-02 2.939638e-02 1.119049e-02 3.333444e-02 2.295486e-02 2.060171e-02 
4 41 3.235247e-02 0 0 1.108672e-02 9.710726e-03 1.052889e-02 7.958625e-03 9.030567e-03 1.006036e-02 1.579689e-02 1.480838e-02 9.221206e-03 1.051726e-02 1.006669e-02 8.030205e-03 4.516933e-03 8.733599e-03 2.755508e-03 9.607483e-03 1.222491e-02 4.980440e-03 6.231694e-03 3.007995e-02 8.100579e-03 6.891597e-03 1.461279e-02 2.844012e-02 1.081575e-02 3.216247e-02 2.217394e-02 1.989205e-02 
5 51 3.152659e-02 0 0 1.078949e-02 9.464110e-03 1.026491e-02 7.750766e-03 8.776837e-03 9.784261e-03 1.540499e-02 1.439664e-02 8.997231e-03 1.024911e-02 9.799001e-03 7.808637e-03 4.401123e-03 8.492491e-03 2.687778e-03 9.342112e-03 1.192881e-02 4.845180e-03 6.059843e-03 2.927025e-02 7.883422e-03 6.726597e-03 1.425525e-02 2.771134e-02 1.053396e-02 3.130902e-02 2.155857e-02 1.933973e-02 
6 61 3.090489e-02 0 0 1.055278e-02 9.258059e-03 1.004574e-02 7.608281e-03 8.643759e-03 9.576426e-03 1.510840e-02 1.408117e-02 8.823727e-03 1.010439e-02 9.589420e-03 7.659728e-03 4.309622e-03 8.338399e-03 2.628995e-03 9.148202e-03 1.168657e-02 4.745513e-03 5.930997e-03 2.866391e-02 7.724228e-03 6.595940e-03 1.397034e-02 2.711174e-02 1.032355e-02 3.065074e-02 2.111086e-02 1.893207e-02 
7 71 3.028433e-02 0 0 1.033614e-02 9.066805e-03 9.832534e-03 7.449929e-03 8.522990e-03 9.359709e-03 1.480614e-02 1.379637e-02 8.631947e-03 9.920227e-03 9.389112e-03 7.497250e-03 4.213138e-03 8.174127e-03 2.570777e-03 8.944282e-03 1.147514e-02 4.646673e-03 5.808100e-03 2.802430e-02 7.576641e-03 6.453471e-03 1.366226e-02 2.651536e-02 1.011603e-02 2.999974e-02 2.064562e-02 1.855279e-02 
8 81 2.960970e-02 0 0 1.009804e-02 8.847898e-03 9.617156e-03 7.281092e-03 8.341326e-03 9.155205e-03 1.448793e-02 1.351632e-02 8.440955e-03 9.696665e-03 9.161028e-03 7.321934e-03 4.111122e-03 7.994963e-03 2.514497e-03 8.739048e-03 1.121125e-02 4.550005e-03 5.678544e-03 2.738427e-02 7.393250e-03 6.301767e-03 1.334261e-02 2.586798e-02 9.872824e-03 2.934042e-02 2.013867e-02 1.812636e-02 
9 91 2.864594e-02 0 0 9.751832e-03 8.549623e-03 9.288920e-03 7.033292e-03 8.084684e-03 8.857777e-03 1.402559e-02 1.305570e-02 8.159601e-03 9.376409e-03 8.853407e-03 7.068190e-03 3.969925e-03 7.734756e-03 2.429603e-03 8.460983e-03 1.081917e-02 4.401801e-03 5.486555e-03 2.644287e-02 7.143230e-03 6.085806e-03 1.289488e-02 2.498952e-02 9.533419e-03 2.835441e-02 1.945357e-02 1.751577e-02 
10 101 2.740896e-02 0 0 9.328452e-03 8.170075e-03 8.876682e-03 6.715346e-03 7.729154e-03 8.472441e-03 1.340534e-02 1.249333e-02 7.791030e-03 8.995506e-03 8.452618e-03 6.771559e-03 3.798058e-03 7.399412e-03 2.321594e-03 8.078133e-03 1.033919e-02 4.204983e-03 5.263954e-03 2.524967e-02 6.824931e-03 5.822333e-03 1.234869e-02 2.390872e-02 9.110145e-03 2.708243e-02 1.856800e-02 1.672105e-02 
11 111 2.637186e-02 0 0 8.956185e-03 7.844016e-03 8.518446e-03 6.466728e-03 7.426383e-03 8.133432e-03 1.291879e-02 1.199241e-02 7.481311e-03 8.661327e-03 8.119577e-03 6.509331e-03 3.647543e-03 7.108007e-03 2.236848e-03 7.758826e-03 9.925096e-03 4.041029e-03 5.067272e-03 2.427527e-02 6.557643e-03 5.590227e-03 1.187602e-02 2.300711e-02 8.767065e-03 2.603736e-02 1.783772e-02 1.604587e-02 
12 121 2.539612e-02 0 0 8.684629e-03 7.541360e-03 8.185869e-03 6.227674e-03 7.141614e-03 7.826105e-03 1.243951e-02 1.153293e-02 7.195052e-03 8.324212e-03 7.808491e-03 6.255396e-03 3.513423e-03 6.829640e-03 2.151200e-03 7.481966e-03 9.541221e-03 3.887171e-03 4.873933e-03 2.336189e-02 6.314263e-03 5.373220e-03 1.142956e-02 2.213340e-02 8.454977e-03 2.506297e-02 1.715430e-02 1.543103e-02 
13 131 2.437993e-02 0 0 8.321105e-03 7.232511e-03 7.905778e-03 5.968391e-03 6.859446e-03 7.501365e-03 1.192238e-02 1.105387e-02 6.894526e-03 7.971145e-03 7.486848e-03 5.991003e-03 3.370296e-03 6.567657e-03 2.063138e-03 7.185447e-03 9.145338e-03 3.727471e-03 4.672900e-03 2.239334e-02 6.065263e-03 5.152980e-03 1.097793e-02 2.122704e-02 8.106341e-03 2.403233e-02 1.644414e-02 1.482185e-02 
14 141 2.337834e-02 0 0 7.967141e-03 6.959034e-03 7.573464e-03 5.718763e-03 6.563322e-03 7.176358e-03 1.141306e-02 1.058308e-02 6.597209e-03 7.624325e-03 7.171040e-03 5.733435e-03 3.225520e-03 6.284113e-03 1.976214e-03 6.883842e-03 8.765453e-03 3.575528e-03 4.485563e-03 2.144833e-02 5.802535e-03 4.946093e-03 1.051438e-02 2.033012e-02 7.760579e-03 2.299711e-02 1.575472e-02 1.419553e-02 
15 151 2.222896e-02 0 0 7.565877e-03 6.624365e-03 7.188426e-03 5.440966e-03 6.236984e-03 6.816821e-03 1.084901e-02 1.005113e-02 6.268969e-03 7.238032e-03 6.807195e-03 5.457857e-03 3.059158e-03 5.964068e-03 1.877728e-03 6.535621e-03 8.316035e-03 3.392152e-03 4.259238e-03 2.039107e-02 5.505479e-03 4.710282e-03 1.001000e-02 1.929150e-02 7.360702e-03 2.184365e-02 1.496904e-02 1.347200e-02 
16 161 2.154185e-02 0 0 7.326715e-03 6.427051e-03 6.960062e-03 5.263539e-03 6.031317e-03 6.597731e-03 1.049248e-02 9.770161e-03 6.063799e-03 7.000239e-03 6.585859e-03 5.291125e-03 2.959085e-03 5.767708e-03 1.817043e-03 6.335473e-03 8.044779e-03 3.280212e-03 4.120237e-03 1.975288e-02 5.323223e-03 4.563532e-03 9.700384e-03 1.866178e-02 7.117624e-03 2.119094e-02 1.447388e-02 1.303343e-02 
17 171 2.097185e-02 0 0 7.117270e-03 6.254839e-03 6.772494e-03 5.116212e-03 5.876948e-03 6.417462e-03 1.019973e-02 9.526306e-03 5.910170e-03 6.818235e-03 6.410189e-03 5.151151e-03 2.876617e-03 5.609610e-03 1.765552e-03 6.202729e-03 7.813550e-03 3.186958e-03 4.017941e-03 1.918839e-02 5.191611e-03 4.443828e-03 9.444774e-03 1.814655e-02 6.914892e-03 2.063948e-02 1.406564e-02 1.268281e-02 
18 181 2.018344e-02 0 0 6.840541e-03 6.017664e-03 6.537111e-03 4.918924e-03 5.649951e-03 6.171881e-03 9.803081e-03 9.158734e-03 5.680510e-03 6.562645e-03 6.158415e-03 4.948266e-03 2.768006e-03 5.392467e-03 1.695762e-03 5.985803e-03 7.500457e-03 3.060611e-03 3.857176e-03 1.842661e-02 4.996197e-03 4.283787e-03 9.079513e-03 1.743631e-02 6.644576e-03 1.983675e-02 1.350252e-02 1.220906e-02 
19 191 1.960193e-02 0 0 6.632311e-03 5.846848e-03 6.357402e-03 4.766981e-03 5.483913e-03 5.980462e-03 9.509294e-03 8.896699e-03 5.510312e-03 6.363982e-03 5.974540e-03 4.823010e-03 2.694569e-03 5.227951e-03 1.646406e-03 5.810898e-03 7.283992e-03 2.966161e-03 3.743648e-03 1.787454e-02 4.847715e-03 4.158664e-03 8.826104e-03 1.690348e-02 6.461122e-03 1.924975e-02 1.309578e-02 1.185519e-02 
20 201 1.918604e-02 0 0 6.496805e-03 5.717213e-03 6.220079e-03 4.654859e-03 5.356858e-03 5.842064e-03 9.309854e-03 8.694396e-03 5.384190e-03 6.216372e-03 5.849665e-03 4.713348e-03 2.644314e-03 5.105413e-03 1.611926e-03 5.676455e-03 7.125852e-03 2.895289e-03 3.662322e-03 1.750438e-02 4.737602e-03 4.064734e-03 8.661461e-03 1.653319e-02 6.341341e-03 1.885525e-02 1.279362e-02 1.157679e-02 
21 211 1.831215e-02 0 0 6.188035e-03 5.451467e-03 5.950032e-03 4.439876e-03 5.108642e-03 5.567127e-03 8.874477e-03 8.304667e-03 5.134633e-03 5.927426e-03 5.574838e-03 4.492888e-03 2.522069e-03 4.863436e-03 1.537571e-03 5.416850e-03 6.791855e-03 2.762843e-03 3.493333e-03 1.670179e-02 4.511047e-03 3.888856e-03 8.266725e-03 1.576216e-02 6.048823e-03 1.797028e-02 1.218431e-02 1.102098e-02 
22 221 1.753396e-02 0 0 5.938270e-03 5.211875e-03 5.693377e-03 4.242950e-03 4.892974e-03 5.316733e-03 8.482614e-03 7.954120e-03 4.911781e-03 5.664715e-03 5.325974e-03 4.296926e-03 2.415005e-03 4.649832e-03 1.471983e-03 5.186201e-03 6.490136e-03 2.645101e-03 3.341635e-03 1.597712e-02 4.313909e-03 3.734568e-03 7.912109e-03 1.506859e-02 5.785365e-03 1.716496e-02 1.165563e-02 1.054326e-02 
23 231 1.682113e-02 0 0 5.704845e-03 4.995329e-03 5.453552e-03 4.061325e-03 4.691797e-03 5.109811e-03 8.120727e-03 7.632934e-03 4.702808e-03 5.424645e-03 5.106264e-03 4.119999e-03 2.321534e-03 4.450415e-03 1.410739e-03 4.979579e-03 6.218083e-03 2.536708e-03 3.202557e-03 1.531595e-02 4.130343e-03 3.578969e-03 7.578042e-03 1.444417e-02 5.541137e-03 1.645137e-02 1.115411e-02 1.009924e-02 
24 241 1.615303e-02 0 0 5.472018e-03 4.797815e-03 5.233196e-03 3.900714e-03 4.498594e-03 4.906996e-03 7.784015e-03 7.324745e-03 4.508116e-03 5.201993e-03 4.892927e-03 3.948287e-03 2.226732e-03 4.284250e-03 1.351463e-03 4.789300e-03 5.961935e-03 2.433072e-03 3.068986e-03 1.471341e-02 3.962552e-03 3.431266e-03 7.280181e-03 1.385715e-02 5.309447e-03 1.581103e-02 1.069015e-02 9.683571e-03 
25 251 1.542341e-02 0 0 5.224429e-03 4.599531e-03 4.990856e-03 3.718900e-03 4.285186e-03 4.694101e-03 7.435025e-03 6.986231e-03 4.297217e-03 4.954972e-03 4.664749e-03 3.770447e-03 2.121186e-03 4.089276e-03 1.289306e-03 4.570783e-03 5.687822e-03 2.320637e-03 2.924531e-03 1.405263e-02 3.789859e-03 3.269858e-03 6.973524e-03 1.320009e-02 5.061087e-03 1.506973e-02 1.018224e-02 9.248753e-03 
26 261 1.491932e-02 0 0 5.053195e-03 4.458367e-03 4.825642e-03 3.596430e-03 4.146454e-03 4.531143e-03 7.175018e-03 6.742244e-03 4.148389e-03 4.790849e-03 4.502972e-03 3.650655e-03 2.056013e-03 3.948198e-03 1.244157e-03 4.413994e-03 5.499855e-03 2.239951e-03 2.823071e-03 1.358107e-02 3.661774e-03 3.162778e-03 6.732014e-03 1.274223e-02 4.885647e-03 1.454525e-02 9.823859e-03 8.955586e-03 
27 271 1.460473e-02 0 0 4.940642e-03 4.370796e-03 4.720563e-03 3.516288e-03 4.049595e-03 4.426743e-03 7.007709e-03 6.591074e-03 4.068062e-03 4.701352e-03 4.413166e-03 3.573133e-03 2.013220e-03 3.856136e-03 1.216157e-03 4.315107e-03 5.375258e-03 2.188840e-03 2.764065e-03 1.329293e-02 3.585237e-03 3.095260e-03 6.580899e-03 1.245337e-02 4.782961e-03 1.423531e-02 9.593813e-03 8.757746e-03 
28 281 1.433326e-02 0 0 4.845649e-03 4.288589e-03 4.634368e-03 3.458202e-03 3.973172e-03 4.346366e-03 6.864419e-03 6.457567e-03 3.991586e-03 4.606656e-03 4.355662e-03 3.500567e-03 1.981803e-03 3.782125e-03 1.191639e-03 4.228337e-03 5.271272e-03 2.143616e-03 2.708076e-03 1.302676e-02 3.515488e-03 3.032649e-03 6.450806e-03 1.222170e-02 4.689184e-03 1.397320e-02 9.398478e-03 8.583505e-03 
29 291 1.405316e-02 0 0 4.755417e-03 4.204607e-03 4.540138e-03 3.385260e-03 3.887065e-03 4.253458e-03 6.724701e-03 6.325596e-03 3.914649e-03 4.508072e-03 4.283097e-03 3.429498e-03 1.945329e-03 3.703268e-03 1.166216e-03 4.140511e-03 5.157880e-03 2.101602e-03 2.649468e-03 1.275986e-02 3.458333e-03 2.975674e-03 6.332399e-03 1.195106e-02 4.596017e-03 1.369185e-02 9.199057e-03 8.414112e-03 
30 301 1.407042e-02 0 0 4.754999e-03 4.222792e-03 4.544182e-03 3.396445e-03 3.890580e-03 4.257126e-03 6.739334e-03 6.322912e-03 3.912301e-03 4.505004e-03 4.286600e-03 3.434699e-03 1.954357e-03 3.700928e-03 1.167661e-03 4.155983e-03 5.163600e-03 2.100817e-03 2.647598e-03 1.274284e-02 3.460513e-03 2.991331e-03 6.328465e-03 1.193706e-02 4.611108e-03 1.367992e-02 9.187339e-03 8.433188e-03 
31 311 1.407704e-02 0 0 4.758157e-03 4.230424e-03 4.541176e-03 3.395548e-03 3.885703e-03 4.252785e-03 6.738487e-03 6.346490e-03 3.916563e-03 4.497884e-03 4.294894e-03 3.432345e-03 1.959346e-03 3.694523e-03 1.168664e-03 4.163613e-03 5.155976e-03 2.103722e-03 2.647627e-03 1.272079e-02 3.456669e-03 3.011321e-03 6.324067e-03 1.192357e-02 4.611201e-03 1.368719e-02 9.177203e-03 8.429440e-03 
32 321 1.379787e-02 0 0 4.654353e-03 4.143310e-03 4.451797e-03 3.327011e-03 3.801632e-03 4.157647e-03 6.597421e-03 6.232326e-03 3.832842e-03 4.399767e-03 4.214958e-03 3.359218e-03 1.919712e-03 3.616449e-03 1.145064e-03 4.077837e-03 5.055813e-03 2.062637e-03 2.595358e-03 1.244278e-02 3.388786e-03 2.954217e-03 6.198876e-03 1.167372e-02 4.514267e-03 1.339941e-02 8.978341e-03 8.261200e-03 
33 331 1.344194e-02 0 0 4.533121e-03 4.030009e-03 4.331875e-03 3.235965e-03 3.695683e-03 4.043256e-03 6.428060e-03 6.078978e-03 3.729938e-03 4.284766e-03 4.100581e-03 3.273864e-03 1.869503e-03 3.527071e-03 1.116732e-03 3.971182e-03 4.930073e-03 2.008563e-03 2.533324e-03 1.210553e-02 3.295477e-03 2.880343e-03 6.028464e-03 1.137543e-02 4.394305e-03 1.302290e-02 8.730672e-03 8.051596e-03 
34 341 1.326605e-02 0 0 4.468759e-03 3.974885e-03 4.265534e-03 3.197852e-03 3.653302e-03 3.996863e-03 6.399255e-03 6.047409e-03 3.677866e-03 4.223137e-03 4.037886e-03 3.224381e-03 1.841279e-03 3.473741e-03 1.100288e-03 3.913102e-03 4.853471e-03 1.978829e-03 2.499666e-03 1.192389e-02 3.244770e-03 2.837471e-03 5.940131e-03 1.120617e-02 4.350094e-03 1.282050e-02 8.602412e-03 7.942094e-03 
35 351 1.291231e-02 0 0 4.347007e-03 3.871504e-03 4.142896e-03 3.108847e-03 3.554636e-03 3.884953e-03 6.258746e-03 5.901925e-03 3.581069e-03 4.107118e-03 3.925921e-03 3.131391e-03 1.790932e-03 3.382369e-03 1.069668e-03 3.813752e-03 4.713972e-03 1.922790e-03 2.430886e-03 1.158939e-02 3.160029e-03 2.762111e-03 5.796216e-03 1.088234e-02 4.227247e-03 1.245079e-02 8.353908e-03 7.720759e-03 
36 361 1.271164e-02 0 0 4.282399e-03 3.812426e-03 4.088015e-03 3.056385e-03 3.494653e-03 3.820016e-03 6.163733e-03 5.806011e-03 3.521488e-03 4.055069e-03 3.869341e-03 3.081702e-03 1.761936e-03 3.329082e-03 1.051407e-03 3.747513e-03 4.628985e-03 1.898097e-03 2.395140e-03 1.140842e-02 3.130483e-03 2.734519e-03 5.702044e-03 1.071998e-02 4.156032e-03 1.225260e-02 8.206852e-03 7.594338e-03 
37 371 1.260781e-02 0 0 4.261415e-03 3.777382e-03 4.047060e-03 3.033964e-03 3.460069e-03 3.782143e-03 6.108739e-03 5.750062e-03 3.483197e-03 4.018028e-03 3.833189e-03 3.049673e-03 1.744606e-03 3.297795e-03 1.040655e-03 3.708338e-03 4.585292e-03 1.883249e-03 2.375996e-03 1.129704e-02 3.105053e-03 2.722616e-03 5.643976e-03 1.062913e-02 4.126974e-03 1.214637e-02 8.121059e-03 7.552162e-03 
38 381 1.234367e-02 0 0 4.172538e-03 3.692868e-03 3.959182e-03 2.971507e-03 3.381144e-03 3.696289e-03 5.970513e-03 5.616996e-03 3.419958e-03 3.929534e-03 3.747576e-03 2.978586e-03 1.707288e-03 3.221937e-03 1.017215e-03 3.622317e-03 4.499051e-03 1.846829e-03 2.329897e-03 1.106061e-02 3.041098e-03 2.671209e-03 5.512914e-03 1.039951e-02 4.039115e-03 1.186785e-02 7.931312e-03 7.408820e-03 
39 391 1.226088e-02 0 0 4.136412e-03 3.672081e-03 3.934066e-03 2.961530e-03 3.356669e-03 3.682952e-03 5.919108e-03 5.570948e-03 3.400705e-03 3.899550e-03 3.714313e-03 2.961935e-03 1.692454e-03 3.202316e-03 1.009069e-03 3.597489e-03 4.468466e-03 1.832185e-03 2.315319e-03 1.097997e-02 3.022184e-03 2.661526e-03 5.474289e-03 1.030492e-02 4.007729e-03 1.176686e-02 7.864420e-03 7.357482e-03 
40 401 1.215461e-02 0 0 4.098849e-03 3.635421e-03 3.893612e-03 2.952380e-03 3.320721e-03 3.647252e-03 5.856866e-03 5.514073e-03 3.365888e-03 3.859589e-03 3.674843e-03 2.951322e-03 1.674756e-03 3.169214e-03 9.995735e-04 3.565201e-03 4.449345e-03 1.813127e-03 2.292972e-03 1.086451e-02 2.992808e-03 2.643142e-03 5.418015e-03 1.019300e-02 3.965071e-03 1.168378e-02 7.783950e-03 7.283834e-03 
41 411 1.208231e-02 0 0 4.081638e-03 3.627941e-03 3.862240e-03 2.946174e-03 3.294892e-03 3.622305e-03 5.816274e-03 5.486212e-03 3.342144e-03 3.828297e-03 3.644775e-03 2.935137e-03 1.662349e-03 3.147862e-03 9.937804e-04 3.540679e-03 4.430442e-03 1.797776e-03 2.282620e-03 1.078514e-02 2.971446e-03 2.631296e-03 5.373252e-03 1.011943e-02 3.937028e-03 1.160240e-02 7.718123e-03 7.228075e-03 
42 421 1.239321e-02 0 0 4.237402e-03 3.740113e-03 3.954336e-03 3.033734e-03 3.373656e-03 3.722716e-03 6.001904e-03 5.635310e-03 3.421733e-03 3.935013e-03 3.730730e-03 3.014538e-03 1.701398e-03 3.244662e-03 1.019236e-03 3.626858e-03 4.548074e-03 1.840532e-03 2.338948e-03 1.105276e-02 3.045312e-03 2.699733e-03 5.518162e-03 1.036676e-02 4.028347e-03 1.189660e-02 7.897893e-03 7.416429e-03 
43 431 1.255716e-02 0 0 4.309227e-03 3.809265e-03 4.011234e-03 3.080440e-03 3.418234e-03 3.769425e-03 6.070548e-03 5.704159e-03 3.476171e-03 3.981535e-03 3.776771e-03 3.064342e-03 1.729103e-03 3.295953e-03 1.032820e-03 3.687186e-03 4.607860e-03 1.864066e-03 2.369077e-03 1.118704e-02 3.083751e-03 2.732404e-03 5.581051e-03 1.048819e-02 4.071605e-03 1.204869e-02 7.985732e-03 7.500842e-03 
44 441 1.232419e-02 0 0 4.232080e-03 3.748404e-03 3.933851e-03 3.023471e-03 3.355771e-03 3.696320e-03 5.944483e-03 5.597852e-03 3.413445e-03 3.903194e-03 3.710069e-03 3.009413e-03 1.693124e-03 3.234888e-03 1.012948e-03 3.618139e-03 4.522592e-03 1.827733e-03 2.323287e-03 1.096878e-02 3.021526e-03 2.678076e-03 5.468387e-03 1.027237e-02 3.986604e-03 1.180311e-02 7.825510e-03 7.370981e-03 
45 451 1.210355e-02 0 0 4.163259e-03 3.683136e-03 3.866058e-03 2.965601e-03 3.308919e-03 3.626762e-03 5.826568e-03 5.495656e-03 3.348713e-03 3.827758e-03 3.645171e-03 2.954020e-03 1.661682e-03 3.171546e-03 9.939843e-04 3.558851e-03 4.432376e-03 1.798398e-03 2.277293e-03 1.076177e-02 2.960748e-03 2.629726e-03 5.359788e-03 1.009979e-02 3.916979e-03 1.157599e-02 7.669081e-03 7.231969e-03 
46 461 1.202507e-02 0 0 4.138220e-03 3.655713e-03 3.839059e-03 2.941255e-03 3.321410e-03 3.599659e-03 5.777117e-03 5.453445e-03 3.323032e-03 3.824343e-03 3.614029e-03 2.937166e-03 1.647026e-03 3.148172e-03 9.859759e-04 3.556565e-03 4.399668e-03 1.785851e-03 2.267182e-03 1.067492e-02 2.937798e-03 2.614945e-03 5.316628e-03 1.003326e-02 3.882934e-03 1.147377e-02 7.611160e-03 7.185412e-03 
47 471 1.191186e-02 0 0 4.109746e-03 3.622654e-03 3.800857e-03 2.911125e-03 3.298008e-03 3.571173e-03 5.712571e-03 5.420263e-03 3.290749e-03 3.792096e-03 3.579596e-03 2.902481e-03 1.629961e-03 3.117306e-03 9.750406e-04 3.523356e-03 4.356834e-03 1.766614e-03 2.248926e-03 1.055120e-02 2.903782e-03 2.589986e-03 5.270259e-03 9.924478e-03 3.839283e-03 1.133727e-02 7.540196e-03 7.121564e-03 
48 481 1.169811e-02 0 0 4.044158e-03 3.549991e-03 3.736874e-03 2.854918e-03 3.239166e-03 3.503782e-03 5.611879e-03 5.311134e-03 3.231617e-03 3.727733e-03 3.509329e-03 2.845481e-03 1.600610e-03 3.058814e-03 9.555962e-04 3.463439e-03 4.271759e-03 1.732671e-03 2.203128e-03 1.035625e-02 2.847406e-03 2.538990e-03 5.179980e-03 9.738940e-03 3.764918e-03 1.116552e-02 7.406176e-03 6.986060e-03 
49 491 1.117220e-02 0 0 3.873945e-03 3.388013e-03 3.560211e-03 2.727261e-03 3.094205e-03 3.340992e-03 5.362133e-03 5.060520e-03 3.082612e-03 3.562888e-03 3.348859e-03 2.719090e-03 1.528783e-03 2.917873e-03 9.111807e-04 3.304366e-03 4.103491e-03 1.651950e-03 2.101036e-03 9.866807e-03 2.712489e-03 2.429596e-03 4.946600e-03 9.284944e-03 3.587126e-03 1.064734e-02 7.054308e-03 6.663827e-03 
50 501 1.076019e-02 0 0 3.730943e-03 3.258340e-03 3.438116e-03 2.621803e-03 2.975428e-03 3.215987e-03 5.159091e-03 4.863921e-03 2.965011e-03 3.428495e-03 3.222291e-03 2.613436e-03 1.469967e-03 2.803524e-03 8.770247e-04 3.180922e-03 3.947159e-03 1.594509e-03 2.024269e-03 9.493899e-03 2.613410e-03 2.339989e-03 4.754518e-03 8.941617e-03 3.448616e-03 1.025607e-02 6.780330e-03 6.424473e-03 
51 511 1.031917e-02 0 0 3.580354e-03 3.121995e-03 3.293108e-03 2.510575e-03 2.850124e-03 3.080017e-03 4.936027e-03 4.654684e-03 2.843403e-03 3.282445e-03 3.085031e-03 2.505498e-03 1.408518e-03 2.688494e-03 8.407176e-04 3.050950e-03 3.777114e-03 1.526592e-03 1.938578e-03 9.097782e-03 2.504738e-03 2.240565e-03 4.563548e-03 8.567762e-03 3.303353e-03 9.844552e-03 6.494559e-03 6.163782e-03 
52 521 1.014241e-02 0 0 3.517868e-03 3.063099e-03 3.233716e-03 2.473349e-03 2.800796e-03 3.037418e-03 4.843762e-03 4.581243e-03 2.795586e-03 3.221393e-03 3.036342e-03 2.461264e-03 1.382020e-03 2.643936e-03 8.248781e-04 3.004552e-03 3.710653e-03 1.497548e-03 1.901646e-03 8.926517e-03 2.461099e-03 2.198644e-03 4.502823e-03 8.404949e-03 3.242681e-03 9.675802e-03 6.376697e-03 6.062109e-03 
53 531 1.013011e-02 0 0 3.583578e-03 3.054214e-03 3.225609e-03 2.476244e-03 2.791495e-03 3.032723e-03 4.831263e-03 4.576385e-03 2.790583e-03 3.214203e-03 3.033942e-03 2.455407e-03 1.380280e-03 2.634856e-03 8.226349e-04 3.008090e-03 3.704644e-03 1.493396e-03 1.896081e-03 8.950839e-03 2.459808e-03 2.193757e-03 4.507473e-03 8.376722e-03 3.237591e-03 9.649653e-03 6.359057e-03 6.076722e-03 
54 541 1.029190e-02 0 0 3.651143e-03 3.096255e-03 3.289040e-03 2.518675e-03 2.835812e-03 3.077484e-03 4.901953e-03 4.639371e-03 2.836041e-03 3.259705e-03 3.082534e-03 2.493451e-03 1.400592e-03 2.674975e-03 8.340073e-04 3.075878e-03 3.759478e-03 1.514059e-03 1.924177e-03 9.084838e-03 2.520919e-03 2.225260e-03 4.613480e-03 8.492152e-03 3.283781e-03 9.791839e-03 6.446268e-03 6.194973e-03 
55 551 1.032538e-02 0 0 3.667798e-03 3.099720e-03 3.300946e-03 2.521584e-03 2.839867e-03 3.080803e-03 4.918805e-03 4.646299e-03 2.848545e-03 3.293684e-03 3.098512e-03 2.501487e-03 1.402259e-03 2.682112e-03 8.353098e-04 3.090772e-03 3.766128e-03 1.517163e-03 1.935566e-03 9.106379e-03 2.538733e-03 2.228434e-03 4.639589e-03 8.508826e-03 3.294933e-03 9.818447e-03 6.461851e-03 6.224126e-03 
56 561 1.028973e-02 0 0 3.662561e-03 3.084683e-03 3.290819e-03 2.507803e-03 2.825237e-03 3.067565e-03 4.917092e-03 4.634939e-03 2.838569e-03 3.276844e-03 3.108021e-03 2.487797e-03 1.394516e-03 2.669379e-03 8.306828e-04 3.081709e-03 3.746037e-03 1.511680e-03 1.929491e-03 9.085112e-03 2.532252e-03 2.222951e-03 4.634804e-03 8.463081e-03 3.285503e-03 9.769089e-03 6.429895e-03 6.210406e-03 
57 571 1.029413e-02 0 0 3.666000e-03 3.082682e-03 3.289488e-03 2.503801e-03 2.824667e-03 3.064927e-03 4.938190e-03 4.627088e-03 2.837120e-03 3.272640e-03 3.117486e-03 2.487153e-03 1.392773e-03 2.665128e-03 8.305862e-04 3.079747e-03 3.742252e-03 1.511197e-03 1.927271e-03 9.079821e-03 2.531602e-03 2.222949e-03 4.635709e-03 8.462639e-03 3.295348e-03 9.807165e-03 6.420741e-03 6.241574e-03 
58 581 1.042250e-02 0 0 3.711728e-03 3.120763e-03 3.326741e-03 2.532277e-03 2.854264e-03 3.097495e-03 5.046240e-03 4.690893e-03 2.865987e-03 3.305191e-03 3.161820e-03 2.518595e-03 1.408591e-03 2.695197e-03 8.411564e-04 3.115869e-03 3.791178e-03 1.532354e-03 1.951731e-03 9.204429e-03 2.585468e-03 2.249192e-03 4.682013e-03 8.559347e-03 3.333570e-03 9.935925e-03 6.483753e-03 6.349032e-03 
59 591 1.046479e-02 0 0 3.721443e-03 3.134834e-03 3.334024e-03 2.538405e-03 2.860466e-03 3.106092e-03 5.075524e-03 4.703502e-03 2.880006e-03 3.343897e-03 3.176296e-03 2.540504e-03 1.416290e-03 2.703987e-03 8.453957e-04 3.121140e-03 3.798158e-03 1.536412e-03 1.954890e-03 9.254636e-03 2.595294e-03 2.258713e-03 4.691843e-03 8.576859e-03 3.357199e-03 9.983541e-03 6.498008e-03 6.385612e-03 
60 601 1.067059e-02 0 0 3.802497e-03 3.203430e-03 3.397411e-03 2.585537e-03 2.912531e-03 3.158985e-03 5.172844e-03 4.796006e-03 2.936474e-03 3.419131e-03 3.243448e-03 2.585790e-03 1.443389e-03 2.752154e-03 8.733485e-04 3.174768e-03 3.869908e-03 1.564674e-03 1.995176e-03 9.430546e-03 2.645831e-03 2.311314e-03 4.774021e-03 8.739006e-03 3.445383e-03 1.020153e-02 6.616594e-03 6.515105e-03 
61 611 1.087517e-02 0 0 3.872579e-03 3.262430e-03 3.466522e-03 2.632495e-03 2.964099e-03 3.213778e-03 5.287357e-03 4.889255e-03 2.989229e-03 3.484460e-03 3.303356e-03 2.632787e-03 1.469562e-03 2.798713e-03 8.936972e-04 3.230126e-03 3.935782e-03 1.594124e-03 2.033954e-03 9.606985e-03 2.691344e-03 2.371304e-03 4.874329e-03 8.895465e-03 3.538832e-03 1.039438e-02 6.727498e-03 6.628078e-03 
62 621 1.066802e-02 0 0 3.795923e-03 3.197049e-03 3.395808e-03 2.576307e-03 2.906628e-03 3.147545e-03 5.197647e-03 4.799319e-03 2.930725e-03 3.415017e-03 3.245888e-03 2.591100e-03 1.439615e-03 2.743758e-03 8.777314e-04 3.161766e-03 3.856531e-03 1.560482e-03 1.993354e-03 9.408001e-03 2.636052e-03 2.329453e-03 4.776109e-03 8.710633e-03 3.478397e-03 1.018243e-02 6.586547e-03 6.497841e-03 
63 631 1.062625e-02 0 0 3.780868e-03 3.195011e-03 3.381067e-03 2.565330e-03 2.887862e-03 3.129025e-03 5.176392e-03 4.776408e-03 2.919850e-03 3.401815e-03 3.229930e-03 2.582152e-03 1.431207e-03 2.726150e-03 8.749013e-04 3.141399e-03 3.872119e-03 1.553244e-03 1.986599e-03 9.378684e-03 2.623785e-03 2.334650e-03 4.753107e-03 8.669494e-03 3.467351e-03 1.013460e-02 6.543654e-03 6.461865e-03 
64 641 1.045101e-02 0 0 3.709083e-03 3.137964e-03 3.326337e-03 2.517905e-03 2.834739e-03 3.069954e-03 5.088450e-03 4.685757e-03 2.876320e-03 3.354782e-03 3.176049e-03 2.548406e-03 1.403895e-03 2.678342e-03 8.601491e-04 3.086357e-03 3.804009e-03 1.524549e-03 1.956706e-03 9.213712e-03 2.576002e-03 2.303316e-03 4.667859e-03 8.510350e-03 3.409512e-03 9.953166e-03 6.423326e-03 6.345417e-03 
65 651 1.025495e-02 0 0 3.635127e-03 3.081638e-03 3.256540e-03 2.471680e-03 2.776492e-03 3.006999e-03 4.986446e-03 4.588585e-03 2.822390e-03 3.296245e-03 3.116461e-03 2.505992e-03 1.374770e-03 2.627745e-03 8.447094e-04 3.025502e-03 3.732682e-03 1.494302e-03 1.917108e-03 9.024612e-03 2.527887e-03 2.260401e-03 4.579682e-03 8.340821e-03 3.343239e-03 9.747626e-03 6.287779e-03 6.225757e-03 
66 661 1.007038e-02 0 0 3.566473e-03 3.033051e-03 3.190649e-03 2.426296e-03 2.729103e-03 2.951902e-03 4.889010e-03 4.497927e-03 2.767881e-03 3.236029e-03 3.062267e-03 2.461705e-03 1.349279e-03 2.583995e-03 8.297693e-04 2.966285e-03 3.663404e-03 1.465202e-03 1.891286e-03 8.849513e-03 2.476398e-03 2.217709e-03 4.499625e-03 8.199722e-03 3.284901e-03 9.567602e-03 6.164223e-03 6.104851e-03 
67 671 9.973638e-03 0 0 3.525157e-03 2.999866e-03 3.152842e-03 2.400903e-03 2.697869e-03 2.931065e-03 4.833943e-03 4.449137e-03 2.745511e-03 3.216524e-03 3.038262e-03 2.450913e-03 1.336098e-03 2.557394e-03 8.278323e-04 2.934690e-03 3.621784e-03 1.450781e-03 1.870149e-03 8.751359e-03 2.450733e-03 2.194716e-03 4.457131e-03 8.125730e-03 3.253432e-03 9.456963e-03 6.094116e-03 6.031431e-03 
68 681 9.837802e-03 0 0 3.471778e-03 2.955877e-03 3.122084e-03 2.364799e-03 2.657591e-03 2.887651e-03 4.759429e-03 4.390021e-03 2.707495e-03 3.169342e-03 3.000318e-03 2.422065e-03 1.316719e-03 2.521252e-03 8.189355e-04 2.891461e-03 3.568896e-03 1.436495e-03 1.846581e-03 8.648690e-03 2.413795e-03 2.166118e-03 4.386971e-03 7.999709e-03 3.217691e-03 9.310374e-03 6.005627e-03 5.934632e-03 
69 691 9.790476e-03 0 0 3.450645e-03 2.944274e-03 3.134247e-03 2.349980e-03 2.644599e-03 2.873926e-03 4.736935e-03 4.370747e-03 2.700868e-03 3.150428e-03 2.980851e-03 2.411733e-03 1.307798e-03 2.508734e-03 8.154342e-04 2.872143e-03 3.545528e-03 1.428034e-03 1.833720e-03 8.592774e-03 2.398976e-03 2.155212e-03 4.358518e-03 7.947875e-03 3.206070e-03 9.249225e-03 5.963427e-03 5.894871e-03 
70 701 9.612539e-03 0 0 3.381239e-03 2.892498e-03 3.092365e-03 2.303367e-03 2.597007e-03 2.816480e-03 4.645616e-03 4.305621e-03 2.653710e-03 3.090978e-03 2.920899e-03 2.378082e-03 1.283127e-03 2.462308e-03 8.017394e-04 2.817225e-03 3.474241e-03 1.399911e-03 1.799585e-03 8.430606e-03 2.354752e-03 2.115003e-03 4.269485e-03 7.796357e-03 3.146948e-03 9.071689e-03 5.841086e-03 5.803087e-03 
71 711 9.640037e-03 0 0 3.387444e-03 2.916491e-03 3.121716e-03 2.307090e-03 2.602192e-03 2.820277e-03 4.655418e-03 4.322996e-03 2.664461e-03 3.100171e-03 2.923910e-03 2.378794e-03 1.286813e-03 2.471464e-03 8.024378e-04 2.821802e-03 3.484976e-03 1.401300e-03 1.800926e-03 8.469478e-03 2.372367e-03 2.118768e-03 4.274933e-03 7.803161e-03 3.157454e-03 9.082895e-03 5.846733e-03 5.827513e-03 
72 721 9.478239e-03 0 0 3.325478e-03 2.874265e-03 3.082117e-03 2.263075e-03 2.554195e-03 2.771430e-03 4.568410e-03 4.249574e-03 2.616740e-03 3.043466e-03 2.870496e-03 2.335941e-03 1.263471e-03 2.429287e-03 7.887346e-04 2.769050e-03 3.419938e-03 1.374713e-03 1.767839e-03 8.312741e-03 2.334139e-03 2.085817e-03 4.192122e-03 7.656304e-03 3.106696e-03 8.915656e-03 5.740878e-03 5.740175e-03 
73 731 9.381299e-03 0 0 3.292168e-03 2.843168e-03 3.052291e-03 2.238082e-03 2.522509e-03 2.737555e-03 4.517821e-03 4.215296e-03 2.584889e-03 3.010049e-03 2.839661e-03 2.314788e-03 1.251450e-03 2.412573e-03 7.788933e-04 2.734380e-03 3.390418e-03 1.361505e-03 1.745443e-03 8.208393e-03 2.318097e-03 2.063906e-03 4.148441e-03 7.570356e-03 3.074328e-03 8.801829e-03 5.670842e-03 5.682315e-03 
74 741 9.068169e-03 0 0 3.178552e-03 2.752052e-03 2.947487e-03 2.162535e-03 2.435163e-03 2.639544e-03 4.357601e-03 4.076582e-03 2.496295e-03 2.911943e-03 2.742153e-03 2.233453e-03 1.209882e-03 2.336209e-03 7.519744e-04 2.642588e-03 3.277555e-03 1.313861e-03 1.686192e-03 7.946898e-03 2.245375e-03 1.992652e-03 4.002746e-03 7.340707e-03 2.970845e-03 8.492707e-03 5.468897e-03 5.486861e-03 
75 751 8.964296e-03 0 0 3.140108e-03 2.730269e-03 2.911365e-03 2.139766e-03 2.404016e-03 2.608739e-03 4.306094e-03 4.028196e-03 2.468990e-03 2.871568e-03 2.707314e-03 2.203406e-03 1.197122e-03 2.307189e-03 7.429417e-04 2.612565e-03 3.238633e-03 1.297103e-03 1.665473e-03 7.857884e-03 2.222846e-03 1.966411e-03 3.958932e-03 7.246153e-03 2.936720e-03 8.422306e-03 5.396008e-03 5.414551e-03 
76 761 8.816614e-03 0 0 3.087252e-03 2.682719e-03 2.866660e-03 2.101803e-03 2.366730e-03 2.571769e-03 4.232027e-03 3.955517e-03 2.433824e-03 2.827653e-03 2.657326e-03 2.167787e-03 1.178480e-03 2.263448e-03 7.293762e-04 2.570824e-03 3.181741e-03 1.275045e-03 1.637351e-03 7.730834e-03 2.196448e-03 1.931047e-03 3.886134e-03 7.123401e-03 2.885773e-03 8.278206e-03 5.298727e-03 5.324799e-03 
77 771 8.822280e-03 0 0 3.091106e-03 2.684983e-03 2.870543e-03 2.098288e-03 2.365972e-03 2.591285e-03 4.224992e-03 3.958378e-03 2.439806e-03 2.839988e-03 2.655775e-03 2.175216e-03 1.177780e-03 2.261052e-03 7.305395e-04 2.577172e-03 3.177643e-03 1.279122e-03 1.637512e-03 7.751604e-03 2.198878e-03 1.928570e-03 3.882015e-03 7.118769e-03 2.884197e-03 8.282014e-03 5.296070e-03 5.321907e-03 
78 781 8.745222e-03 0 0 3.060721e-03 2.669891e-03 2.847552e-03 2.075330e-03 2.345124e-03 2.570466e-03 4.193221e-03 3.914246e-03 2.418671e-03 2.821182e-03 2.633275e-03 2.159740e-03 1.166097e-03 2.237199e-03 7.224258e-04 2.549995e-03 3.145324e-03 1.264994e-03 1.623665e-03 7.687017e-03 2.177618e-03 1.907863e-03 3.842595e-03 7.045241e-03 2.860377e-03 8.201214e-03 5.244709e-03 5.267788e-03 
79 791 8.751910e-03 0 0 3.060707e-03 2.681376e-03 2.850325e-03 2.076682e-03 2.355633e-03 2.571604e-03 4.188535e-03 3.909713e-03 2.427806e-03 2.824464e-03 2.630995e-03 2.161331e-03 1.166627e-03 2.234965e-03 7.223494e-04 2.549000e-03 3.142335e-03 1.263052e-03 1.621825e-03 7.693875e-03 2.176985e-03 1.906661e-03 3.873893e-03 7.044181e-03 2.856627e-03 8.194680e-03 5.237550e-03 5.276401e-03 
80 801 8.749530e-03 0 0 3.056397e-03 2.693515e-03 2.850745e-03 2.075355e-03 2.354797e-03 2.573691e-03 4.189258e-03 3.905891e-03 2.432779e-03 2.831902e-03 2.640499e-03 2.163274e-03 1.164229e-03 2.233620e-03 7.221373e-04 2.545322e-03 3.138133e-03 1.260478e-03 1.621915e-03 7.700727e-03 2.172783e-03 1.901371e-03 3.878023e-03 7.034614e-03 2.852800e-03 8.175325e-03 5.224452e-03 5.274456e-03 
81 811 8.689600e-03 0 0 3.034980e-03 2.680452e-03 2.828061e-03 2.061901e-03 2.335505e-03 2.555685e-03 4.157483e-03 3.876087e-03 2.418170e-03 2.815313e-03 2.630461e-03 2.150185e-03 1.154741e-03 2.215488e-03 7.178114e-04 2.522348e-03 3.111108e-03 1.250408e-03 1.606579e-03 7.642220e-03 2.155568e-03 1.886575e-03 3.860244e-03 6.997722e-03 2.826933e-03 8.114501e-03 5.178070e-03 5.232650e-03 
82 821 8.570018e-03 0 0 2.990483e-03 2.647676e-03 2.783837e-03 2.032157e-03 2.299715e-03 2.528083e-03 4.093963e-03 3.817138e-03 2.392224e-03 2.777043e-03 2.593723e-03 2.119585e-03 1.136470e-03 2.183461e-03 7.085307e-04 2.497161e-03 3.062299e-03 1.234186e-03 1.582649e-03 7.542807e-03 2.124934e-03 1.855974e-03 3.812754e-03 6.891685e-03 2.782688e-03 8.001800e-03 5.096469e-03 5.158037e-03 
83 831 8.367936e-03 0 0 2.916116e-03 2.584317e-03 2.715127e-03 1.983537e-03 2.243839e-03 2.471237e-03 3.990996e-03 3.719187e-03 2.338693e-03 2.708355e-03 2.529659e-03 2.066472e-03 1.107657e-03 2.139078e-03 6.964633e-04 2.435026e-03 2.984871e-03 1.204217e-03 1.544281e-03 7.369476e-03 2.072071e-03 1.808914e-03 3.725805e-03 6.722831e-03 2.710974e-03 7.813556e-03 4.966462e-03 5.027407e-03 
84 841 8.346243e-03 0 0 2.910296e-03 2.591585e-03 2.706133e-03 1.975260e-03 2.242660e-03 2.462979e-03 3.974709e-03 3.709679e-03 2.345357e-03 2.706644e-03 2.517101e-03 2.058053e-03 1.102248e-03 2.133074e-03 6.949953e-04 2.429950e-03 2.972709e-03 1.198599e-03 1.539836e-03 7.344403e-03 2.063519e-03 1.803981e-03 3.719972e-03 6.703990e-03 2.699108e-03 7.778826e-03 4.946256e-03 5.021410e-03 
85 851 8.229483e-03 0 0 2.867686e-03 2.570848e-03 2.673083e-03 1.945076e-03 2.211767e-03 2.423969e-03 3.913745e-03 3.657739e-03 2.319170e-03 2.663939e-03 2.476603e-03 2.026704e-03 1.088571e-03 2.103230e-03 6.856891e-04 2.392310e-03 2.926421e-03 1.180969e-03 1.519028e-03 7.233620e-03 2.029152e-03 1.775817e-03 3.665535e-03 6.608514e-03 2.657117e-03 7.672491e-03 4.867860e-03 4.952134e-03 
86 861 8.120834e-03 0 0 2.834914e-03 2.542021e-03 2.649169e-03 1.915058e-03 2.181591e-03 2.386694e-03 3.855664e-03 3.611667e-03 2.288506e-03 2.621739e-03 2.439919e-03 1.995963e-03 1.071499e-03 2.081976e-03 6.758142e-04 2.372027e-03 2.885233e-03 1.165574e-03 1.500379e-03 7.127765e-03 1.999010e-03 1.750368e-03 3.613500e-03 6.524501e-03 2.617015e-03 7.558819e-03 4.803411e-03 4.885854e-03 
87 871 7.939355e-03 0 0 2.768361e-03 2.494173e-03 2.597060e-03 1.868906e-03 2.134314e-03 2.328328e-03 3.764673e-03 3.528733e-03 2.241550e-03 2.559157e-03 2.380003e-03 1.947012e-03 1.045732e-03 2.034597e-03 6.597757e-04 2.321127e-03 2.815637e-03 1.138161e-03 1.466740e-03 6.960291e-03 1.953818e-03 1.708680e-03 3.532507e-03 6.378356e-03 2.553638e-03 7.386721e-03 4.687783e-03 4.770465e-03 
88 881 7.801823e-03 0 0 2.716335e-03 2.482520e-03 2.551949e-03 1.839186e-03 2.096087e-03 2.286955e-03 3.698110e-03 3.482827e-03 2.203012e-03 2.513701e-03 2.334207e-03 1.912483e-03 1.028218e-03 1.995879e-03 6.470629e-04 2.284327e-03 2.763856e-03 1.116184e-03 1.438725e-03 6.826659e-03 1.916678e-03 1.680546e-03 3.471942e-03 6.261126e-03 2.503540e-03 7.239761e-03 4.599954e-03 4.679637e-03 
89 891 7.728373e-03 0 0 2.694206e-03 2.485288e-03 2.523144e-03 1.818547e-03 2.072124e-03 2.262811e-03 3.660387e-03 3.449865e-03 2.184933e-03 2.484638e-03 2.311795e-03 1.890110e-03 1.017966e-03 1.975718e-03 6.393497e-04 2.259777e-03 2.733538e-03 1.103164e-03 1.424834e-03 6.784363e-03 1.897041e-03 1.661767e-03 3.432772e-03 6.195818e-03 2.474517e-03 7.175468e-03 4.551116e-03 4.625337e-03 
90 901 7.673815e-03 0 0 2.673925e-03 2.481486e-03 2.503693e-03 1.801716e-03 2.064267e-03 2.242468e-03 3.635569e-03 3.425626e-03 2.174660e-03 2.462367e-03 2.291736e-03 1.873463e-03 1.010541e-03 1.957691e-03 6.342441e-04 2.240602e-03 2.710584e-03 1.095612e-03 1.413611e-03 6.735367e-03 1.880165e-03 1.650138e-03 3.403105e-03 6.164960e-03 2.457825e-03 7.115138e-03 4.510888e-03 4.583019e-03 
91 911 7.495412e-03 0 0 2.606558e-03 2.429149e-03 2.439985e-03 1.758939e-03 2.014951e-03 2.186305e-03 3.551334e-03 3.349400e-03 2.123076e-03 2.405461e-03 2.236933e-03 1.826659e-03 9.863356e-04 1.909128e-03 6.185454e-04 2.187993e-03 2.644729e-03 1.068602e-03 1.379945e-03 6.576093e-03 1.832788e-03 1.609292e-03 3.323250e-03 6.015750e-03 2.398831e-03 6.932317e-03 4.396920e-03 4.469417e-03 
92 921 7.191822e-03 0 0 2.497224e-03 2.334647e-03 2.337638e-03 1.691604e-03 1.930867e-03 2.101454e-03 3.405920e-03 3.211552e-03 2.033652e-03 2.307359e-03 2.157675e-03 1.749820e-03 9.445290e-04 1.828416e-03 5.925740e-04 2.094973e-03 2.533301e-03 1.022739e-03 1.324971e-03 6.302454e-03 1.757100e-03 1.540503e-03 3.183046e-03 5.765686e-03 2.299810e-03 6.649565e-03 4.216614e-03 4.281336e-03 
93 931 7.008977e-03 0 0 2.428322e-03 2.289647e-03 2.275804e-03 1.645004e-03 1.890658e-03 2.044732e-03 3.312293e-03 3.129656e-03 1.977504e-03 2.244781e-03 2.101138e-03 1.704507e-03 9.222701e-04 1.781669e-03 5.760455e-04 2.041398e-03 2.463793e-03 9.952654e-04 1.289491e-03 6.131249e-03 1.709874e-03 1.497944e-03 3.098684e-03 5.609711e-03 2.237735e-03 6.465639e-03 4.108362e-03 4.166182e-03 
94 941 6.762866e-03 0 0 2.338555e-03 2.215289e-03 2.193300e-03 1.584297e-03 1.822260e-03 1.968771e-03 3.196066e-03 3.017316e-03 1.907199e-03 2.162271e-03 2.024949e-03 1.641718e-03 8.910509e-04 1.715931e-03 5.545072e-04 1.965563e-03 2.371553e-03 9.581416e-04 1.244029e-03 5.906296e-03 1.646620e-03 1.443923e-03 2.986404e-03 5.401719e-03 2.156495e-03 6.228591e-03 3.954835e-03 4.011277e-03 
95 951 6.546481e-03 0 0 2.280150e-03 2.150192e-03 2.119094e-03 1.535928e-03 1.761076e-03 1.912862e-03 3.088740e-03 2.916356e-03 1.844694e-03 2.094656e-03 1.955505e-03 1.591884e-03 8.619129e-04 1.657824e-03 5.368968e-04 1.903194e-03 2.291222e-03 9.270343e-04 1.202279e-03 5.722036e-03 1.591624e-03 1.395657e-03 2.889346e-03 5.221095e-03 2.084861e-03 6.016895e-03 3.820129e-03 3.876880e-03 
96 961 6.380692e-03 0 0 2.218870e-03 2.094543e-03 2.063432e-03 1.494980e-03 1.713854e-03 1.862914e-03 3.004760e-03 2.844185e-03 1.795010e-03 2.040776e-03 1.901085e-03 1.548563e-03 8.413100e-04 1.626532e-03 5.224254e-04 1.861502e-03 2.229801e-03 9.031468e-04 1.174300e-03 5.579512e-03 1.547982e-03 1.357792e-03 2.809983e-03 5.084177e-03 2.029642e-03 5.866682e-03 3.716216e-03 3.775985e-03 
97 971 6.317077e-03 0 0 2.192499e-03 2.070062e-03 2.040280e-03 1.476386e-03 1.694514e-03 1.841612e-03 2.968595e-03 2.821329e-03 1.774977e-03 2.015220e-03 1.883948e-03 1.535013e-03 8.320573e-04 1.616882e-03 5.169233e-04 1.845665e-03 2.204573e-03 8.933621e-04 1.159778e-03 5.534771e-03 1.529499e-03 1.352457e-03 2.775205e-03 5.029231e-03 2.008693e-03 5.801307e-03 3.670910e-03 3.752318e-03 
98 981 6.203163e-03 0 0 2.148837e-03 2.031870e-03 2.003788e-03 1.446967e-03 1.666236e-03 1.804149e-03 2.907458e-03 2.770174e-03 1.741972e-03 1.974254e-03 1.849916e-03 1.507531e-03 8.166697e-04 1.589507e-03 5.068444e-04 1.811163e-03 2.159472e-03 8.757997e-04 1.136275e-03 5.435768e-03 1.499943e-03 1.326790e-03 2.720340e-03 4.931355e-03 1.976264e-03 5.694285e-03 3.598792e-03 3.693546e-03 
99 991 6.119256e-03 0 0 2.116580e-03 2.002798e-03 1.974443e-03 1.424274e-03 1.644470e-03 1.777081e-03 2.862780e-03 2.735354e-03 1.716235e-03 1.944072e-03 1.824265e-03 1.487488e-03 8.058922e-04 1.564948e-03 4.991615e-04 1.787547e-03 2.125396e-03 8.629359e-04 1.118926e-03 5.364319e-03 1.478780e-03 1.309535e-03 2.678475e-03 4.856353e-03 1.954804e-03 5.612499e-03 3.545028e-03 3.644040e-03 
100 1001 5.921241e-03 0 0 2.045320e-03 1.935311e-03 1.908081e-03 1.375261e-03 1.590538e-03 1.721147e-03 2.768927e-03 2.646156e-03 1.658665e-03 1.879181e-03 1.763652e-03 1.437529e-03 7.792118e-04 1.511810e-03 4.832509e-04 1.728764e-03 2.053729e-03 8.340422e-04 1.081129e-03 5.188477e-03 1.428258e-03 1.270844e-03 2.586037e-03 4.693281e-03 1.895093e-03 5.418761e-03 3.422752e-03 3.521228e-03 
101 1011 5.765520e-03 0 0 1.987494e-03 1.882057e-03 1.856726e-03 1.338260e-03 1.550865e-03 1.674111e-03 2.699281e-03 2.572543e-03 1.611402e-03 1.827502e-03 1.715967e-03 1.396413e-03 7.581561e-04 1.472548e-03 4.704930e-04 1.682431e-03 2.006732e-03 8.108701e-04 1.052720e-03 5.044847e-03 1.387600e-03 1.235379e-03 2.513660e-03 4.562046e-03 1.855329e-03 5.263836e-03 3.324538e-03 3.423430e-03 
102 1021 5.635018e-03 0 0 1.939259e-03 1.837364e-03 1.812618e-03 1.308352e-03 1.517241e-03 1.637671e-03 2.638243e-03 2.512896e-03 1.571874e-03 1.782315e-03 1.674118e-03 1.363416e-03 7.400464e-04 1.437005e-03 4.593228e-04 1.640462e-03 1.958363e-03 7.914910e-04 1.028572e-03 4.927337e-03 1.352703e-03 1.205130e-03 2.457392e-03 4.454369e-03 1.820250e-03 5.132677e-03 3.240612e-03 3.340597e-03 
103 1031 5.540385e-03 0 0 1.903006e-03 1.802115e-03 1.780714e-03 1.289219e-03 1.490569e-03 1.610476e-03 2.594690e-03 2.485892e-03 1.541935e-03 1.750975e-03 1.644273e-03 1.337042e-03 7.260383e-04 1.409987e-03 4.515718e-04 1.611421e-03 1.922248e-03 7.801021e-04 1.011437e-03 4.838135e-03 1.326276e-03 1.183378e-03 2.411224e-03 4.383455e-03 1.790171e-03 5.048822e-03 3.179213e-03 3.278611e-03 
104 1041 5.544918e-03 0 0 1.903829e-03 1.805003e-03 1.779579e-03 1.290495e-03 1.496773e-03 1.616178e-03 2.593257e-03 2.492464e-03 1.539805e-03 1.749516e-03 1.646294e-03 1.336182e-03 7.270159e-04 1.412297e-03 4.537675e-04 1.608609e-03 1.919045e-03 7.823957e-04 1.018064e-03 4.831607e-03 1.325616e-03 1.182465e-03 2.408145e-03 4.381150e-03 1.790367e-03 5.040830e-03 3.177315e-03 3.276549e-03 
105 1051 5.587193e-03 0 0 1.916616e-03 1.817869e-03 1.789117e-03 1.298074e-03 1.509428e-03 1.632876e-03 2.629127e-03 2.515620e-03 1.549745e-03 1.764870e-03 1.654630e-03 1.344052e-03 7.323057e-04 1.419878e-03 4.593584e-04 1.618682e-03 1.933345e-03 7.901804e-04 1.026301e-03 4.863102e-03 1.334462e-03 1.189883e-03 2.421659e-03 4.411242e-03 1.805783e-03 5.076756e-03 3.195275e-03 3.294671e-03 
106 1061 5.593494e-03 0 0 1.916764e-03 1.818794e-03 1.791217e-03 1.299076e-03 1.510554e-03 1.636112e-03 2.634707e-03 2.519521e-03 1.550409e-03 1.765069e-03 1.652484e-03 1.344739e-03 7.317435e-04 1.420376e-03 4.600675e-04 1.618177e-03 1.933395e-03 7.942563e-04 1.027072e-03 4.858851e-03 1.342726e-03 1.188253e-03 2.418543e-03 4.407707e-03 1.807344e-03 5.081274e-03 3.195069e-03 3.291794e-03 
107 1071 5.614878e-03 0 0 1.920650e-03 1.830809e-03 1.795080e-03 1.304599e-03 1.513939e-03 1.642762e-03 2.651372e-03 2.544859e-03 1.553787e-03 1.770758e-03 1.655734e-03 1.349850e-03 7.336051e-04 1.422206e-03 4.617214e-04 1.624339e-03 1.944806e-03 7.983626e-04 1.033819e-03 4.869122e-03 1.347813e-03 1.191009e-03 2.422268e-03 4.415598e-03 1.811866e-03 5.123699e-03 3.203627e-03 3.311103e-03 
108 1081 5.531706e-03 0 0 1.887556e-03 1.814220e-03 1.768270e-03 1.284260e-03 1.488991e-03 1.617638e-03 2.615321e-03 2.511658e-03 1.527271e-03 1.740761e-03 1.630834e-03 1.328917e-03 7.220055e-04 1.398443e-03 4.556918e-04 1.596592e-03 1.913253e-03 7.876126e-04 1.018519e-03 4.788782e-03 1.326292e-03 1.171758e-03 2.381495e-03 4.350718e-03 1.788463e-03 5.049163e-03 3.149179e-03 3.257877e-03 
109 1091 5.543373e-03 0 0 1.892224e-03 1.817670e-03 1.769238e-03 1.285909e-03 1.489211e-03 1.620099e-03 2.630701e-03 2.530777e-03 1.532170e-03 1.740928e-03 1.633238e-03 1.330709e-03 7.223256e-04 1.399740e-03 4.562414e-04 1.599027e-03 1.914157e-03 7.890233e-04 1.018144e-03 4.791605e-03 1.330525e-03 1.179795e-03 2.383714e-03 4.354039e-03 1.790692e-03 5.066021e-03 3.149674e-03 3.265236e-03 
110 1101 5.519699e-03 0 0 1.883396e-03 1.806731e-03 1.758721e-03 1.277366e-03 1.480644e-03 1.615729e-03 2.626853e-03 2.537458e-03 1.527864e-03 1.732202e-03 1.623912e-03 1.324751e-03 7.207647e-04 1.391894e-03 4.538363e-04 1.588641e-03 1.903903e-03 7.846599e-04 1.011722e-03 4.767015e-03 1.323253e-03 1.179345e-03 2.373439e-03 4.329927e-03 1.781183e-03 5.038944e-03 3.136660e-03 3.244481e-03 
111 1111 5.477535e-03 0 0 1.864921e-03 1.789459e-03 1.741713e-03 1.269281e-03 1.468611e-03 1.602505e-03 2.602831e-03 2.532205e-03 1.518420e-03 1.719184e-03 1.608118e-03 1.312075e-03 7.144769e-04 1.380013e-03 4.514844e-04 1.581782e-03 1.890629e-03 7.777568e-04 1.002149e-03 4.725207e-03 1.310745e-03 1.170397e-03 2.351614e-03 4.294999e-03 1.769248e-03 4.993341e-03 3.108154e-03 3.218362e-03 
112 1121 5.425932e-03 0 0 1.850014e-03 1.768514e-03 1.721321e-03 1.256298e-03 1.452163e-03 1.587473e-03 2.575721e-03 2.523685e-03 1.506855e-03 1.701904e-03 1.590236e-03 1.297027e-03 7.072733e-04 1.368928e-03 4.466574e-04 1.565403e-03 1.872024e-03 7.710923e-04 9.905789e-04 4.671132e-03 1.299677e-03 1.158549e-03 2.327918e-03 4.244694e-03 1.753038e-03 4.943401e-03 3.072220e-03 3.182866e-03 
113 1131 5.368815e-03 0 0 1.826300e-03 1.747042e-03 1.701805e-03 1.242207e-03 1.434903e-03 1.571177e-03 2.545737e-03 2.508084e-03 1.490565e-03 1.685170e-03 1.571725e-03 1.283457e-03 6.981980e-04 1.365375e-03 4.411904e-04 1.546327e-03 1.857426e-03 7.630523e-04 9.789830e-04 4.616949e-03 1.283881e-03 1.143734e-03 2.297708e-03 4.191021e-03 1.737701e-03 4.888293e-03 3.038389e-03 3.146961e-03 
114 1141 5.331478e-03 0 0 1.815927e-03 1.735209e-03 1.687405e-03 1.232997e-03 1.430906e-03 1.566226e-03 2.525455e-03 2.494615e-03 1.479753e-03 1.673692e-03 1.560966e-03 1.271739e-03 6.938999e-04 1.359885e-03 4.376925e-04 1.536013e-03 1.843449e-03 7.565819e-04 9.717953e-04 4.588215e-03 1.272658e-03 1.136041e-03 2.291315e-03 4.154314e-03 1.729369e-03 4.844272e-03 3.010431e-03 3.121500e-03 
115 1151 5.326590e-03 0 0 1.812547e-03 1.743118e-03 1.682577e-03 1.232897e-03 1.427534e-03 1.561748e-03 2.522583e-03 2.489964e-03 1.477801e-03 1.672326e-03 1.559187e-03 1.269747e-03 6.925349e-04 1.359950e-03 4.375823e-04 1.532365e-03 1.837748e-03 7.574268e-04 9.687700e-04 4.580108e-03 1.270335e-03 1.133647e-03 2.291185e-03 4.140998e-03 1.726173e-03 4.831914e-03 3.008494e-03 3.111688e-03 
116 1161 5.323278e-03 0 0 1.808249e-03 1.755796e-03 1.677622e-03 1.232799e-03 1.424920e-03 1.558266e-03 2.516400e-03 2.486125e-03 1.475432e-03 1.668350e-03 1.558472e-03 1.266678e-03 6.929386e-04 1.359261e-03 4.369276e-04 1.531128e-03 1.835216e-03 7.563898e-04 9.669004e-04 4.583988e-03 1.269440e-03 1.132932e-03 2.287314e-03 4.132807e-03 1.727484e-03 4.822226e-03 3.005374e-03 3.103135e-03 
117 1171 5.414393e-03 0 0 1.835425e-03 1.792956e-03 1.706870e-03 1.254132e-03 1.448212e-03 1.590680e-03 2.564480e-03 2.532050e-03 1.504463e-03 1.692769e-03 1.585036e-03 1.291171e-03 7.056144e-04 1.382114e-03 4.436355e-04 1.559424e-03 1.878995e-03 7.682573e-04 9.825912e-04 4.667198e-03 1.288655e-03 1.151383e-03 2.326333e-03 4.192639e-03 1.752947e-03 4.901226e-03 3.053869e-03 3.155615e-03 
118 1181 5.522364e-03 0 0 1.868614e-03 1.836305e-03 1.739896e-03 1.281353e-03 1.474542e-03 1.622423e-03 2.614111e-03 2.582698e-03 1.536084e-03 1.725791e-03 1.617610e-03 1.318683e-03 7.191649e-04 1.408505e-03 4.514602e-04 1.600672e-03 1.918945e-03 7.845202e-04 1.002956e-03 4.753440e-03 1.315142e-03 1.173382e-03 2.369847e-03 4.272184e-03 1.784781e-03 4.989395e-03 3.115416e-03 3.216560e-03 
119 1191 5.559240e-03 0 0 1.879197e-03 1.849903e-03 1.749967e-03 1.290045e-03 1.481498e-03 1.629946e-03 2.631686e-03 2.601679e-03 1.544371e-03 1.740392e-03 1.630291e-03 1.327411e-03 7.229257e-04 1.415981e-03 4.534659e-04 1.613604e-03 1.933929e-03 7.916383e-04 1.007477e-03 4.776385e-03 1.321886e-03 1.184708e-03 2.381254e-03 4.326662e-03 1.792855e-03 5.012691e-03 3.143725e-03 3.238740e-03 
120 1201 5.572244e-03 0 0 1.881435e-03 1.852748e-03 1.751406e-03 1.291409e-03 1.482991e-03 1.631189e-03 2.639712e-03 2.612853e-03 1.547195e-03 1.745451e-03 1.635709e-03 1.329096e-03 7.230151e-04 1.417830e-03 4.551384e-04 1.618014e-03 1.941610e-03 7.930551e-04 1.007144e-03 4.775024e-03 1.323527e-03 1.187625e-03 2.380503e-03 4.328315e-03 1.800724e-03 5.015537e-03 3.148441e-03 3.246216e-03 
121 1211 5.643055e-03 0 0 1.908059e-03 1.876163e-03 1.772079e-03 1.305947e-03 1.502055e-03 1.650654e-03 2.674191e-03 2.654404e-03 1.564261e-03 1.776562e-03 1.656301e-03 1.346955e-03 7.309311e-04 1.434456e-03 4.627190e-04 1.640086e-03 1.970178e-03 8.018768e-04 1.017529e-03 4.828392e-03 1.340439e-03 1.207908e-03 2.404566e-03 4.381478e-03 1.823398e-03 5.067768e-03 3.187088e-03 3.281260e-03 
122 1221 5.645481e-03 0 0 1.906620e-03 1.876556e-03 1.769706e-03 1.305364e-03 1.514396e-03 1.649779e-03 2.678719e-03 2.670714e-03 1.560983e-03 1.780673e-03 1.653235e-03 1.345483e-03 7.306020e-04 1.436136e-03 4.628333e-04 1.637208e-03 1.974153e-03 8.015968e-04 1.016820e-03 4.833697e-03 1.341899e-03 1.210644e-03 2.400789e-03 4.377479e-03 1.820064e-03 5.058549e-03 3.183619e-03 3.282128e-03 
123 1231 5.671366e-03 0 0 1.912026e-03 1.889577e-03 1.774500e-03 1.317971e-03 1.521009e-03 1.653842e-03 2.689239e-03 2.684803e-03 1.565820e-03 1.787981e-03 1.658099e-03 1.353150e-03 7.336416e-04 1.441235e-03 4.667254e-04 1.641327e-03 1.983564e-03 8.097058e-04 1.021996e-03 4.850664e-03 1.347007e-03 1.215219e-03 2.411275e-03 4.394197e-03 1.825228e-03 5.070229e-03 3.190276e-03 3.288105e-03 
124 1241 5.735006e-03 0 0 1.934254e-03 1.916072e-03 1.789990e-03 1.335358e-03 1.545856e-03 1.684264e-03 2.714400e-03 2.710939e-03 1.579642e-03 1.807027e-03 1.675411e-03 1.367776e-03 7.407453e-04 1.455913e-03 4.716864e-04 1.665628e-03 2.008505e-03 8.185121e-04 1.035834e-03 4.911957e-03 1.362373e-03 1.227404e-03 2.435237e-03 4.437370e-03 1.854693e-03 5.119017e-03 3.220172e-03 3.318642e-03 
125 1251 5.754803e-03 0 0 1.940519e-03 1.919465e-03 1.793390e-03 1.341044e-03 1.552098e-03 1.691249e-03 2.718267e-03 2.718885e-03 1.583217e-03 1.816293e-03 1.679874e-03 1.374552e-03 7.452424e-04 1.457359e-03 4.727238e-04 1.668824e-03 2.012572e-03 8.222221e-04 1.038758e-03 4.920089e-03 1.368792e-03 1.230107e-03 2.440344e-03 4.445381e-03 1.861637e-03 5.131718e-03 3.224541e-03 3.322294e-03 
126 1261 5.677261e-03 0 0 1.914559e-03 1.890719e-03 1.765580e-03 1.323792e-03 1.529942e-03 1.671210e-03 2.682364e-03 2.681438e-03 1.560012e-03 1.794589e-03 1.658858e-03 1.358472e-03 7.348092e-04 1.436074e-03 4.654615e-04 1.644424e-03 1.982608e-03 8.094621e-04 1.025268e-03 4.848149e-03 1.349897e-03 1.211129e-03 2.405725e-03 4.378012e-03 1.838324e-03 5.052038e-03 3.176554e-03 3.275018e-03 
127 1271 5.671907e-03 0 0 1.910575e-03 1.884256e-03 1.760229e-03 1.320659e-03 1.531797e-03 1.673642e-03 2.678413e-03 2.678485e-03 1.555817e-03 1.796781e-03 1.655713e-03 1.355322e-03 7.332611e-04 1.431101e-03 4.647426e-04 1.643133e-03 1.979615e-03 8.075756e-04 1.029865e-03 4.840710e-03 1.349637e-03 1.208257e-03 2.399249e-03 4.373783e-03 1.842773e-03 5.038877e-03 3.166979e-03 3.265350e-03 
128 1281 5.539787e-03 0 0 1.863304e-03 1.836055e-03 1.715196e-03 1.289575e-03 1.495608e-03 1.634294e-03 2.618389e-03 2.610334e-03 1.515775e-03 1.755456e-03 1.619144e-03 1.322704e-03 7.170487e-04 1.396509e-03 4.528546e-04 1.603024e-03 1.937752e-03 7.876743e-04 1.006973e-03 4.723028e-03 1.318417e-03 1.177088e-03 2.337302e-03 4.267361e-03 1.799475e-03 4.923677e-03 3.089722e-03 3.188441e-03 
129 1291 5.571844e-03 0 0 1.870228e-03 1.844896e-03 1.723096e-03 1.295855e-03 1.502450e-03 1.641461e-03 2.640415e-03 2.619995e-03 1.526402e-03 1.766603e-03 1.637173e-03 1.333697e-03 7.286298e-04 1.402308e-03 4.551995e-04 1.609805e-03 1.948748e-03 7.948349e-04 1.012394e-03 4.743648e-03 1.323569e-03 1.181266e-03 2.346084e-03 4.283978e-03 1.807270e-03 4.953732e-03 3.099902e-03 3.199971e-03 
130 1301 5.571400e-03 0 0 1.866804e-03 1.841896e-03 1.719506e-03 1.293939e-03 1.499118e-03 1.637919e-03 2.647981e-03 2.617537e-03 1.524351e-03 1.766790e-03 1.637942e-03 1.332361e-03 7.356222e-04 1.400685e-03 4.562264e-04 1.608233e-03 1.946818e-03 7.970835e-04 1.010536e-03 4.748217e-03 1.320997e-03 1.180795e-03 2.341095e-03 4.280131e-03 1.805448e-03 4.949568e-03 3.095765e-03 3.192994e-03 
131 1311 5.574445e-03 0 0 1.865399e-03 1.838907e-03 1.718311e-03 1.291583e-03 1.507932e-03 1.636873e-03 2.654640e-03 2.615527e-03 1.522852e-03 1.766134e-03 1.649834e-03 1.330908e-03 7.387976e-04 1.399239e-03 4.554931e-04 1.606298e-03 1.944358e-03 7.996702e-04 1.009289e-03 4.748632e-03 1.324180e-03 1.181853e-03 2.342910e-03 4.275317e-03 1.809622e-03 4.943135e-03 3.090427e-03 3.187401e-03 
132 1321 5.547306e-03 0 0 1.853049e-03 1.831303e-03 1.707703e-03 1.285972e-03 1.500614e-03 1.626568e-03 2.639280e-03 2.602904e-03 1.512403e-03 1.755574e-03 1.648771e-03 1.321927e-03 7.361121e-04 1.390056e-03 4.523903e-04 1.595838e-03 1.930282e-03 8.002101e-04 1.003096e-03 4.727756e-03 1.318752e-03 1.173995e-03 2.329995e-03 4.270499e-03 1.798818e-03 4.921126e-03 3.070224e-03 3.166252e-03 
133 1331 5.444834e-03 0 0 1.815541e-03 1.794782e-03 1.673482e-03 1.261266e-03 1.471813e-03 1.594156e-03 2.594454e-03 2.550136e-03 1.482983e-03 1.720689e-03 1.622933e-03 1.295630e-03 7.231815e-04 1.364531e-03 4.434857e-04 1.569263e-03 1.891219e-03 7.868216e-04 9.834736e-04 4.641499e-03 1.292367e-03 1.151232e-03 2.281560e-03 4.188496e-03 1.767061e-03 4.822494e-03 3.009509e-03 3.103442e-03 
134 1341 5.305386e-03 0 0 1.765429e-03 1.746808e-03 1.626662e-03 1.227463e-03 1.439408e-03 1.550696e-03 2.528921e-03 2.483738e-03 1.443489e-03 1.673987e-03 1.584949e-03 1.259661e-03 7.042086e-04 1.330212e-03 4.318383e-04 1.529707e-03 1.841608e-03 7.663240e-04 9.561326e-04 4.517562e-03 1.257797e-03 1.121883e-03 2.217610e-03 4.072618e-03 1.720893e-03 4.691112e-03 2.927339e-03 3.021411e-03 
135 1351 5.229067e-03 0 0 1.735902e-03 1.718468e-03 1.602522e-03 1.211190e-03 1.421760e-03 1.525742e-03 2.515323e-03 2.444165e-03 1.420111e-03 1.647843e-03 1.561525e-03 1.239506e-03 6.937449e-04 1.309708e-03 4.248075e-04 1.506128e-03 1.811110e-03 7.544833e-04 9.411554e-04 4.445390e-03 1.238455e-03 1.104951e-03 2.179814e-03 4.006674e-03 1.694616e-03 4.615251e-03 2.880426e-03 2.978251e-03 
136 1361 5.204623e-03 0 0 1.724703e-03 1.707299e-03 1.591237e-03 1.205815e-03 1.417382e-03 1.519007e-03 2.530629e-03 2.435201e-03 1.411360e-03 1.636599e-03 1.557817e-03 1.232203e-03 6.894519e-04 1.303712e-03 4.225916e-04 1.499845e-03 1.799481e-03 7.519451e-04 9.359080e-04 4.414105e-03 1.233960e-03 1.099035e-03 2.164063e-03 3.981556e-03 1.684784e-03 4.585041e-03 2.860021e-03 2.958344e-03 
137 1371 5.159889e-03 0 0 1.708996e-03 1.691272e-03 1.574486e-03 1.193830e-03 1.409834e-03 1.504755e-03 2.521183e-03 2.410736e-03 1.397500e-03 1.618932e-03 1.545473e-03 1.221107e-03 6.888926e-04 1.291645e-03 4.197804e-04 1.485029e-03 1.781430e-03 7.443719e-04 9.259475e-04 4.392055e-03 1.222313e-03 1.088695e-03 2.141854e-03 3.937336e-03 1.671635e-03 4.535652e-03 2.831771e-03 2.927505e-03 
138 1381 5.066639e-03 0 0 1.680751e-03 1.657535e-03 1.544777e-03 1.169886e-03 1.390239e-03 1.478153e-03 2.481702e-03 2.363661e-03 1.370463e-03 1.590618e-03 1.518066e-03 1.196630e-03 6.805991e-04 1.268639e-03 4.113471e-04 1.456813e-03 1.749419e-03 7.308488e-04 9.104899e-04 4.307954e-03 1.203729e-03 1.067630e-03 2.098893e-03 3.860791e-03 1.649782e-03 4.445249e-03 2.775512e-03 2.873602e-03 
139 1391 4.984114e-03 0 0 1.651890e-03 1.626583e-03 1.516535e-03 1.148387e-03 1.366181e-03 1.454283e-03 2.457363e-03 2.324910e-03 1.344613e-03 1.566730e-03 1.492186e-03 1.176297e-03 6.781921e-04 1.247521e-03 4.036919e-04 1.432068e-03 1.725442e-03 7.182541e-04 8.947309e-04 4.230653e-03 1.182549e-03 1.049089e-03 2.060038e-03 3.794751e-03 1.619503e-03 4.372075e-03 2.723502e-03 2.821270e-03 
140 1401 4.902382e-03 0 0 1.622242e-03 1.598073e-03 1.500786e-03 1.131564e-03 1.341879e-03 1.427396e-03 2.424101e-03 2.284579e-03 1.319456e-03 1.537883e-03 1.465793e-03 1.158537e-03 6.697687e-04 1.226467e-03 3.959671e-04 1.410653e-03 1.695971e-03 7.055720e-04 8.788240e-04 4.150934e-03 1.163068e-03 1.030714e-03 2.021834e-03 3.724447e-03 1.600409e-03 4.294336e-03 2.680302e-03 2.771531e-03 
141 1411 4.689598e-03 0 0 1.547625e-03 1.527449e-03 1.433982e-03 1.080554e-03 1.282734e-03 1.363090e-03 2.317519e-03 2.182450e-03 1.259407e-03 1.468024e-03 1.399971e-03 1.109164e-03 6.415461e-04 1.172883e-03 3.779626e-04 1.350646e-03 1.624518e-03 6.752716e-04 8.396004e-04 3.971365e-03 1.111299e-03 9.840861e-04 1.933386e-03 3.557295e-03 1.529873e-03 4.106918e-03 2.559599e-03 2.645836e-03 
142 1421 4.611638e-03 0 0 1.520199e-03 1.502770e-03 1.407023e-03 1.063731e-03 1.260413e-03 1.345722e-03 2.284506e-03 2.141669e-03 1.236661e-03 1.446831e-03 1.375840e-03 1.089237e-03 6.323449e-04 1.150942e-03 3.713220e-04 1.337264e-03 1.596094e-03 6.638797e-04 8.245167e-04 3.898415e-03 1.092402e-03 9.656426e-04 1.897478e-03 3.489374e-03 1.502345e-03 4.034408e-03 2.511679e-03 2.595268e-03 
143 1431 4.528870e-03 0 0 1.490581e-03 1.473236e-03 1.380228e-03 1.042723e-03 1.236427e-03 1.325861e-03 2.245495e-03 2.098055e-03 1.214029e-03 1.425057e-03 1.349247e-03 1.068273e-03 6.220816e-04 1.128550e-03 3.643861e-04 1.314333e-03 1.566525e-03 6.508930e-04 8.086469e-04 3.820122e-03 1.070724e-03 9.500266e-04 1.863669e-03 3.423385e-03 1.474701e-03 3.957877e-03 2.467392e-03 2.542604e-03 
144 1441 4.354174e-03 0 0 1.430074e-03 1.413087e-03 1.324335e-03 1.000276e-03 1.187397e-03 1.276920e-03 2.158205e-03 2.019874e-03 1.165839e-03 1.370611e-03 1.294796e-03 1.025012e-03 5.978686e-04 1.085263e-03 3.496652e-04 1.266509e-03 1.506222e-03 6.253613e-04 7.771739e-04 3.663688e-03 1.027789e-03 9.126802e-04 1.788435e-03 3.289099e-03 1.414664e-03 3.804457e-03 2.371141e-03 2.442429e-03 
145 1451 4.183012e-03 0 0 1.379449e-03 1.354438e-03 1.269023e-03 9.587392e-04 1.140688e-03 1.233033e-03 2.074343e-03 1.941080e-03 1.120388e-03 1.315395e-03 1.244239e-03 9.844986e-04 5.747154e-04 1.040542e-03 3.352322e-04 1.216596e-03 1.445656e-03 5.995565e-04 7.457434e-04 3.512812e-03 9.856213e-04 8.747637e-04 1.714366e-03 3.153077e-03 1.358992e-03 3.648774e-03 2.273176e-03 2.340381e-03 
146 1461 4.015838e-03 0 0 1.323078e-03 1.300238e-03 1.215793e-03 9.209340e-04 1.092320e-03 1.184634e-03 1.987396e-03 1.859056e-03 1.072949e-03 1.264160e-03 1.195318e-03 9.471039e-04 5.522222e-04 9.969207e-04 3.211458e-04 1.166310e-03 1.385301e-03 5.744838e-04 7.144498e-04 3.371499e-03 9.475764e-04 8.412145e-04 1.642560e-03 3.025867e-03 1.303295e-03 3.499980e-03 2.182650e-03 2.241710e-03 
147 1471 3.847761e-03 0 0 1.272424e-03 1.245623e-03 1.163784e-03 8.810808e-04 1.044239e-03 1.133016e-03 1.902073e-03 1.779032e-03 1.027318e-03 1.210757e-03 1.144014e-03 9.064413e-04 5.284005e-04 9.534464e-04 3.073067e-04 1.115740e-03 1.326671e-03 5.505599e-04 6.829532e-04 3.222128e-03 9.070240e-04 8.047432e-04 1.570890e-03 2.894122e-03 1.248692e-03 3.353902e-03 2.087135e-03 2.142546e-03 
148 1481 3.744751e-03 0 0 1.237965e-03 1.211212e-03 1.130776e-03 8.558603e-04 1.019411e-03 1.101247e-03 1.851204e-03 1.727442e-03 9.975392e-04 1.177028e-03 1.114428e-03 8.813573e-04 5.138091e-04 9.298498e-04 2.986025e-04 1.083228e-03 1.289285e-03 5.348741e-04 6.631122e-04 3.129837e-03 8.810532e-04 7.819134e-04 1.527069e-03 2.812012e-03 1.220705e-03 3.265234e-03 2.027079e-03 2.082717e-03 
149 1491 3.658820e-03 0 0 1.210872e-03 1.181565e-03 1.104313e-03 8.356637e-04 9.943419e-04 1.074589e-03 1.807308e-03 1.688982e-03 9.739720e-04 1.149870e-03 1.088606e-03 8.617741e-04 5.015880e-04 9.086724e-04 2.912395e-04 1.059131e-03 1.267936e-03 5.215579e-04 6.481532e-04 3.056066e-03 8.614153e-04 7.625749e-04 1.492269e-03 2.743005e-03 1.193580e-03 3.195475e-03 1.975909e-03 2.033276e-03 
150 1501 3.651290e-03 0 0 1.207834e-03 1.176924e-03 1.101426e-03 8.329723e-04 9.911289e-04 1.070414e-03 1.802980e-03 1.684327e-03 9.701203e-04 1.147702e-03 1.087279e-03 8.594815e-04 5.009621e-04 9.060152e-04 2.900105e-04 1.056480e-03 1.269970e-03 5.198254e-04 6.458119e-04 3.054882e-03 8.609427e-04 7.606125e-04 1.490561e-03 2.739069e-03 1.190370e-03 3.189001e-03 1.979843e-03 2.027103e-03 
151 1511 3.639567e-03 0 0 1.201946e-03 1.170995e-03 1.096203e-03 8.285900e-04 9.889502e-04 1.071167e-03 1.797717e-03 1.676209e-03 9.673564e-04 1.144133e-03 1.081680e-03 8.562987e-04 4.989907e-04 9.015799e-04 2.888445e-04 1.059543e-03 1.267532e-03 5.177028e-04 6.422288e-04 3.045437e-03 8.589810e-04 7.581221e-04 1.483663e-03 2.732523e-03 1.186191e-03 3.176108e-03 1.973288e-03 2.016929e-03 
152 1521 3.635790e-03 0 0 1.198497e-03 1.169808e-03 1.093996e-03 8.270599e-04 9.866478e-04 1.074890e-03 1.794828e-03 1.671992e-03 9.683871e-04 1.142448e-03 1.078889e-03 8.572350e-04 4.992227e-04 8.994103e-04 2.890309e-04 1.057473e-03 1.266049e-03 5.173668e-04 6.421981e-04 3.039279e-03 8.592463e-04 7.571126e-04 1.479238e-03 2.726396e-03 1.182461e-03 3.166089e-03 1.967292e-03 2.012694e-03 
153 1531 3.644124e-03 0 0 1.201370e-03 1.170940e-03 1.095428e-03 8.277679e-04 9.873614e-04 1.083628e-03 1.795923e-03 1.679444e-03 9.709979e-04 1.147023e-03 1.080103e-03 8.596850e-04 5.001056e-04 9.023648e-04 2.891936e-04 1.064215e-03 1.271897e-03 5.181233e-04 6.449917e-04 3.043308e-03 8.606349e-04 7.580943e-04 1.478769e-03 2.732141e-03 1.182833e-03 3.172505e-03 1.966989e-03 2.023762e-03 
154 1541 3.618957e-03 0 0 1.197932e-03 1.160186e-03 1.085859e-03 8.200338e-04 9.790101e-04 1.079127e-03 1.780463e-03 1.666934e-03 9.654309e-04 1.138445e-03 1.070465e-03 8.523905e-04 5.002113e-04 8.951995e-04 2.868929e-04 1.056758e-03 1.262450e-03 5.148702e-04 6.415928e-04 3.018730e-03 8.537774e-04 7.514752e-04 1.465357e-03 2.708921e-03 1.173293e-03 3.143398e-03 1.948586e-03 2.010841e-03 
155 1551 3.605029e-03 0 0 1.191624e-03 1.154509e-03 1.083967e-03 8.149387e-04 9.753300e-04 1.078353e-03 1.771355e-03 1.659407e-03 9.611818e-04 1.133172e-03 1.063926e-03 8.508460e-04 4.992291e-04 8.904058e-04 2.850536e-04 1.053230e-03 1.256295e-03 5.118579e-04 6.387414e-04 3.006815e-03 8.488615e-04 7.466021e-04 1.457154e-03 2.697004e-03 1.167222e-03 3.128106e-03 1.936217e-03 2.001711e-03 
156 1561 3.629918e-03 0 0 1.208834e-03 1.159762e-03 1.093720e-03 8.188995e-04 9.805698e-04 1.086703e-03 1.781669e-03 1.671216e-03 9.669455e-04 1.147488e-03 1.071304e-03 8.579192e-04 5.033600e-04 9.000326e-04 2.865818e-04 1.059481e-03 1.263823e-03 5.142974e-04 6.432083e-04 3.025016e-03 8.534917e-04 7.513970e-04 1.463877e-03 2.727435e-03 1.173453e-03 3.141804e-03 1.945326e-03 2.012396e-03 
157 1571 3.616897e-03 0 0 1.204781e-03 1.157230e-03 1.090637e-03 8.146832e-04 9.750594e-04 1.085045e-03 1.772800e-03 1.668809e-03 9.627666e-04 1.143887e-03 1.066355e-03 8.541707e-04 5.031227e-04 8.967895e-04 2.856136e-04 1.054119e-03 1.259578e-03 5.121206e-04 6.413690e-04 3.007850e-03 8.503442e-04 7.469339e-04 1.455789e-03 2.719112e-03 1.178556e-03 3.126374e-03 1.934073e-03 2.002518e-03 
158 1581 3.612528e-03 0 0 1.202145e-03 1.154476e-03 1.087708e-03 8.148178e-04 9.737940e-04 1.082904e-03 1.769576e-03 1.667774e-03 9.595864e-04 1.143020e-03 1.064172e-03 8.516793e-04 5.026508e-04 8.952900e-04 2.867951e-04 1.052255e-03 1.257911e-03 5.123433e-04 6.391976e-04 3.007841e-03 8.477244e-04 7.454300e-04 1.450699e-03 2.715496e-03 1.177749e-03 3.117698e-03 1.930258e-03 1.995731e-03 
159 1591 3.545960e-03 0 0 1.177549e-03 1.132377e-03 1.065108e-03 8.001863e-04 9.561099e-04 1.062533e-03 1.733073e-03 1.636969e-03 9.410067e-04 1.121538e-03 1.044738e-03 8.348802e-04 4.938525e-04 8.779461e-04 2.821174e-04 1.031199e-03 1.236586e-03 5.044665e-04 6.265402e-04 2.946711e-03 8.318196e-04 7.319920e-04 1.423373e-03 2.670091e-03 1.155418e-03 3.053355e-03 1.893284e-03 1.956480e-03 
160 1601 3.454319e-03 0 0 1.145221e-03 1.102598e-03 1.038076e-03 7.790700e-04 9.294808e-04 1.032689e-03 1.685734e-03 1.592909e-03 9.206350e-04 1.090654e-03 1.016361e-03 8.138242e-04 4.814116e-04 8.555142e-04 2.753604e-04 1.005858e-03 1.204941e-03 4.918288e-04 6.105985e-04 2.872110e-03 8.092625e-04 7.117595e-04 1.384273e-03 2.597573e-03 1.124326e-03 2.967684e-03 1.843561e-03 1.901062e-03 
161 1611 3.410622e-03 0 0 1.128716e-03 1.086865e-03 1.023969e-03 7.706961e-04 9.183541e-04 1.019898e-03 1.661922e-03 1.570690e-03 9.101649e-04 1.074920e-03 1.001378e-03 8.022055e-04 4.750094e-04 8.442450e-04 2.727849e-04 9.916097e-04 1.188795e-03 4.850164e-04 6.041632e-04 2.830134e-03 7.991230e-04 7.059403e-04 1.364443e-03 2.560972e-03 1.112580e-03 2.926520e-03 1.818779e-03 1.872525e-03 
162 1621 3.378324e-03 0 0 1.116413e-03 1.074296e-03 1.015051e-03 7.623926e-04 9.104369e-04 1.008399e-03 1.643383e-03 1.553049e-03 9.016575e-04 1.067438e-03 9.921714e-04 7.929740e-04 4.723325e-04 8.345041e-04 2.707114e-04 9.799850e-04 1.174969e-03 4.795716e-04 5.982420e-04 2.803589e-03 7.984870e-04 6.994712e-04 1.348278e-03 2.531467e-03 1.101179e-03 2.899502e-03 1.798897e-03 1.851150e-03 
163 1631 3.321443e-03 0 0 1.095994e-03 1.057170e-03 9.958701e-04 7.489769e-04 8.937892e-04 9.920837e-04 1.611772e-03 1.525862e-03 8.854230e-04 1.050680e-03 9.736750e-04 7.783325e-04 4.637727e-04 8.228801e-04 2.670558e-04 9.634721e-04 1.154563e-03 4.717170e-04 5.882435e-04 2.750356e-03 7.866690e-04 6.874755e-04 1.325675e-03 2.485698e-03 1.081464e-03 2.843513e-03 1.767376e-03 1.816259e-03 
164 1641 3.291292e-03 0 0 1.087555e-03 1.050693e-03 9.855989e-04 7.413997e-04 8.837808e-04 9.817609e-04 1.597533e-03 1.510606e-03 8.762640e-04 1.040020e-03 9.652816e-04 7.703712e-04 4.597712e-04 8.138352e-04 2.651107e-04 9.526404e-04 1.142764e-03 4.684233e-04 5.837322e-04 2.720600e-03 7.800507e-04 6.832359e-04 1.311549e-03 2.458014e-03 1.069707e-03 2.815430e-03 1.750393e-03 1.796488e-03 
165 1651 3.274772e-03 0 0 1.079839e-03 1.043936e-03 9.789491e-04 7.369082e-04 8.780405e-04 9.746023e-04 1.587100e-03 1.501837e-03 8.740569e-04 1.034571e-03 9.620407e-04 7.664306e-04 4.569344e-04 8.095269e-04 2.647214e-04 9.479404e-04 1.135887e-03 4.666235e-04 5.802022e-04 2.703125e-03 7.752616e-04 6.812040e-04 1.302867e-03 2.448118e-03 1.063995e-03 2.796392e-03 1.741546e-03 1.783672e-03 
166 1661 3.202935e-03 0 0 1.053743e-03 1.019202e-03 9.554432e-04 7.191256e-04 8.581664e-04 9.511941e-04 1.552026e-03 1.481918e-03 8.534811e-04 1.011540e-03 9.427345e-04 7.496433e-04 4.461366e-04 7.919625e-04 2.591735e-04 9.264338e-04 1.109552e-03 4.557817e-04 5.680057e-04 2.636619e-03 7.577878e-04 6.660890e-04 1.271335e-03 2.393162e-03 1.039897e-03 2.735269e-03 1.702718e-03 1.740344e-03 
167 1671 3.157622e-03 0 0 1.041469e-03 1.003571e-03 9.412885e-04 7.071982e-04 8.462305e-04 9.469116e-04 1.527567e-03 1.465923e-03 8.400312e-04 9.985533e-04 9.274184e-04 7.379995e-04 4.401445e-04 7.801796e-04 2.561490e-04 9.111187e-04 1.091234e-03 4.487202e-04 5.598544e-04 2.597066e-03 7.460782e-04 6.554825e-04 1.250519e-03 2.362659e-03 1.022552e-03 2.693214e-03 1.675499e-03 1.713236e-03 
168 1681 3.096526e-03 0 0 1.020842e-03 9.820749e-04 9.237191e-04 6.936697e-04 8.284665e-04 9.323103e-04 1.495368e-03 1.439634e-03 8.222238e-04 9.778696e-04 9.079478e-04 7.233098e-04 4.327079e-04 7.635820e-04 2.508787e-04 8.922627e-04 1.069357e-03 4.397417e-04 5.488843e-04 2.541950e-03 7.313162e-04 6.429147e-04 1.223519e-03 2.313025e-03 1.000315e-03 2.639919e-03 1.639219e-03 1.677188e-03 
169 1691 3.003796e-03 0 0 9.883370e-04 9.544396e-04 8.946656e-04 6.718422e-04 8.028682e-04 9.047051e-04 1.448256e-03 1.395852e-03 7.959898e-04 9.470840e-04 8.788786e-04 7.010660e-04 4.197995e-04 7.392346e-04 2.437419e-04 8.658245e-04 1.039575e-03 4.266317e-04 5.313999e-04 2.462630e-03 7.082894e-04 6.256379e-04 1.184389e-03 2.238921e-03 9.681188e-04 2.557676e-03 1.588054e-03 1.627602e-03 
170 1701 2.912872e-03 0 0 9.561689e-04 9.251665e-04 8.663682e-04 6.502946e-04 7.768505e-04 8.779950e-04 1.405442e-03 1.356472e-03 7.699163e-04 9.169855e-04 8.509408e-04 6.787668e-04 4.065793e-04 7.161316e-04 2.360707e-04 8.387368e-04 1.007842e-03 4.133851e-04 5.140545e-04 2.387303e-03 6.859077e-04 6.071486e-04 1.146281e-03 2.169525e-03 9.366412e-04 2.485948e-03 1.538381e-03 1.576959e-03 
171 1711 2.860616e-03 0 0 9.379819e-04 9.069950e-04 8.505083e-04 6.379345e-04 7.631219e-04 8.609982e-04 1.379018e-03 1.337801e-03 7.543554e-04 9.020077e-04 8.361269e-04 6.648418e-04 3.988061e-04 7.032086e-04 2.313871e-04 8.229933e-04 9.897690e-04 4.050844e-04 5.041148e-04 2.340496e-03 6.734957e-04 5.977762e-04 1.123517e-03 2.126415e-03 9.191249e-04 2.439399e-03 1.512227e-03 1.547793e-03 
172 1721 2.891344e-03 0 0 9.471329e-04 9.155185e-04 8.599355e-04 6.437578e-04 7.699181e-04 8.682862e-04 1.393764e-03 1.360738e-03 7.647501e-04 9.170284e-04 8.447365e-04 6.723347e-04 4.028220e-04 7.095364e-04 2.340782e-04 8.311934e-04 9.997098e-04 4.087878e-04 5.100819e-04 2.363465e-03 6.797600e-04 6.049712e-04 1.135582e-03 2.144589e-03 9.272199e-04 2.463579e-03 1.528261e-03 1.562307e-03 
173 1731 2.884431e-03 0 0 9.427776e-04 9.128392e-04 8.571072e-04 6.418068e-04 7.687756e-04 8.666087e-04 1.390469e-03 1.360412e-03 7.619638e-04 9.149314e-04 8.424052e-04 6.704003e-04 4.015441e-04 7.069855e-04 2.358836e-04 8.276729e-04 9.967686e-04 4.076938e-04 5.081881e-04 2.352391e-03 6.793120e-04 6.040705e-04 1.131905e-03 2.137146e-03 9.304569e-04 2.452275e-03 1.523452e-03 1.556729e-03 
174 1741 2.915258e-03 0 0 9.548476e-04 9.210925e-04 8.643408e-04 6.476160e-04 7.758417e-04 8.747115e-04 1.403300e-03 1.380868e-03 7.693269e-04 9.249480e-04 8.495344e-04 6.777161e-04 4.058177e-04 7.136694e-04 2.411270e-04 8.373393e-04 1.004765e-03 4.121148e-04 5.132454e-04 2.372341e-03 6.870290e-04 6.111429e-04 1.143017e-03 2.160696e-03 9.392158e-04 2.475637e-03 1.535981e-03 1.574118e-03 
175 1751 2.960142e-03 0 0 9.697375e-04 9.355335e-04 8.762609e-04 6.569022e-04 7.869080e-04 8.869590e-04 1.425121e-03 1.405496e-03 7.794352e-04 9.375314e-04 8.610022e-04 6.868843e-04 4.126882e-04 7.283961e-04 2.471748e-04 8.500083e-04 1.018958e-03 4.178170e-04 5.201824e-04 2.405913e-03 6.970625e-04 6.210206e-04 1.157792e-03 2.191056e-03 9.548389e-04 2.510811e-03 1.557628e-03 1.596182e-03 
176 1761 2.970314e-03 0 0 9.720458e-04 9.393074e-04 8.780618e-04 6.584265e-04 7.882538e-04 8.880246e-04 1.434324e-03 1.409567e-03 7.803151e-04 9.396001e-04 8.631780e-04 6.881394e-04 4.130741e-04 7.317538e-04 2.488594e-04 8.542457e-04 1.020428e-03 4.191930e-04 5.211430e-04 2.409292e-03 6.996912e-04 6.237319e-04 1.159672e-03 2.195031e-03 9.564545e-04 2.522544e-03 1.561891e-03 1.599727e-03 
177 1771 2.913635e-03 0 0 9.515610e-04 9.211803e-04 8.597459e-04 6.449180e-04 7.719636e-04 8.695436e-04 1.408532e-03 1.380824e-03 7.638426e-04 9.206349e-04 8.478311e-04 6.736137e-04 4.043415e-04 7.193555e-04 2.442213e-04 8.373470e-04 9.994929e-04 4.108910e-04 5.108617e-04 2.358777e-03 6.862827e-04 6.119054e-04 1.134892e-03 2.155232e-03 9.367566e-04 2.477762e-03 1.530135e-03 1.566683e-03 
178 1781 2.841355e-03 0 0 9.266662e-04 8.971750e-04 8.372528e-04 6.274956e-04 7.520216e-04 8.471786e-04 1.372852e-03 1.343715e-03 7.437065e-04 8.964991e-04 8.266099e-04 6.578085e-04 3.937829e-04 7.026782e-04 2.377579e-04 8.162993e-04 9.726848e-04 4.028838e-04 4.969114e-04 2.294772e-03 6.680759e-04 5.958037e-04 1.104692e-03 2.100242e-03 9.132164e-04 2.416059e-03 1.493734e-03 1.526594e-03 
179 1791 2.818934e-03 0 0 9.170812e-04 8.895414e-04 8.300373e-04 6.236556e-04 7.456166e-04 8.394442e-04 1.363083e-03 1.330744e-03 7.361058e-04 8.919370e-04 8.198401e-04 6.522110e-04 3.909599e-04 6.979169e-04 2.360260e-04 8.089381e-04 9.628185e-04 4.000852e-04 4.931808e-04 2.270877e-03 6.625795e-04 5.931594e-04 1.093763e-03 2.084731e-03 9.045836e-04 2.392955e-03 1.485946e-03 1.514250e-03 
180 1801 2.794757e-03 0 0 9.079860e-04 8.810703e-04 8.230304e-04 6.184860e-04 7.382930e-04 8.315830e-04 1.355998e-03 1.318878e-03 7.279786e-04 8.848796e-04 8.145995e-04 6.461886e-04 3.873657e-04 6.911058e-04 2.339091e-04 8.014878e-04 9.531226e-04 3.981113e-04 4.884715e-04 2.248073e-03 6.553189e-04 5.886051e-04 1.082559e-03 2.066284e-03 8.954522e-04 2.375015e-03 1.476524e-03 1.499328e-03 
181 1811 2.795656e-03 0 0 9.066035e-04 8.810762e-04 8.217061e-04 6.181469e-04 7.385646e-04 8.352947e-04 1.357904e-03 1.316143e-03 7.270758e-04 8.857423e-04 8.142138e-04 6.460976e-04 3.872163e-04 6.908223e-04 2.342793e-04 8.020034e-04 9.530623e-04 3.999483e-04 4.879743e-04 2.247594e-03 6.548126e-04 5.885728e-04 1.082515e-03 2.066467e-03 8.948253e-04 2.372223e-03 1.473215e-03 1.496603e-03 
182 1821 2.775231e-03 0 0 8.985186e-04 8.732659e-04 8.138556e-04 6.125997e-04 7.319532e-04 8.317927e-04 1.354742e-03 1.303341e-03 7.243545e-04 8.795733e-04 8.082082e-04 6.406957e-04 3.842982e-04 6.855792e-04 2.327056e-04 7.944897e-04 9.442062e-04 3.988298e-04 4.847413e-04 2.227735e-03 6.490426e-04 5.835009e-04 1.076938e-03 2.053591e-03 8.862537e-04 2.352757e-03 1.458592e-03 1.482064e-03 
183 1831 2.794392e-03 0 0 9.027731e-04 8.803772e-04 8.178628e-04 6.161100e-04 7.370695e-04 8.386144e-04 1.375487e-03 1.309211e-03 7.278541e-04 8.850199e-04 8.179213e-04 6.447002e-04 3.864205e-04 6.903510e-04 2.345852e-04 7.995887e-04 9.483881e-04 4.046704e-04 4.876078e-04 2.238048e-03 6.527578e-04 5.882652e-04 1.082078e-03 2.063641e-03 8.907390e-04 2.364780e-03 1.467583e-03 1.492178e-03 
184 1841 2.742977e-03 0 0 8.852181e-04 8.639357e-04 8.013718e-04 6.041269e-04 7.219901e-04 8.231973e-04 1.352735e-03 1.283406e-03 7.125843e-04 8.687034e-04 8.025988e-04 6.322791e-04 3.784873e-04 6.766534e-04 2.301862e-04 7.832075e-04 9.353546e-04 3.987057e-04 4.782748e-04 2.196140e-03 6.404184e-04 5.772557e-04 1.059771e-03 2.031469e-03 8.726352e-04 2.319982e-03 1.438334e-03 1.461237e-03 
185 1851 2.714649e-03 0 0 8.739999e-04 8.543464e-04 7.924776e-04 5.981242e-04 7.139747e-04 8.150348e-04 1.341729e-03 1.268642e-03 7.048105e-04 8.600391e-04 7.972801e-04 6.257348e-04 3.739059e-04 6.688634e-04 2.287920e-04 7.732543e-04 9.261676e-04 3.958001e-04 4.730733e-04 2.171731e-03 6.349039e-04 5.712588e-04 1.047320e-03 2.010793e-03 8.618042e-04 2.290561e-03 1.420499e-03 1.443078e-03 
186 1861 2.610460e-03 0 0 8.388066e-04 8.209525e-04 7.607272e-04 5.744565e-04 6.859115e-04 7.824830e-04 1.290467e-03 1.221858e-03 6.765010e-04 8.262059e-04 7.673867e-04 6.010133e-04 3.587888e-04 6.422052e-04 2.200481e-04 7.437085e-04 8.897748e-04 3.816167e-04 4.542177e-04 2.087056e-03 6.091214e-04 5.489475e-04 1.005497e-03 1.934975e-03 8.275239e-04 2.198208e-03 1.363143e-03 1.385547e-03 
187 1871 2.509081e-03 0 0 8.054332e-04 7.884677e-04 7.298904e-04 5.510995e-04 6.596503e-04 7.516688e-04 1.237445e-03 1.173187e-03 6.487324e-04 7.927885e-04 7.374234e-04 5.775978e-04 3.442643e-04 6.158162e-04 2.114785e-04 7.140816e-04 8.583849e-04 3.667094e-04 4.365676e-04 2.003589e-03 5.842852e-04 5.262407e-04 9.647619e-04 1.862304e-03 7.940515e-04 2.107865e-03 1.307030e-03 1.330839e-03 
188 1881 2.493496e-03 0 0 7.992995e-04 7.833245e-04 7.242877e-04 5.464915e-04 6.570814e-04 7.482078e-04 1.227499e-03 1.169302e-03 6.437584e-04 7.859630e-04 7.316721e-04 5.730094e-04 3.414684e-04 6.154119e-04 2.101308e-04 7.122497e-04 8.555481e-04 3.651851e-04 4.327965e-04 1.987798e-03 5.796216e-04 5.218139e-04 9.567243e-04 1.848607e-03 7.890376e-04 2.090526e-03 1.296484e-03 1.319682e-03 
189 1891 2.398034e-03 0 0 7.671533e-04 7.529645e-04 6.952371e-04 5.261012e-04 6.320549e-04 7.193816e-04 1.182169e-03 1.125663e-03 6.184292e-04 7.550557e-04 7.026806e-04 5.499584e-04 3.279723e-04 5.915020e-04 2.019704e-04 6.845255e-04 8.222966e-04 3.513437e-04 4.153677e-04 1.908420e-03 5.563014e-04 5.008832e-04 9.184483e-04 1.778439e-03 7.574416e-04 2.007212e-03 1.246007e-03 1.266767e-03 
190 1901 2.321988e-03 0 0 7.420568e-04 7.283304e-04 6.728319e-04 5.095938e-04 6.109133e-04 6.963140e-04 1.142196e-03 1.097667e-03 5.981809e-04 7.299717e-04 6.794261e-04 5.315431e-04 3.169140e-04 5.729236e-04 1.954064e-04 6.620508e-04 7.963332e-04 3.396042e-04 4.014736e-04 1.848528e-03 5.373863e-04 4.848089e-04 8.908086e-04 1.719650e-03 7.318794e-04 1.940259e-03 1.204484e-03 1.224588e-03 
191 1911 2.239446e-03 0 0 7.145257e-04 7.010237e-04 6.488209e-04 4.915570e-04 5.891426e-04 6.712718e-04 1.102208e-03 1.060903e-03 5.758755e-04 7.033884e-04 6.553283e-04 5.113748e-04 3.050757e-04 5.516836e-04 1.882547e-04 6.373961e-04 7.670929e-04 3.276286e-04 3.865428e-04 1.779844e-03 5.169366e-04 4.666438e-04 8.585389e-04 1.655480e-03 7.049574e-04 1.867975e-03 1.158880e-03 1.179977e-03 
192 1921 2.202802e-03 0 0 7.033744e-04 6.886134e-04 6.366908e-04 4.847613e-04 5.787267e-04 6.594531e-04 1.083366e-03 1.052213e-03 5.654698e-04 6.905552e-04 6.434584e-04 5.028089e-04 2.999846e-04 5.424396e-04 1.850812e-04 6.261977e-04 7.542420e-04 3.221022e-04 3.802463e-04 1.747331e-03 5.096317e-04 4.588752e-04 8.430453e-04 1.624402e-03 6.918773e-04 1.832966e-03 1.139408e-03 1.159097e-03 
193 1931 2.155817e-03 0 0 6.869788e-04 6.728126e-04 6.216876e-04 4.743438e-04 5.671406e-04 6.447862e-04 1.064016e-03 1.034404e-03 5.534850e-04 6.752052e-04 6.281526e-04 4.914288e-04 2.936762e-04 5.309403e-04 1.807882e-04 6.121420e-04 7.373295e-04 3.150759e-04 3.716959e-04 1.707827e-03 4.979886e-04 4.548300e-04 8.246000e-04 1.592365e-03 6.769007e-04 1.791803e-03 1.113664e-03 1.133201e-03 
194 1941 2.111825e-03 0 0 6.714618e-04 6.593385e-04 6.087700e-04 4.644412e-04 5.541427e-04 6.302067e-04 1.043320e-03 1.014080e-03 5.435812e-04 6.610634e-04 6.136789e-04 4.812717e-04 2.876215e-04 5.193176e-04 1.768049e-04 6.006647e-04 7.206141e-04 3.084282e-04 3.641071e-04 1.671777e-03 4.884823e-04 4.463096e-04 8.070009e-04 1.563426e-03 6.648176e-04 1.753156e-03 1.090549e-03 1.110148e-03 
195 1951 2.105622e-03 0 0 6.680761e-04 6.562683e-04 6.075307e-04 4.629466e-04 5.534745e-04 6.274795e-04 1.038794e-03 1.015701e-03 5.415568e-04 6.583463e-04 6.120101e-04 4.788027e-04 2.865918e-04 5.168328e-04 1.760856e-04 5.995581e-04 7.168344e-04 3.072255e-04 3.624268e-04 1.663318e-03 4.866534e-04 4.480742e-04 8.045836e-04 1.556639e-03 6.633739e-04 1.744391e-03 1.085016e-03 1.104007e-03 
196 1961 2.076798e-03 0 0 6.572908e-04 6.488690e-04 6.008245e-04 4.563111e-04 5.447195e-04 6.172965e-04 1.021970e-03 1.005481e-03 5.333429e-04 6.481088e-04 6.022794e-04 4.711516e-04 2.822691e-04 5.100799e-04 1.734926e-04 5.911511e-04 7.066853e-04 3.032814e-04 3.583238e-04 1.637508e-03 4.796172e-04 4.441742e-04 7.924417e-04 1.532004e-03 6.543755e-04 1.715940e-03 1.069926e-03 1.087339e-03 
197 1971 2.055898e-03 0 0 6.504230e-04 6.455023e-04 5.962498e-04 4.515770e-04 5.419439e-04 6.100065e-04 1.012897e-03 9.960913e-04 5.279953e-04 6.404242e-04 5.990556e-04 4.656399e-04 2.787566e-04 5.041801e-04 1.713714e-04 5.839553e-04 7.009746e-04 2.997717e-04 3.543031e-04 1.619233e-03 4.741186e-04 4.405152e-04 7.830241e-04 1.514706e-03 6.501981e-04 1.694659e-03 1.059263e-03 1.074710e-03 
198 1981 2.077110e-03 0 0 6.569939e-04 6.549373e-04 6.027799e-04 4.553423e-04 5.476148e-04 6.149600e-04 1.022701e-03 1.006247e-03 5.330187e-04 6.460188e-04 6.058283e-04 4.698460e-04 2.820583e-04 5.086227e-04 1.727858e-04 5.893760e-04 7.080071e-04 3.030418e-04 3.577901e-04 1.632551e-03 4.806870e-04 4.500863e-04 7.907734e-04 1.529170e-03 6.567556e-04 1.708210e-03 1.069395e-03 1.087467e-03 
199 1991 2.091465e-03 0 0 6.608563e-04 6.619628e-04 6.061611e-04 4.573718e-04 5.521212e-04 6.192411e-04 1.029580e-03 1.011424e-03 5.358487e-04 6.530311e-04 6.109077e-04 4.720437e-04 2.849237e-04 5.112169e-04 1.739205e-04 5.930458e-04 7.146415e-04 3.064209e-04 3.603647e-04 1.644380e-03 4.860517e-04 4.556892e-04 7.943432e-04 1.538243e-03 6.622608e-04 1.717006e-03 1.076010e-03 1.097520e-03 
200 2001 2.146718e-03 0 0 6.795772e-04 6.814678e-04 6.214844e-04 4.692869e-04 5.656367e-04 6.344886e-04 1.054801e-03 1.036067e-03 5.498482e-04 6.734179e-04 6.285876e-04 4.847534e-04 2.927359e-04 5.236803e-04 1.781820e-04 6.076860e-04 7.345090e-04 3.144728e-04 3.692817e-04 1.686520e-03 5.072259e-04 4.697136e-04 8.144483e-04 1.577445e-03 6.794415e-04 1.760258e-03 1.103758e-03 1.123880e-03 
