%  columns="iteration, evaluation, fitness, void, void, xrecentbest" (startseed=210545, 2026/02/14 23:19:21.47)
1 11  1.338231832981757918e+02 0 0 1.395024e-01 9.409283e-02 9.536869e-02 8.837200e-02 7.742955e-02 1.149999e-01 2.261616e-01 1.659426e-01 9.048840e-02 1.116960e-01 1.104853e-01 8.571369e-02 4.018137e-02 9.167232e-02 2.860611e-02 8.240478e-02 1.466823e-01 5.712664e-02 5.304863e-02 3.275193e-01 7.207309e-02 6.621721e-02 1.597033e-01 3.202817e-01 1.247447e-01 3.922652e-01 2.560701e-01 2.056639e-01 
2 21  1.392215819328930309e+02 0 0 1.235353e-01 8.088751e-02 1.025624e-01 7.628677e-02 8.786052e-02 1.145781e-01 1.553729e-01 1.667717e-01 8.187374e-02 9.951168e-02 9.695023e-02 7.856823e-02 4.142753e-02 1.093645e-01 3.893329e-02 7.961950e-02 1.120363e-01 4.957602e-02 6.233413e-02 3.040776e-01 7.382684e-02 5.925003e-02 1.623835e-01 3.474935e-01 1.244765e-01 3.822092e-01 2.523123e-01 2.156716e-01 
3 31  1.424630870431342373e+02 0 0 1.343821e-01 1.104292e-01 1.152888e-01 8.673620e-02 8.093655e-02 1.243334e-01 1.724978e-01 1.710471e-01 8.218881e-02 1.079013e-01 8.275875e-02 7.699587e-02 4.580335e-02 1.099902e-01 3.719120e-02 9.391833e-02 1.293992e-01 5.444833e-02 4.959521e-02 3.526065e-01 7.627398e-02 7.904341e-02 1.655924e-01 3.868139e-01 1.290691e-01 4.027192e-01 2.590017e-01 2.266694e-01 
4 41  1.501851723515382275e+02 0 0 1.242492e-01 1.021357e-01 1.168951e-01 8.197533e-02 9.831632e-02 1.078977e-01 1.956072e-01 1.515782e-01 9.620065e-02 1.160773e-01 1.074094e-01 6.002894e-02 3.821112e-02 1.081154e-01 3.456236e-02 9.517393e-02 1.279394e-01 5.207537e-02 4.669017e-02 3.050341e-01 9.866129e-02 6.495675e-02 1.400610e-01 3.134287e-01 1.320627e-01 4.610562e-01 2.512836e-01 2.102672e-01 
5 51  1.391385733804947336e+02 0 0 1.259708e-01 1.008194e-01 1.115353e-01 9.638305e-02 8.917020e-02 1.159453e-01 1.598301e-01 1.514969e-01 1.065278e-01 1.015904e-01 1.128382e-01 7.530925e-02 5.354144e-02 1.211108e-01 3.352554e-02 1.041874e-01 1.288251e-01 4.859655e-02 4.462958e-02 3.638516e-01 9.144046e-02 5.345074e-02 1.390458e-01 3.447935e-01 1.208862e-01 5.010280e-01 2.489695e-01 2.177627e-01 
6 61  1.376890897252476975e+02 0 0 1.233260e-01 1.170235e-01 1.133730e-01 1.131835e-01 1.045904e-01 1.210197e-01 1.741760e-01 1.601282e-01 9.654028e-02 1.101073e-01 1.054679e-01 6.909526e-02 3.836099e-02 1.053858e-01 4.110185e-02 9.840236e-02 1.000356e-01 4.645623e-02 3.663669e-02 3.438247e-01 9.646315e-02 6.826925e-02 1.502976e-01 3.421861e-01 1.188410e-01 3.975219e-01 2.703633e-01 2.253495e-01 
7 71  1.401517497525077829e+02 0 0 1.071507e-01 9.474271e-02 1.227648e-01 1.002031e-01 1.010198e-01 1.256062e-01 1.753745e-01 1.405634e-01 1.105861e-01 1.240734e-01 1.130973e-01 7.269785e-02 4.819926e-02 8.571468e-02 4.283573e-02 9.527526e-02 1.110661e-01 5.097453e-02 3.944153e-02 3.258636e-01 9.045316e-02 6.937266e-02 1.817338e-01 3.481982e-01 1.091728e-01 4.510911e-01 2.562314e-01 2.286444e-01 
8 81  1.446038046931346059e+02 0 0 1.459399e-01 1.073731e-01 1.258842e-01 1.019610e-01 1.044041e-01 1.132484e-01 1.763620e-01 1.520621e-01 1.112357e-01 1.086136e-01 1.036834e-01 6.915619e-02 4.478754e-02 7.532847e-02 4.444637e-02 1.080528e-01 1.232734e-01 5.566462e-02 4.439348e-02 2.967024e-01 8.769969e-02 7.520916e-02 1.857578e-01 3.472192e-01 1.141604e-01 4.249128e-01 2.512031e-01 2.199498e-01 
9 91  1.251641606257607862e+02 0 0 1.159244e-01 8.955589e-02 1.232428e-01 1.104030e-01 1.052554e-01 1.276482e-01 1.706664e-01 1.641654e-01 1.154741e-01 1.230356e-01 1.199633e-01 8.955867e-02 5.130932e-02 8.508082e-02 3.840459e-02 8.840638e-02 1.315973e-01 5.183469e-02 3.405426e-02 3.524049e-01 8.275920e-02 7.262410e-02 1.564904e-01 3.298357e-01 1.224798e-01 3.674933e-01 2.347940e-01 2.224178e-01 
10 101  1.279166475909339766e+02 0 0 1.153045e-01 1.075721e-01 1.297235e-01 1.137173e-01 1.089415e-01 1.391494e-01 1.217818e-01 1.545249e-01 1.162127e-01 1.253832e-01 1.128548e-01 7.426328e-02 5.870794e-02 8.821519e-02 3.301349e-02 9.215986e-02 1.171662e-01 5.087383e-02 4.205803e-02 3.422662e-01 8.527097e-02 6.781367e-02 1.540854e-01 3.374068e-01 1.280484e-01 3.796788e-01 2.261137e-01 2.194359e-01 
11 111  1.229242189054210854e+02 0 0 1.173316e-01 1.106564e-01 1.200457e-01 1.140549e-01 1.068415e-01 1.111421e-01 1.643409e-01 1.634599e-01 1.249639e-01 1.259307e-01 1.110341e-01 7.043632e-02 5.232570e-02 9.407358e-02 3.382412e-02 1.058416e-01 1.015391e-01 4.842954e-02 3.900485e-02 3.262542e-01 8.885391e-02 7.052544e-02 1.662329e-01 3.506674e-01 9.993490e-02 3.626334e-01 2.457349e-01 2.326295e-01 
12 121  1.195971678109120546e+02 0 0 1.122015e-01 1.103874e-01 1.187727e-01 1.161873e-01 1.058179e-01 1.171024e-01 1.658594e-01 1.729380e-01 1.045910e-01 1.322025e-01 1.117977e-01 7.278205e-02 5.337090e-02 9.368607e-02 3.737758e-02 9.129262e-02 1.192470e-01 4.381834e-02 4.620912e-02 3.365475e-01 8.831394e-02 6.417963e-02 1.423478e-01 3.329913e-01 1.102741e-01 3.794870e-01 2.500490e-01 2.387351e-01 
13 131  1.192938699616167924e+02 0 0 1.134663e-01 1.067742e-01 1.167919e-01 1.194442e-01 9.261434e-02 1.451865e-01 1.448001e-01 1.612099e-01 1.046185e-01 1.102903e-01 1.176453e-01 6.832428e-02 5.259881e-02 8.673997e-02 3.770696e-02 1.045640e-01 1.099079e-01 4.896810e-02 3.704656e-02 3.450787e-01 8.477161e-02 6.533306e-02 1.771023e-01 3.558533e-01 1.114447e-01 3.642426e-01 2.448091e-01 2.424706e-01 
14 141  1.222926848606465029e+02 0 0 1.171308e-01 1.006271e-01 1.190770e-01 1.071451e-01 9.194822e-02 1.177726e-01 1.670244e-01 1.600248e-01 1.047645e-01 1.102869e-01 1.138479e-01 6.923222e-02 5.422901e-02 8.117917e-02 3.908729e-02 1.002844e-01 1.130627e-01 4.296562e-02 3.531375e-02 3.277066e-01 7.264503e-02 7.959923e-02 1.641346e-01 3.008011e-01 1.070728e-01 3.786988e-01 2.489285e-01 2.279866e-01 
15 151  1.226082712558087309e+02 0 0 1.206874e-01 1.018466e-01 1.350341e-01 1.105562e-01 8.525794e-02 1.435044e-01 1.711795e-01 1.522279e-01 1.156043e-01 1.389030e-01 1.076238e-01 8.172929e-02 4.719964e-02 8.156923e-02 3.579249e-02 9.773325e-02 1.207922e-01 3.923431e-02 3.701817e-02 3.396323e-01 7.766081e-02 7.080487e-02 1.656574e-01 3.455270e-01 1.226137e-01 3.646823e-01 2.481476e-01 2.538457e-01 
16 161  1.259149107310088027e+02 0 0 1.094603e-01 1.061239e-01 1.376915e-01 1.134553e-01 9.156628e-02 1.312175e-01 1.468996e-01 1.642535e-01 1.153841e-01 1.248396e-01 8.600168e-02 6.888201e-02 4.987518e-02 7.708825e-02 3.639321e-02 9.272928e-02 1.124255e-01 4.958169e-02 4.532744e-02 3.497256e-01 7.936293e-02 6.630325e-02 1.799229e-01 3.447673e-01 1.331902e-01 3.643763e-01 2.434068e-01 2.619794e-01 
17 171  1.274814351777711039e+02 0 0 1.063737e-01 1.043854e-01 1.346161e-01 1.080315e-01 9.138746e-02 1.291258e-01 1.596471e-01 1.493364e-01 1.093593e-01 1.260838e-01 8.597270e-02 6.010736e-02 4.493562e-02 6.254431e-02 3.275220e-02 8.640280e-02 1.289187e-01 5.106073e-02 4.207426e-02 3.299494e-01 6.500160e-02 5.686909e-02 1.785512e-01 3.539241e-01 1.296593e-01 3.672682e-01 2.461507e-01 2.849799e-01 
18 181  1.247771033299417809e+02 0 0 1.242216e-01 1.159970e-01 1.226413e-01 1.106438e-01 9.375233e-02 1.231592e-01 1.242746e-01 1.398978e-01 1.053422e-01 1.275362e-01 1.046718e-01 5.774952e-02 5.242512e-02 6.896327e-02 3.363504e-02 8.910830e-02 1.230538e-01 4.927573e-02 5.562741e-02 3.668125e-01 7.762832e-02 6.465472e-02 1.759780e-01 3.287722e-01 1.321853e-01 3.701872e-01 2.305705e-01 2.333794e-01 
19 191  1.206486023545256643e+02 0 0 1.161174e-01 1.091504e-01 1.276730e-01 1.110254e-01 9.762581e-02 1.137912e-01 1.615948e-01 1.692948e-01 1.015070e-01 1.203945e-01 9.409288e-02 6.814699e-02 4.975703e-02 7.382602e-02 3.339787e-02 7.496043e-02 1.170485e-01 5.597614e-02 4.577103e-02 3.587637e-01 7.323335e-02 6.036189e-02 1.762725e-01 3.271170e-01 1.255701e-01 3.603094e-01 2.379271e-01 2.434839e-01 
20 201  1.232726127189056768e+02 0 0 1.083507e-01 1.043913e-01 1.267014e-01 1.138965e-01 1.001405e-01 1.215476e-01 1.485091e-01 1.661789e-01 1.020878e-01 1.361778e-01 8.987146e-02 6.279733e-02 5.334613e-02 5.693185e-02 3.255116e-02 7.742768e-02 1.222052e-01 4.773468e-02 4.489902e-02 3.558337e-01 6.888172e-02 6.729497e-02 1.955119e-01 3.123653e-01 1.334116e-01 3.545850e-01 2.550271e-01 2.448279e-01 
21 211  1.215541576331774110e+02 0 0 1.249461e-01 1.014453e-01 1.283521e-01 1.093619e-01 9.294817e-02 1.074258e-01 1.546760e-01 1.480664e-01 9.017734e-02 9.949729e-02 9.426436e-02 7.047679e-02 4.925432e-02 6.930611e-02 2.986834e-02 8.306848e-02 1.080119e-01 5.757884e-02 4.140713e-02 3.123829e-01 8.030193e-02 7.065248e-02 1.782759e-01 3.259006e-01 1.229641e-01 3.744706e-01 2.558575e-01 2.820532e-01 
22 221  1.216709195830996322e+02 0 0 1.162476e-01 1.022626e-01 1.310053e-01 1.144819e-01 9.149748e-02 1.110552e-01 1.547777e-01 1.660453e-01 1.097941e-01 1.003090e-01 9.448753e-02 7.633760e-02 5.065687e-02 7.425176e-02 2.763871e-02 7.778507e-02 1.279480e-01 4.607501e-02 4.869468e-02 3.621675e-01 6.655196e-02 7.045413e-02 1.787369e-01 3.416780e-01 1.258038e-01 3.569136e-01 2.408199e-01 2.508528e-01 
23 231  1.298669703252376451e+02 0 0 1.249038e-01 9.840803e-02 1.343244e-01 1.081771e-01 9.038415e-02 1.149658e-01 1.587562e-01 1.649126e-01 1.139084e-01 8.593579e-02 8.486379e-02 6.981294e-02 5.219261e-02 7.977885e-02 3.149966e-02 8.598195e-02 1.238338e-01 4.760986e-02 4.657518e-02 3.531580e-01 7.337578e-02 6.372843e-02 1.832584e-01 3.207200e-01 1.135147e-01 3.390758e-01 2.437709e-01 2.331914e-01 
24 241  1.194453037075395656e+02 0 0 1.251128e-01 9.545757e-02 1.362263e-01 1.090279e-01 9.247385e-02 1.194833e-01 1.557237e-01 1.573500e-01 1.065628e-01 8.904773e-02 9.112318e-02 7.673382e-02 4.758186e-02 7.398591e-02 3.135020e-02 7.080921e-02 1.198905e-01 5.036753e-02 4.509265e-02 3.538005e-01 7.483589e-02 6.691362e-02 1.749454e-01 3.278227e-01 1.287266e-01 3.523904e-01 2.527993e-01 2.608249e-01 
25 251  1.201337830940135518e+02 0 0 1.094344e-01 9.359557e-02 1.490450e-01 1.074306e-01 9.908224e-02 1.156302e-01 1.489470e-01 1.806189e-01 1.105768e-01 8.227245e-02 9.994228e-02 7.410956e-02 4.892188e-02 8.292617e-02 2.819464e-02 7.171361e-02 1.226931e-01 5.007396e-02 4.272491e-02 3.485447e-01 7.530291e-02 7.001433e-02 1.866058e-01 3.505789e-01 1.411758e-01 3.461429e-01 2.459590e-01 2.517938e-01 
26 261  1.227369956995968323e+02 0 0 1.278483e-01 9.828219e-02 1.325869e-01 1.022790e-01 9.572097e-02 1.165711e-01 1.640187e-01 1.699411e-01 1.147317e-01 8.770065e-02 9.134263e-02 7.147832e-02 4.719506e-02 6.816250e-02 2.964851e-02 7.399848e-02 1.211237e-01 4.886816e-02 4.325941e-02 3.407911e-01 7.305770e-02 6.452034e-02 1.776241e-01 3.386501e-01 1.278061e-01 3.435386e-01 2.577772e-01 2.463220e-01 
27 271  1.241417628444111756e+02 0 0 1.224199e-01 9.554191e-02 1.318638e-01 1.151430e-01 9.418608e-02 1.007993e-01 1.530178e-01 1.667504e-01 1.086702e-01 9.317582e-02 9.825734e-02 8.161070e-02 4.555552e-02 7.013269e-02 2.984484e-02 7.703253e-02 1.230096e-01 5.336799e-02 4.613443e-02 3.540529e-01 6.224470e-02 6.161890e-02 1.839993e-01 3.517148e-01 1.188538e-01 3.658678e-01 2.522313e-01 2.539420e-01 
28 281  1.215391409092013220e+02 0 0 1.247213e-01 8.576879e-02 1.427103e-01 1.132970e-01 9.161405e-02 1.023513e-01 1.512951e-01 1.694708e-01 1.184784e-01 8.097866e-02 9.261547e-02 7.794006e-02 4.488340e-02 7.766357e-02 3.053556e-02 6.675172e-02 1.306817e-01 5.086209e-02 4.116865e-02 3.576050e-01 6.418023e-02 6.461664e-02 1.705202e-01 3.483186e-01 1.286742e-01 3.379887e-01 2.565692e-01 2.524856e-01 
29 291  1.178063595384582953e+02 0 0 1.129140e-01 9.456092e-02 1.391938e-01 1.076451e-01 9.672446e-02 1.042942e-01 1.661723e-01 1.670870e-01 1.152456e-01 9.192675e-02 9.096155e-02 7.356506e-02 4.808030e-02 7.429033e-02 2.936874e-02 6.884475e-02 1.327061e-01 5.694060e-02 4.563813e-02 3.320606e-01 6.899711e-02 5.833395e-02 1.740684e-01 3.328735e-01 1.264407e-01 3.426656e-01 2.423871e-01 2.389798e-01 
30 301  1.219516385159031557e+02 0 0 1.151976e-01 9.226631e-02 1.366527e-01 1.105325e-01 1.032810e-01 1.058144e-01 1.680073e-01 1.656303e-01 1.149597e-01 9.247507e-02 9.167725e-02 7.337878e-02 4.733097e-02 8.207336e-02 3.250431e-02 6.819499e-02 1.261801e-01 5.206666e-02 4.857329e-02 3.134571e-01 6.143188e-02 5.585948e-02 1.755427e-01 3.582323e-01 1.215798e-01 3.430183e-01 2.429015e-01 2.486854e-01 
31 311  1.249097719196718685e+02 0 0 1.290770e-01 1.008232e-01 1.295953e-01 1.020182e-01 9.697583e-02 9.373652e-02 1.641726e-01 1.650522e-01 1.154870e-01 9.371374e-02 9.391701e-02 7.875065e-02 4.516262e-02 8.865678e-02 3.088598e-02 7.940031e-02 1.418211e-01 5.145167e-02 5.011673e-02 3.329560e-01 7.000352e-02 5.753826e-02 1.567878e-01 3.532079e-01 1.289107e-01 3.573309e-01 2.600165e-01 2.354143e-01 
32 321  1.218895035325763274e+02 0 0 1.247220e-01 1.000075e-01 1.353019e-01 1.008106e-01 9.898586e-02 9.293269e-02 1.506268e-01 1.712028e-01 1.180422e-01 9.360718e-02 1.001232e-01 8.441920e-02 4.273947e-02 8.182809e-02 2.935339e-02 7.369467e-02 1.304450e-01 5.065631e-02 4.802126e-02 3.368270e-01 7.573105e-02 5.506554e-02 1.600520e-01 3.623219e-01 1.247775e-01 3.660983e-01 2.620309e-01 2.542390e-01 
33 331  1.246534940068541317e+02 0 0 1.187679e-01 9.909607e-02 1.282745e-01 1.026221e-01 8.967341e-02 9.107751e-02 1.585776e-01 1.716117e-01 1.203270e-01 9.387303e-02 9.801909e-02 7.943107e-02 4.264087e-02 7.778688e-02 2.588656e-02 6.839474e-02 1.310358e-01 5.728207e-02 4.812121e-02 3.339669e-01 7.230818e-02 5.934061e-02 1.797844e-01 3.666049e-01 1.230633e-01 3.535508e-01 2.534360e-01 2.523341e-01 
34 341  1.225612592722169580e+02 0 0 1.164785e-01 9.950889e-02 1.369672e-01 9.974338e-02 1.018033e-01 1.016542e-01 1.596111e-01 1.729194e-01 1.207403e-01 9.427872e-02 1.065835e-01 7.293309e-02 3.991979e-02 7.675229e-02 2.647786e-02 7.310906e-02 1.302605e-01 5.548390e-02 4.343203e-02 3.480159e-01 6.745331e-02 5.900355e-02 1.810702e-01 3.438420e-01 1.195595e-01 3.645480e-01 2.550256e-01 2.576261e-01 
35 351  1.210250733379036632e+02 0 0 1.229645e-01 1.006827e-01 1.294277e-01 1.012888e-01 9.350552e-02 9.945218e-02 1.520397e-01 1.686005e-01 1.247344e-01 9.462136e-02 1.166261e-01 8.025725e-02 4.133144e-02 8.135122e-02 2.829271e-02 7.933687e-02 1.327410e-01 5.661571e-02 4.329887e-02 3.499786e-01 6.843401e-02 5.364397e-02 1.740110e-01 3.447940e-01 1.367451e-01 3.670113e-01 2.480741e-01 2.408295e-01 
36 361  1.234769076603986093e+02 0 0 1.170705e-01 9.616908e-02 1.344322e-01 9.672989e-02 9.661435e-02 1.069624e-01 1.438976e-01 1.801789e-01 1.237701e-01 9.764725e-02 9.884025e-02 7.698650e-02 4.438741e-02 8.343570e-02 2.933135e-02 7.340909e-02 1.271428e-01 5.630551e-02 5.148511e-02 3.482611e-01 7.596992e-02 6.298672e-02 1.677344e-01 3.365678e-01 1.320621e-01 3.532013e-01 2.581366e-01 2.487742e-01 
37 371  1.214352752760322858e+02 0 0 1.145684e-01 9.802759e-02 1.300434e-01 9.903431e-02 9.133655e-02 1.022195e-01 1.455337e-01 1.617453e-01 1.199303e-01 9.348680e-02 1.076433e-01 6.681379e-02 4.371725e-02 8.543234e-02 3.002540e-02 7.068204e-02 1.302808e-01 5.947888e-02 4.800593e-02 3.308907e-01 7.346028e-02 5.561824e-02 1.725939e-01 3.320157e-01 1.331667e-01 3.819764e-01 2.563140e-01 2.457722e-01 
38 381  1.170348085087465080e+02 0 0 1.161821e-01 9.794662e-02 1.388675e-01 9.899073e-02 9.276342e-02 1.119416e-01 1.404804e-01 1.669929e-01 1.251671e-01 1.048707e-01 1.024543e-01 6.855463e-02 4.433577e-02 8.771169e-02 3.052514e-02 7.172255e-02 1.296807e-01 5.692431e-02 5.321382e-02 3.268341e-01 7.509001e-02 6.461325e-02 1.789688e-01 3.352132e-01 1.228341e-01 3.680130e-01 2.592854e-01 2.438073e-01 
39 391  1.190486963606164466e+02 0 0 1.143484e-01 9.542262e-02 1.364980e-01 9.976432e-02 9.283805e-02 1.128730e-01 1.321504e-01 1.707601e-01 1.193280e-01 1.017862e-01 1.125359e-01 7.109524e-02 4.574588e-02 8.979092e-02 2.705670e-02 7.789036e-02 1.252858e-01 5.491626e-02 4.698803e-02 3.550745e-01 7.340454e-02 5.953815e-02 1.802187e-01 3.389120e-01 1.347065e-01 3.601644e-01 2.466081e-01 2.486483e-01 
40 401  1.198151069865880771e+02 0 0 1.185065e-01 9.227843e-02 1.370331e-01 9.838627e-02 9.469362e-02 1.018426e-01 1.420875e-01 1.690888e-01 1.168436e-01 1.029444e-01 1.122036e-01 6.913600e-02 4.331072e-02 8.581582e-02 2.865114e-02 7.316338e-02 1.136500e-01 5.224724e-02 4.635461e-02 3.422187e-01 7.540812e-02 5.561317e-02 1.809019e-01 3.371296e-01 1.268116e-01 3.719892e-01 2.577625e-01 2.511681e-01 
41 411  1.189547573722904730e+02 0 0 1.171470e-01 9.027172e-02 1.411906e-01 9.906147e-02 8.615494e-02 1.104280e-01 1.522133e-01 1.648834e-01 1.186591e-01 9.649109e-02 1.105540e-01 6.963759e-02 4.632572e-02 9.134017e-02 2.657734e-02 7.693597e-02 1.173081e-01 5.308723e-02 4.233148e-02 3.435950e-01 6.546797e-02 5.435806e-02 1.766199e-01 3.309326e-01 1.347248e-01 3.713401e-01 2.501191e-01 2.518723e-01 
42 421  1.221309315703045115e+02 0 0 1.080413e-01 9.852162e-02 1.372763e-01 1.049542e-01 9.335085e-02 1.088015e-01 1.417621e-01 1.760380e-01 1.240523e-01 9.740186e-02 1.123394e-01 6.657706e-02 4.616333e-02 9.012191e-02 2.812238e-02 7.366028e-02 1.197914e-01 5.228517e-02 4.710895e-02 3.644840e-01 6.960421e-02 5.435743e-02 1.776096e-01 3.450979e-01 1.383080e-01 3.838259e-01 2.506566e-01 2.513005e-01 
43 431  1.211226162401272006e+02 0 0 1.164379e-01 9.984032e-02 1.435377e-01 9.859900e-02 9.206563e-02 1.064255e-01 1.474436e-01 1.756698e-01 1.224986e-01 1.047719e-01 1.142276e-01 7.516063e-02 4.166210e-02 9.024050e-02 2.836426e-02 7.857917e-02 1.152074e-01 5.344479e-02 4.390050e-02 3.259014e-01 7.332512e-02 5.756081e-02 1.689948e-01 3.191988e-01 1.417729e-01 3.784676e-01 2.512418e-01 2.527861e-01 
44 441  1.196131027459924923e+02 0 0 1.190075e-01 9.343411e-02 1.384791e-01 9.606489e-02 9.856192e-02 1.048222e-01 1.426850e-01 1.702552e-01 1.142507e-01 1.051493e-01 1.165758e-01 7.654963e-02 4.445526e-02 8.716802e-02 2.789695e-02 7.237360e-02 1.143278e-01 5.566186e-02 4.524616e-02 3.401963e-01 6.679585e-02 5.978299e-02 1.709952e-01 3.255321e-01 1.362838e-01 3.365769e-01 2.524618e-01 2.546843e-01 
45 451  1.197251839321203448e+02 0 0 1.197852e-01 9.550703e-02 1.399043e-01 9.981255e-02 9.504672e-02 1.092655e-01 1.526909e-01 1.732509e-01 1.174977e-01 1.052510e-01 1.169668e-01 6.773424e-02 4.748129e-02 8.186962e-02 2.725342e-02 6.898483e-02 1.164341e-01 5.226380e-02 4.511397e-02 3.407461e-01 6.831257e-02 5.574710e-02 1.781272e-01 3.356394e-01 1.342150e-01 3.680058e-01 2.446583e-01 2.462873e-01 
46 461  1.198344095395322029e+02 0 0 1.224109e-01 9.473025e-02 1.432893e-01 1.006860e-01 9.357702e-02 1.106542e-01 1.526169e-01 1.826215e-01 1.082914e-01 1.029545e-01 1.138974e-01 7.575395e-02 4.729512e-02 8.428384e-02 2.816273e-02 6.963838e-02 1.205584e-01 5.508822e-02 4.900273e-02 3.380081e-01 6.824880e-02 6.158113e-02 1.734487e-01 3.300190e-01 1.293269e-01 3.587403e-01 2.476749e-01 2.565685e-01 
47 471  1.176919107465216712e+02 0 0 1.242315e-01 8.909712e-02 1.369006e-01 9.937438e-02 1.016225e-01 1.103894e-01 1.515766e-01 1.747396e-01 1.178563e-01 1.049636e-01 1.183463e-01 7.268872e-02 4.547132e-02 8.293253e-02 2.839071e-02 7.038700e-02 1.275871e-01 5.387209e-02 4.758501e-02 3.417713e-01 7.026715e-02 6.026960e-02 1.762002e-01 3.178292e-01 1.286091e-01 3.572457e-01 2.548755e-01 2.536686e-01 
48 481  1.194183660832570553e+02 0 0 1.176404e-01 9.043848e-02 1.379032e-01 9.512290e-02 9.788897e-02 1.200565e-01 1.552630e-01 1.791905e-01 1.159761e-01 1.070239e-01 1.118299e-01 6.888566e-02 4.488705e-02 8.433151e-02 2.828160e-02 7.319392e-02 1.204593e-01 5.462915e-02 4.788067e-02 3.331082e-01 7.091582e-02 6.399785e-02 1.737289e-01 3.133563e-01 1.243826e-01 3.594935e-01 2.511090e-01 2.517840e-01 
49 491  1.181976167931945412e+02 0 0 1.225084e-01 9.059918e-02 1.367731e-01 9.393127e-02 9.630160e-02 1.225469e-01 1.510834e-01 1.721681e-01 1.087595e-01 1.059630e-01 1.145061e-01 6.777983e-02 4.253721e-02 8.535218e-02 2.979232e-02 7.652857e-02 1.261736e-01 5.294616e-02 4.912341e-02 3.436791e-01 6.874742e-02 6.235343e-02 1.730576e-01 3.154576e-01 1.295565e-01 3.673098e-01 2.549546e-01 2.539443e-01 
50 501  1.179232043005940227e+02 0 0 1.189366e-01 9.076223e-02 1.428679e-01 9.625286e-02 9.978961e-02 1.237982e-01 1.592951e-01 1.784119e-01 1.108835e-01 1.021228e-01 1.135011e-01 6.724273e-02 4.183427e-02 7.918418e-02 2.853291e-02 7.422914e-02 1.131839e-01 5.295423e-02 5.194742e-02 3.422511e-01 6.802657e-02 6.263061e-02 1.831109e-01 3.061907e-01 1.271561e-01 3.598058e-01 2.480285e-01 2.549034e-01 
51 511  1.178797107680967429e+02 0 0 1.185892e-01 9.531844e-02 1.378358e-01 9.575792e-02 9.913445e-02 1.260505e-01 1.476213e-01 1.755651e-01 1.119267e-01 1.034780e-01 1.135172e-01 6.677835e-02 4.201005e-02 8.003429e-02 2.827268e-02 7.216933e-02 1.140025e-01 5.408075e-02 4.909969e-02 3.509565e-01 6.877317e-02 5.867885e-02 1.712285e-01 3.143731e-01 1.335848e-01 3.666867e-01 2.539419e-01 2.519956e-01 
52 521  1.189995449515682822e+02 0 0 1.169815e-01 9.745950e-02 1.408381e-01 9.422066e-02 9.721600e-02 1.211865e-01 1.542651e-01 1.736164e-01 1.139000e-01 9.914900e-02 1.129555e-01 6.773366e-02 4.411785e-02 7.800090e-02 2.961326e-02 7.460053e-02 1.170759e-01 5.336717e-02 4.947826e-02 3.537106e-01 6.552131e-02 6.042395e-02 1.673708e-01 3.101060e-01 1.277261e-01 3.649381e-01 2.424185e-01 2.546930e-01 
53 531  1.183107095651335641e+02 0 0 1.179791e-01 9.393788e-02 1.402990e-01 9.880203e-02 1.004101e-01 1.201920e-01 1.461637e-01 1.708024e-01 1.109667e-01 1.008255e-01 1.121656e-01 6.853796e-02 4.222938e-02 7.738376e-02 2.817198e-02 7.552821e-02 1.114094e-01 5.192232e-02 5.287387e-02 3.463991e-01 6.522481e-02 5.975717e-02 1.689751e-01 3.098106e-01 1.272891e-01 3.706130e-01 2.516029e-01 2.506161e-01 
54 541  1.180818297667941010e+02 0 0 1.169529e-01 9.540943e-02 1.426644e-01 1.027668e-01 1.005904e-01 1.195700e-01 1.495951e-01 1.646383e-01 1.110967e-01 9.936860e-02 1.082518e-01 7.147015e-02 4.206263e-02 7.400190e-02 2.776191e-02 7.850165e-02 1.163819e-01 5.067728e-02 5.171487e-02 3.531551e-01 6.465219e-02 5.793557e-02 1.730827e-01 3.115414e-01 1.243463e-01 3.711577e-01 2.468779e-01 2.541102e-01 
55 551  1.187593791234203024e+02 0 0 1.215013e-01 9.719462e-02 1.407582e-01 9.667253e-02 9.998063e-02 1.142354e-01 1.480142e-01 1.703725e-01 1.069852e-01 1.031127e-01 1.064743e-01 6.720233e-02 4.154158e-02 8.135534e-02 2.871531e-02 7.492181e-02 1.088326e-01 5.472498e-02 5.229492e-02 3.560361e-01 6.628521e-02 5.733126e-02 1.793965e-01 3.190193e-01 1.260841e-01 3.790046e-01 2.500133e-01 2.476377e-01 
56 561  1.193724196550574135e+02 0 0 1.142014e-01 9.869473e-02 1.367853e-01 9.850306e-02 9.755842e-02 1.160657e-01 1.560783e-01 1.687448e-01 1.045182e-01 1.021147e-01 1.096446e-01 7.125534e-02 4.463612e-02 7.441453e-02 2.687972e-02 7.566459e-02 1.064322e-01 4.908015e-02 5.271762e-02 3.502599e-01 6.607110e-02 6.062383e-02 1.737482e-01 3.097914e-01 1.272887e-01 3.856510e-01 2.412253e-01 2.460705e-01 
57 571  1.192747610821653410e+02 0 0 1.171270e-01 9.893763e-02 1.366331e-01 9.915660e-02 1.005797e-01 1.150574e-01 1.555321e-01 1.776175e-01 1.047710e-01 1.056948e-01 1.117063e-01 7.665807e-02 4.125406e-02 7.365068e-02 2.736834e-02 7.425249e-02 1.127021e-01 5.244254e-02 5.312446e-02 3.421684e-01 6.897481e-02 5.624381e-02 1.826769e-01 3.208906e-01 1.306043e-01 3.738764e-01 2.449655e-01 2.516860e-01 
58 581  1.190685210522656376e+02 0 0 1.150257e-01 9.937008e-02 1.415758e-01 9.730513e-02 9.477075e-02 1.145046e-01 1.625159e-01 1.722354e-01 1.070885e-01 1.047235e-01 1.091770e-01 7.368564e-02 4.419612e-02 7.613504e-02 2.674292e-02 7.867664e-02 1.121292e-01 4.975023e-02 5.343468e-02 3.557717e-01 7.116539e-02 5.963984e-02 1.676167e-01 3.140399e-01 1.321750e-01 3.770439e-01 2.443966e-01 2.527537e-01 
59 591  1.148926896130173674e+02 0 0 1.207126e-01 1.018488e-01 1.388835e-01 9.486483e-02 9.420792e-02 1.104433e-01 1.606694e-01 1.698531e-01 1.028205e-01 1.055767e-01 1.048498e-01 7.691430e-02 4.239860e-02 7.590032e-02 2.444473e-02 7.656239e-02 1.115968e-01 4.901475e-02 5.829357e-02 3.363521e-01 6.834692e-02 5.861851e-02 1.739906e-01 3.199705e-01 1.238092e-01 3.854428e-01 2.434582e-01 2.454125e-01 
60 601  1.198492269984071470e+02 0 0 1.155610e-01 1.018671e-01 1.412900e-01 9.421746e-02 9.316056e-02 1.148200e-01 1.514724e-01 1.728303e-01 1.098561e-01 1.103451e-01 1.028794e-01 7.325870e-02 4.398308e-02 7.994995e-02 2.641294e-02 7.236427e-02 1.146596e-01 5.203673e-02 5.572464e-02 3.464171e-01 6.995584e-02 5.941554e-02 1.718076e-01 3.152415e-01 1.314937e-01 3.813596e-01 2.499798e-01 2.492435e-01 
61 611  1.190670057611613970e+02 0 0 1.172680e-01 9.790123e-02 1.339444e-01 9.534119e-02 9.441673e-02 1.131916e-01 1.540073e-01 1.690533e-01 1.031513e-01 1.104061e-01 1.086418e-01 6.947173e-02 4.531217e-02 8.401107e-02 2.776769e-02 7.546308e-02 1.104846e-01 5.176149e-02 5.762684e-02 3.484665e-01 6.911498e-02 5.635168e-02 1.752923e-01 3.068986e-01 1.254375e-01 3.904147e-01 2.514846e-01 2.469061e-01 
62 621  1.189757648796580582e+02 0 0 1.220022e-01 1.030324e-01 1.356819e-01 8.957122e-02 9.649417e-02 1.143141e-01 1.548586e-01 1.604437e-01 1.052045e-01 1.063930e-01 1.073766e-01 7.187810e-02 4.361435e-02 8.129638e-02 2.624475e-02 7.393144e-02 1.133470e-01 5.223167e-02 5.831663e-02 3.637543e-01 6.813138e-02 5.722462e-02 1.701676e-01 3.086068e-01 1.268349e-01 3.793645e-01 2.454835e-01 2.522618e-01 
63 631  1.155032162106349887e+02 0 0 1.180751e-01 9.716002e-02 1.366507e-01 9.476235e-02 9.757126e-02 1.137335e-01 1.550017e-01 1.605499e-01 1.054420e-01 1.066767e-01 1.077630e-01 7.429347e-02 4.379510e-02 8.291522e-02 2.814576e-02 7.358874e-02 1.102406e-01 4.978399e-02 5.643261e-02 3.612721e-01 7.100404e-02 5.736034e-02 1.738969e-01 3.072926e-01 1.235848e-01 3.844420e-01 2.423883e-01 2.478013e-01 
64 641  1.161574521941729614e+02 0 0 1.158054e-01 9.801832e-02 1.358294e-01 9.256352e-02 1.002949e-01 1.148602e-01 1.529913e-01 1.646571e-01 1.024392e-01 1.031283e-01 1.074536e-01 7.492179e-02 4.354163e-02 8.361262e-02 2.716603e-02 7.241638e-02 1.110667e-01 5.028415e-02 5.840977e-02 3.461502e-01 7.014631e-02 5.955928e-02 1.759746e-01 3.093698e-01 1.262426e-01 3.846998e-01 2.457429e-01 2.511953e-01 
65 651  1.187837779083202321e+02 0 0 1.200194e-01 9.866834e-02 1.373977e-01 9.461242e-02 9.564048e-02 1.138228e-01 1.506292e-01 1.613921e-01 1.060952e-01 1.106254e-01 1.065958e-01 7.704752e-02 4.478477e-02 8.065465e-02 2.678462e-02 7.590237e-02 1.127413e-01 5.136878e-02 5.717558e-02 3.600627e-01 6.995671e-02 6.078138e-02 1.656271e-01 3.348933e-01 1.294544e-01 3.930234e-01 2.449516e-01 2.523354e-01 
66 661  1.165196172724616872e+02 0 0 1.178418e-01 9.686947e-02 1.385104e-01 9.706092e-02 9.730759e-02 1.153950e-01 1.498844e-01 1.675260e-01 1.076612e-01 1.095231e-01 1.067808e-01 7.996074e-02 4.410105e-02 8.018169e-02 2.624238e-02 7.653525e-02 1.206229e-01 5.213628e-02 5.632572e-02 3.451452e-01 7.340781e-02 6.205288e-02 1.673940e-01 3.151478e-01 1.236952e-01 3.882044e-01 2.430173e-01 2.468470e-01 
67 671  1.172578431829955434e+02 0 0 1.147953e-01 9.596315e-02 1.447502e-01 9.766356e-02 9.687290e-02 1.119587e-01 1.531752e-01 1.612803e-01 1.068944e-01 1.056464e-01 1.073939e-01 7.708557e-02 4.366492e-02 8.263729e-02 2.673449e-02 7.786860e-02 1.141199e-01 5.094825e-02 5.644537e-02 3.512137e-01 7.522136e-02 5.954035e-02 1.702738e-01 3.090509e-01 1.290726e-01 3.794133e-01 2.516131e-01 2.505197e-01 
68 681  1.164811461123493785e+02 0 0 1.138930e-01 9.555744e-02 1.386134e-01 9.738613e-02 9.939084e-02 1.145831e-01 1.490433e-01 1.605387e-01 1.057174e-01 1.040602e-01 1.053836e-01 7.626924e-02 4.403091e-02 7.924235e-02 2.772723e-02 7.926091e-02 1.134431e-01 5.058007e-02 5.475537e-02 3.538306e-01 7.687262e-02 6.123830e-02 1.747476e-01 3.172355e-01 1.243594e-01 3.815888e-01 2.473722e-01 2.429094e-01 
69 691  1.190422489461910516e+02 0 0 1.158708e-01 9.522349e-02 1.388471e-01 9.506061e-02 9.685861e-02 1.130994e-01 1.519269e-01 1.547784e-01 1.067685e-01 1.010494e-01 1.000401e-01 7.618353e-02 4.364304e-02 7.882492e-02 2.698013e-02 7.355690e-02 1.173223e-01 5.044812e-02 5.369489e-02 3.532388e-01 7.318130e-02 6.034835e-02 1.695004e-01 3.142148e-01 1.234353e-01 3.697190e-01 2.404565e-01 2.459922e-01 
70 701  1.173501619900918769e+02 0 0 1.189442e-01 9.385367e-02 1.401523e-01 9.605381e-02 9.934725e-02 1.151990e-01 1.559970e-01 1.605823e-01 1.061024e-01 1.061106e-01 1.066699e-01 7.690931e-02 4.259364e-02 8.032781e-02 2.634866e-02 7.546214e-02 1.149464e-01 5.117424e-02 5.506028e-02 3.513658e-01 7.324273e-02 6.091599e-02 1.715508e-01 3.154371e-01 1.246522e-01 3.755246e-01 2.455504e-01 2.391752e-01 
71 711  1.098537376518829660e+02 0 0 1.113121e-01 9.467585e-02 1.392337e-01 9.727028e-02 9.724934e-02 1.168640e-01 1.544873e-01 1.589116e-01 1.094329e-01 1.041647e-01 1.045349e-01 7.830471e-02 4.430779e-02 7.799859e-02 2.767389e-02 7.687983e-02 1.159636e-01 5.158272e-02 5.510323e-02 3.523851e-01 7.586516e-02 5.835845e-02 1.738424e-01 3.157594e-01 1.221656e-01 3.727017e-01 2.438646e-01 2.467914e-01 
72 721  1.105803426489864876e+02 0 0 1.118860e-01 9.207246e-02 1.357473e-01 9.700618e-02 9.899286e-02 1.183984e-01 1.604280e-01 1.627336e-01 1.066109e-01 1.051199e-01 1.037732e-01 7.939514e-02 4.280268e-02 7.903860e-02 2.724910e-02 7.786960e-02 1.189027e-01 5.101667e-02 5.356773e-02 3.449140e-01 7.603651e-02 6.105155e-02 1.672060e-01 3.121013e-01 1.229044e-01 3.716164e-01 2.474512e-01 2.375572e-01 
73 731  1.115701052603119194e+02 0 0 1.128898e-01 9.250325e-02 1.407084e-01 9.387504e-02 9.732262e-02 1.187114e-01 1.561529e-01 1.621271e-01 1.089641e-01 1.032272e-01 1.043875e-01 7.782811e-02 4.200103e-02 7.905900e-02 2.712518e-02 8.161278e-02 1.183031e-01 5.207212e-02 5.491617e-02 3.400577e-01 7.604347e-02 6.173633e-02 1.730880e-01 3.115331e-01 1.229012e-01 3.676158e-01 2.468598e-01 2.367338e-01 
74 741  1.118618392778789996e+02 0 0 1.153384e-01 9.235836e-02 1.388353e-01 9.394933e-02 9.775016e-02 1.186656e-01 1.612728e-01 1.648103e-01 1.113591e-01 1.006918e-01 1.035884e-01 7.752321e-02 4.096830e-02 7.972545e-02 2.765056e-02 7.990680e-02 1.188504e-01 5.314279e-02 5.307653e-02 3.402823e-01 7.595388e-02 5.946773e-02 1.782115e-01 3.098785e-01 1.211683e-01 3.799040e-01 2.507850e-01 2.401865e-01 
75 751  1.120173727318161809e+02 0 0 1.111554e-01 9.250728e-02 1.334834e-01 9.278489e-02 9.735982e-02 1.169169e-01 1.618950e-01 1.655672e-01 1.088057e-01 1.007862e-01 1.049857e-01 7.539651e-02 4.250866e-02 8.045474e-02 2.668665e-02 7.561669e-02 1.199417e-01 5.404356e-02 5.424209e-02 3.415306e-01 7.324084e-02 6.359871e-02 1.746178e-01 3.199441e-01 1.191523e-01 3.734629e-01 2.488798e-01 2.407061e-01 
76 761  1.109571257909660034e+02 0 0 1.146969e-01 9.260693e-02 1.364273e-01 9.459982e-02 1.011080e-01 1.213378e-01 1.597324e-01 1.637019e-01 1.111821e-01 1.000224e-01 1.038544e-01 7.963020e-02 4.203976e-02 7.931835e-02 2.659526e-02 7.593364e-02 1.137547e-01 5.406853e-02 5.410144e-02 3.489805e-01 7.329703e-02 6.071220e-02 1.763931e-01 3.189335e-01 1.192914e-01 3.625764e-01 2.492477e-01 2.404961e-01 
77 771  1.089710118596364765e+02 0 0 1.133978e-01 9.340786e-02 1.369167e-01 9.514167e-02 9.756122e-02 1.206327e-01 1.653793e-01 1.650012e-01 1.066483e-01 9.716333e-02 1.016404e-01 7.665994e-02 4.224779e-02 7.989400e-02 2.698785e-02 7.488836e-02 1.103935e-01 5.341505e-02 5.452621e-02 3.481365e-01 7.453848e-02 6.096758e-02 1.741486e-01 3.138599e-01 1.211689e-01 3.654737e-01 2.474345e-01 2.411222e-01 
78 781  1.082114579948490274e+02 0 0 1.153930e-01 9.417491e-02 1.332403e-01 9.693192e-02 9.824135e-02 1.196203e-01 1.671713e-01 1.719985e-01 1.059841e-01 9.824341e-02 9.947635e-02 7.898887e-02 4.322311e-02 8.217212e-02 2.819155e-02 7.557933e-02 1.134607e-01 5.394234e-02 5.507810e-02 3.438579e-01 7.324181e-02 6.215113e-02 1.772205e-01 3.124642e-01 1.194855e-01 3.727088e-01 2.440172e-01 2.447126e-01 
79 791  1.093952424888525172e+02 0 0 1.138053e-01 9.211608e-02 1.357606e-01 9.656788e-02 9.956300e-02 1.188892e-01 1.601233e-01 1.686943e-01 1.064697e-01 9.612967e-02 1.010029e-01 7.756075e-02 4.297138e-02 7.852090e-02 2.814673e-02 7.489183e-02 1.118141e-01 5.346444e-02 5.378362e-02 3.467887e-01 7.154331e-02 6.321762e-02 1.770272e-01 3.158424e-01 1.206087e-01 3.686983e-01 2.456367e-01 2.495528e-01 
80 801  1.087527765893233749e+02 0 0 1.167066e-01 9.573165e-02 1.400288e-01 9.355573e-02 9.970556e-02 1.207733e-01 1.587211e-01 1.658242e-01 1.066154e-01 9.971169e-02 1.000530e-01 7.979120e-02 4.235698e-02 8.000269e-02 2.872326e-02 7.557238e-02 1.095964e-01 5.332897e-02 5.549495e-02 3.517008e-01 6.965632e-02 6.122701e-02 1.741217e-01 3.180359e-01 1.201625e-01 3.641186e-01 2.450781e-01 2.434475e-01 
81 811  1.102842703880018291e+02 0 0 1.140036e-01 9.462113e-02 1.399183e-01 9.586228e-02 9.856081e-02 1.197019e-01 1.567075e-01 1.675018e-01 1.080181e-01 1.011092e-01 1.012975e-01 7.937707e-02 4.309907e-02 7.801353e-02 2.846059e-02 7.424958e-02 1.133125e-01 5.280754e-02 5.523517e-02 3.504482e-01 7.338814e-02 6.099099e-02 1.812020e-01 3.132731e-01 1.220262e-01 3.695738e-01 2.456074e-01 2.430729e-01 
82 821  1.091255495865520970e+02 0 0 1.150484e-01 9.389875e-02 1.379378e-01 9.490242e-02 1.005359e-01 1.196576e-01 1.588153e-01 1.670832e-01 1.037698e-01 1.000542e-01 1.002851e-01 7.770407e-02 4.254257e-02 7.433835e-02 2.798026e-02 7.833569e-02 1.097337e-01 5.318122e-02 5.549175e-02 3.524245e-01 7.020867e-02 5.881074e-02 1.798686e-01 3.144379e-01 1.213962e-01 3.617515e-01 2.443523e-01 2.442899e-01 
83 831  1.082729658492942235e+02 0 0 1.159391e-01 9.189133e-02 1.385424e-01 9.717649e-02 1.011643e-01 1.217291e-01 1.648307e-01 1.669336e-01 1.061837e-01 9.962523e-02 9.791231e-02 7.570673e-02 4.234146e-02 7.594272e-02 2.870184e-02 7.608677e-02 1.075397e-01 5.324672e-02 5.237901e-02 3.515935e-01 6.953520e-02 5.931340e-02 1.806670e-01 3.108144e-01 1.181678e-01 3.629447e-01 2.451314e-01 2.480126e-01 
84 841  1.101216478320888967e+02 0 0 1.165231e-01 9.100274e-02 1.420163e-01 9.717932e-02 1.001134e-01 1.192490e-01 1.641669e-01 1.636847e-01 1.086371e-01 9.807461e-02 1.023718e-01 7.832916e-02 4.037149e-02 7.540128e-02 2.779447e-02 7.565279e-02 1.085760e-01 5.266095e-02 5.472918e-02 3.529047e-01 7.121405e-02 5.810052e-02 1.741912e-01 3.074917e-01 1.197115e-01 3.594751e-01 2.466679e-01 2.484549e-01 
85 851  1.104308564181444865e+02 0 0 1.195966e-01 9.302761e-02 1.414221e-01 9.661569e-02 1.006023e-01 1.203035e-01 1.660259e-01 1.645041e-01 1.069462e-01 1.016075e-01 1.012772e-01 7.726486e-02 4.137166e-02 7.675338e-02 2.883373e-02 7.443218e-02 1.130859e-01 5.472955e-02 5.479936e-02 3.482872e-01 7.381870e-02 5.715738e-02 1.782569e-01 3.115524e-01 1.154094e-01 3.616162e-01 2.478233e-01 2.436477e-01 
86 861  1.102135192453663706e+02 0 0 1.143399e-01 9.245106e-02 1.406922e-01 9.888358e-02 1.006811e-01 1.254032e-01 1.616043e-01 1.666753e-01 1.043637e-01 1.038492e-01 1.012157e-01 7.751868e-02 4.176642e-02 7.587672e-02 2.838468e-02 7.631625e-02 1.132176e-01 5.290510e-02 5.541162e-02 3.516342e-01 7.163706e-02 6.006541e-02 1.755274e-01 3.080142e-01 1.195532e-01 3.644028e-01 2.456137e-01 2.461198e-01 
87 871  1.102973236124489063e+02 0 0 1.177130e-01 9.074586e-02 1.405500e-01 9.670382e-02 9.828896e-02 1.215958e-01 1.569847e-01 1.665946e-01 1.050708e-01 1.058113e-01 1.033008e-01 7.520504e-02 4.153152e-02 7.547132e-02 2.839794e-02 7.633265e-02 1.135273e-01 5.287824e-02 5.581424e-02 3.503810e-01 7.060009e-02 5.993809e-02 1.773079e-01 3.105666e-01 1.212530e-01 3.658516e-01 2.470666e-01 2.436978e-01 
88 881  1.098387125096704011e+02 0 0 1.180503e-01 8.994899e-02 1.404953e-01 9.822584e-02 9.856815e-02 1.249670e-01 1.557488e-01 1.660292e-01 1.052729e-01 1.056119e-01 9.952271e-02 7.743175e-02 4.123250e-02 7.576936e-02 2.915803e-02 7.768005e-02 1.138841e-01 5.431678e-02 5.345539e-02 3.508788e-01 7.186249e-02 5.893186e-02 1.767720e-01 3.115051e-01 1.175499e-01 3.674237e-01 2.482475e-01 2.480736e-01 
89 891  1.102227023501731651e+02 0 0 1.150238e-01 8.931059e-02 1.425339e-01 9.918467e-02 9.627946e-02 1.254424e-01 1.605455e-01 1.639036e-01 1.028583e-01 1.053459e-01 1.030428e-01 7.616357e-02 4.102263e-02 7.578569e-02 2.806323e-02 7.729447e-02 1.145808e-01 5.253254e-02 5.456720e-02 3.527964e-01 6.948465e-02 5.958731e-02 1.766831e-01 3.084964e-01 1.166704e-01 3.729237e-01 2.494108e-01 2.460029e-01 
90 901  1.092903785175254683e+02 0 0 1.138534e-01 8.750522e-02 1.408262e-01 9.781115e-02 9.746717e-02 1.215932e-01 1.630995e-01 1.655792e-01 1.052036e-01 1.023854e-01 1.007755e-01 7.795576e-02 4.192275e-02 7.394220e-02 2.874310e-02 7.632031e-02 1.129492e-01 5.347554e-02 5.498659e-02 3.506817e-01 7.103707e-02 5.932778e-02 1.751756e-01 3.121064e-01 1.172991e-01 3.694212e-01 2.449923e-01 2.429725e-01 
91 911  1.096306055859441528e+02 0 0 1.184036e-01 8.799941e-02 1.423799e-01 9.840891e-02 9.760984e-02 1.224289e-01 1.652301e-01 1.650298e-01 1.032121e-01 1.025701e-01 1.012683e-01 7.786872e-02 4.192259e-02 7.202107e-02 2.833192e-02 7.555839e-02 1.113242e-01 5.232507e-02 5.355235e-02 3.463822e-01 6.972699e-02 5.804281e-02 1.749799e-01 3.138897e-01 1.175140e-01 3.698704e-01 2.478640e-01 2.471141e-01 
92 921  1.086150705747179472e+02 0 0 1.146126e-01 9.051338e-02 1.400738e-01 9.621868e-02 9.882835e-02 1.203145e-01 1.668991e-01 1.614630e-01 1.056634e-01 9.999716e-02 1.010037e-01 7.744855e-02 4.153298e-02 7.403488e-02 2.841254e-02 7.684299e-02 1.142552e-01 5.456686e-02 5.320880e-02 3.505249e-01 7.196968e-02 5.841573e-02 1.787336e-01 3.101418e-01 1.191274e-01 3.638995e-01 2.480339e-01 2.465805e-01 
93 931  1.076376382593828680e+02 0 0 1.136932e-01 8.910452e-02 1.375886e-01 9.577136e-02 9.673177e-02 1.235530e-01 1.644835e-01 1.609596e-01 1.044621e-01 1.005798e-01 1.015553e-01 7.951889e-02 4.116934e-02 7.306377e-02 2.873244e-02 7.619228e-02 1.122302e-01 5.408111e-02 5.458818e-02 3.505953e-01 7.103184e-02 5.906737e-02 1.756624e-01 3.136307e-01 1.180165e-01 3.681287e-01 2.461398e-01 2.472844e-01 
94 941  1.069331701787215962e+02 0 0 1.163745e-01 8.995491e-02 1.397071e-01 9.644273e-02 9.689094e-02 1.238196e-01 1.659968e-01 1.584051e-01 1.041683e-01 1.016230e-01 1.024605e-01 7.757446e-02 4.139001e-02 7.591445e-02 2.894468e-02 7.563957e-02 1.132075e-01 5.475116e-02 5.412777e-02 3.492157e-01 7.114314e-02 5.917847e-02 1.801431e-01 3.047952e-01 1.187683e-01 3.640205e-01 2.456448e-01 2.480437e-01 
95 951  1.086108594009344870e+02 0 0 1.138632e-01 9.301944e-02 1.363604e-01 9.819391e-02 9.611286e-02 1.232376e-01 1.713452e-01 1.599464e-01 1.031066e-01 9.917978e-02 1.041393e-01 7.907571e-02 4.135706e-02 7.329327e-02 2.908419e-02 7.578683e-02 1.124819e-01 5.411429e-02 5.413226e-02 3.497405e-01 7.130490e-02 5.968903e-02 1.778396e-01 3.088703e-01 1.189132e-01 3.639437e-01 2.448689e-01 2.453408e-01 
96 961  1.076097363957591853e+02 0 0 1.124984e-01 9.073762e-02 1.389734e-01 9.724342e-02 9.586911e-02 1.229863e-01 1.675818e-01 1.578034e-01 1.027450e-01 1.011089e-01 1.036934e-01 7.845874e-02 3.991276e-02 7.269169e-02 2.908967e-02 7.691231e-02 1.116088e-01 5.389773e-02 5.375139e-02 3.474869e-01 7.215724e-02 5.983771e-02 1.778762e-01 3.099888e-01 1.189912e-01 3.692623e-01 2.465971e-01 2.463051e-01 
97 971  1.074740069666968054e+02 0 0 1.160440e-01 9.075817e-02 1.379852e-01 9.646171e-02 9.707367e-02 1.229697e-01 1.712173e-01 1.592249e-01 1.022127e-01 1.027497e-01 1.036443e-01 7.852472e-02 4.026852e-02 7.194038e-02 2.913893e-02 7.712346e-02 1.115711e-01 5.405522e-02 5.490107e-02 3.540485e-01 7.310875e-02 6.062492e-02 1.781142e-01 3.053472e-01 1.173443e-01 3.590141e-01 2.472568e-01 2.491944e-01 
98 981  1.080333037937382272e+02 0 0 1.160938e-01 8.956787e-02 1.387428e-01 9.547122e-02 9.744537e-02 1.196037e-01 1.675547e-01 1.633241e-01 1.038042e-01 1.028660e-01 1.043345e-01 7.726884e-02 4.068401e-02 7.486587e-02 2.829206e-02 7.486380e-02 1.134735e-01 5.382482e-02 5.593981e-02 3.480348e-01 7.364661e-02 6.158068e-02 1.814499e-01 3.110514e-01 1.177990e-01 3.690682e-01 2.494513e-01 2.486360e-01 
99 991  1.078966597872658468e+02 0 0 1.136182e-01 8.722635e-02 1.379758e-01 9.546043e-02 9.867832e-02 1.214578e-01 1.680748e-01 1.632985e-01 1.022666e-01 1.005350e-01 1.018597e-01 7.729126e-02 4.074818e-02 7.293726e-02 2.869425e-02 7.604886e-02 1.155551e-01 5.491345e-02 5.492864e-02 3.494882e-01 7.333216e-02 6.046426e-02 1.824614e-01 3.096100e-01 1.182037e-01 3.583955e-01 2.473150e-01 2.513754e-01 
100 1001  1.067871921477002388e+02 0 0 1.153089e-01 8.699683e-02 1.375486e-01 9.708777e-02 9.788410e-02 1.230342e-01 1.648895e-01 1.579181e-01 1.013329e-01 1.018815e-01 1.048960e-01 7.786743e-02 3.968779e-02 7.373956e-02 2.935444e-02 7.647307e-02 1.148590e-01 5.416686e-02 5.523238e-02 3.504751e-01 7.037380e-02 6.191007e-02 1.814747e-01 3.042787e-01 1.179597e-01 3.608398e-01 2.491119e-01 2.476247e-01 
101 1011  1.068036754721733814e+02 0 0 1.160075e-01 8.623282e-02 1.399957e-01 9.736533e-02 9.895204e-02 1.211083e-01 1.703040e-01 1.599906e-01 1.015187e-01 1.019678e-01 1.015144e-01 7.916799e-02 3.924991e-02 7.339016e-02 2.835442e-02 7.715484e-02 1.167390e-01 5.536152e-02 5.582715e-02 3.461464e-01 7.254902e-02 6.260198e-02 1.804424e-01 3.059207e-01 1.159423e-01 3.660620e-01 2.485875e-01 2.507953e-01 
102 1021  1.071201689533819774e+02 0 0 1.149773e-01 8.742727e-02 1.390672e-01 9.612844e-02 9.693347e-02 1.224978e-01 1.675735e-01 1.620836e-01 1.014340e-01 1.030096e-01 1.042916e-01 7.719768e-02 3.982903e-02 7.261193e-02 2.941052e-02 7.701558e-02 1.124420e-01 5.485643e-02 5.522936e-02 3.504246e-01 7.031158e-02 6.154231e-02 1.836072e-01 3.041162e-01 1.165389e-01 3.594044e-01 2.484491e-01 2.507237e-01 
103 1031  1.079373627941568543e+02 0 0 1.139695e-01 8.614767e-02 1.383342e-01 9.664256e-02 9.736078e-02 1.246636e-01 1.653171e-01 1.650990e-01 9.943008e-02 1.025601e-01 1.042455e-01 7.903170e-02 3.895034e-02 7.485246e-02 2.888417e-02 7.946587e-02 1.103098e-01 5.491075e-02 5.602302e-02 3.472887e-01 7.067295e-02 6.195784e-02 1.814184e-01 3.086874e-01 1.167615e-01 3.634897e-01 2.523844e-01 2.499789e-01 
104 1041  1.060868448954243775e+02 0 0 1.150096e-01 8.544864e-02 1.380614e-01 9.478840e-02 9.695441e-02 1.227620e-01 1.682080e-01 1.613435e-01 9.743019e-02 1.037228e-01 1.057564e-01 7.782297e-02 3.940993e-02 7.430494e-02 2.865085e-02 7.637676e-02 1.109384e-01 5.513586e-02 5.662861e-02 3.444531e-01 7.161756e-02 6.309010e-02 1.835844e-01 3.052453e-01 1.146807e-01 3.684895e-01 2.489109e-01 2.510883e-01 
105 1051  1.061400128646683214e+02 0 0 1.166744e-01 8.701623e-02 1.387109e-01 9.525770e-02 9.613869e-02 1.212440e-01 1.676092e-01 1.603758e-01 9.823088e-02 1.022766e-01 1.054173e-01 7.734797e-02 3.771502e-02 7.281612e-02 2.874405e-02 7.903786e-02 1.124497e-01 5.434073e-02 5.663317e-02 3.458403e-01 7.211035e-02 6.256074e-02 1.826618e-01 3.085757e-01 1.123130e-01 3.700669e-01 2.491265e-01 2.515691e-01 
106 1061  1.074793475529978792e+02 0 0 1.178170e-01 8.860449e-02 1.391090e-01 9.488161e-02 9.668849e-02 1.240727e-01 1.690673e-01 1.596112e-01 1.003815e-01 1.037144e-01 1.044976e-01 7.644875e-02 3.905180e-02 7.384823e-02 2.853656e-02 7.803703e-02 1.132012e-01 5.374654e-02 5.680371e-02 3.422889e-01 7.054473e-02 6.290649e-02 1.821632e-01 3.103823e-01 1.139265e-01 3.648351e-01 2.495326e-01 2.511610e-01 
107 1071  1.076299948245932683e+02 0 0 1.165188e-01 8.598566e-02 1.367239e-01 9.610403e-02 9.640190e-02 1.233178e-01 1.723914e-01 1.611135e-01 1.013198e-01 1.023642e-01 1.066616e-01 7.592299e-02 3.856648e-02 7.282390e-02 2.859463e-02 7.730754e-02 1.130760e-01 5.468289e-02 5.635876e-02 3.485106e-01 7.054153e-02 6.475022e-02 1.831958e-01 3.084620e-01 1.132424e-01 3.659484e-01 2.504713e-01 2.486767e-01 
108 1081  1.064124032928831696e+02 0 0 1.171035e-01 8.789867e-02 1.374945e-01 9.486488e-02 9.843638e-02 1.228906e-01 1.689406e-01 1.580970e-01 9.745148e-02 1.024406e-01 1.061868e-01 7.709194e-02 3.793756e-02 7.538572e-02 2.857298e-02 7.676397e-02 1.129414e-01 5.439286e-02 5.706837e-02 3.435693e-01 7.151861e-02 6.526630e-02 1.867145e-01 3.037462e-01 1.140353e-01 3.628562e-01 2.521025e-01 2.504502e-01 
109 1091  1.054844483693797770e+02 0 0 1.162430e-01 8.737770e-02 1.360432e-01 9.610855e-02 9.658101e-02 1.215781e-01 1.685049e-01 1.578351e-01 9.671098e-02 1.014960e-01 1.066629e-01 7.770298e-02 3.799969e-02 7.402452e-02 2.825088e-02 7.716162e-02 1.127547e-01 5.442692e-02 5.774579e-02 3.454434e-01 7.052496e-02 6.506010e-02 1.847116e-01 3.071674e-01 1.149762e-01 3.706030e-01 2.518207e-01 2.507357e-01 
110 1101  1.057334232453783329e+02 0 0 1.157821e-01 8.782871e-02 1.359969e-01 9.312849e-02 9.469195e-02 1.223920e-01 1.656779e-01 1.574078e-01 9.687009e-02 1.033266e-01 1.050196e-01 7.888147e-02 3.889444e-02 7.442558e-02 2.800947e-02 7.883078e-02 1.119038e-01 5.431129e-02 5.849694e-02 3.454804e-01 7.025197e-02 6.424518e-02 1.800599e-01 3.080100e-01 1.156324e-01 3.688821e-01 2.489288e-01 2.498820e-01 
111 1111  1.063419066104918898e+02 0 0 1.178261e-01 8.796937e-02 1.340538e-01 9.321634e-02 9.567462e-02 1.195626e-01 1.675010e-01 1.575706e-01 9.678352e-02 1.040111e-01 1.044616e-01 7.630756e-02 3.829191e-02 7.343758e-02 2.794679e-02 7.883946e-02 1.126817e-01 5.385311e-02 6.080199e-02 3.446302e-01 7.123205e-02 6.390311e-02 1.809748e-01 2.995923e-01 1.152921e-01 3.687594e-01 2.505480e-01 2.508539e-01 
112 1121  1.065848583199417021e+02 0 0 1.156634e-01 8.792924e-02 1.357385e-01 9.449508e-02 9.502753e-02 1.213035e-01 1.669392e-01 1.568036e-01 9.827198e-02 1.047849e-01 1.045979e-01 7.831766e-02 3.963819e-02 7.223760e-02 2.823123e-02 7.573206e-02 1.087640e-01 5.354057e-02 5.974572e-02 3.417560e-01 7.229706e-02 6.374126e-02 1.814632e-01 3.034592e-01 1.130447e-01 3.654332e-01 2.486335e-01 2.485228e-01 
113 1131  1.061978570562582149e+02 0 0 1.164930e-01 8.954883e-02 1.371263e-01 9.205846e-02 9.625893e-02 1.189910e-01 1.669342e-01 1.574455e-01 9.796913e-02 1.042525e-01 1.038281e-01 7.820509e-02 3.921167e-02 7.354714e-02 2.870228e-02 7.741606e-02 1.085522e-01 5.472791e-02 6.004453e-02 3.379053e-01 7.135244e-02 6.500202e-02 1.817272e-01 3.038371e-01 1.165169e-01 3.744155e-01 2.506146e-01 2.501086e-01 
114 1141  1.048318500772800235e+02 0 0 1.171015e-01 8.903374e-02 1.335394e-01 9.254543e-02 9.684071e-02 1.179511e-01 1.701059e-01 1.532588e-01 9.610529e-02 1.063134e-01 1.027776e-01 7.835244e-02 3.870396e-02 7.285977e-02 2.837783e-02 7.851560e-02 1.090711e-01 5.396902e-02 6.057565e-02 3.411114e-01 7.304616e-02 6.406507e-02 1.768098e-01 2.996777e-01 1.149619e-01 3.701852e-01 2.490809e-01 2.485759e-01 
115 1151  1.064518536379302560e+02 0 0 1.156708e-01 8.808023e-02 1.329917e-01 9.280823e-02 9.563577e-02 1.196973e-01 1.699063e-01 1.550092e-01 9.645278e-02 1.037219e-01 1.021486e-01 7.669030e-02 3.860913e-02 7.373305e-02 2.789940e-02 7.995040e-02 1.072872e-01 5.337449e-02 6.078250e-02 3.389308e-01 7.133496e-02 6.664351e-02 1.776280e-01 3.014363e-01 1.155636e-01 3.741326e-01 2.509911e-01 2.489891e-01 
116 1161  1.050177401468363314e+02 0 0 1.153444e-01 8.690805e-02 1.347123e-01 9.430892e-02 9.595895e-02 1.186174e-01 1.695604e-01 1.518638e-01 9.570014e-02 1.040626e-01 1.027310e-01 7.748839e-02 3.816503e-02 7.238459e-02 2.875446e-02 7.906742e-02 1.082227e-01 5.399177e-02 6.022749e-02 3.370315e-01 7.070180e-02 6.496292e-02 1.772327e-01 3.070033e-01 1.158785e-01 3.703527e-01 2.499573e-01 2.502230e-01 
117 1171  1.051096443918013392e+02 0 0 1.165316e-01 8.706673e-02 1.341810e-01 9.378526e-02 9.590521e-02 1.201701e-01 1.694782e-01 1.538338e-01 9.481059e-02 1.047714e-01 1.029826e-01 7.838779e-02 3.726936e-02 7.747970e-02 2.839172e-02 7.844902e-02 1.081678e-01 5.503095e-02 6.215004e-02 3.388137e-01 7.023351e-02 6.426075e-02 1.791022e-01 2.986141e-01 1.182683e-01 3.676643e-01 2.520544e-01 2.527808e-01 
118 1181  1.041219154562059686e+02 0 0 1.186404e-01 8.556576e-02 1.322842e-01 9.223496e-02 9.710915e-02 1.193546e-01 1.685160e-01 1.548165e-01 9.544224e-02 1.069161e-01 1.033975e-01 7.768905e-02 3.876963e-02 7.499210e-02 2.868064e-02 7.786772e-02 1.065817e-01 5.341235e-02 5.894490e-02 3.361745e-01 7.187439e-02 6.467727e-02 1.747727e-01 2.983081e-01 1.156935e-01 3.718475e-01 2.505589e-01 2.517983e-01 
119 1191  1.050337804594980327e+02 0 0 1.202792e-01 8.824698e-02 1.303118e-01 9.352348e-02 9.598400e-02 1.202107e-01 1.705405e-01 1.531107e-01 9.520796e-02 1.082758e-01 1.055077e-01 7.668042e-02 3.795901e-02 7.641793e-02 2.809969e-02 7.998064e-02 1.060067e-01 5.364825e-02 6.050104e-02 3.437842e-01 7.073268e-02 6.573521e-02 1.821082e-01 3.003107e-01 1.186169e-01 3.749702e-01 2.500562e-01 2.487629e-01 
120 1201  1.039233838119172759e+02 0 0 1.224397e-01 8.702261e-02 1.298995e-01 9.319798e-02 9.822240e-02 1.196562e-01 1.738075e-01 1.537712e-01 9.588941e-02 1.057900e-01 1.042568e-01 7.828384e-02 3.672979e-02 7.535761e-02 2.902230e-02 7.920242e-02 1.088075e-01 5.321481e-02 5.959375e-02 3.403833e-01 7.242981e-02 6.522363e-02 1.773121e-01 3.005048e-01 1.165471e-01 3.738544e-01 2.551037e-01 2.513988e-01 
121 1211  1.028112743687579496e+02 0 0 1.203405e-01 8.704801e-02 1.327738e-01 9.328886e-02 9.699113e-02 1.211822e-01 1.737743e-01 1.540879e-01 9.552515e-02 1.053126e-01 1.034750e-01 7.863438e-02 3.820721e-02 7.548190e-02 2.909358e-02 7.839668e-02 1.073022e-01 5.367267e-02 6.023796e-02 3.435106e-01 7.043514e-02 6.492988e-02 1.783832e-01 3.019030e-01 1.160843e-01 3.711420e-01 2.523290e-01 2.539433e-01 
122 1221  1.027591906347929012e+02 0 0 1.198501e-01 8.691186e-02 1.269561e-01 9.264618e-02 9.757786e-02 1.196980e-01 1.703756e-01 1.487848e-01 9.539266e-02 1.068419e-01 1.043142e-01 7.644451e-02 3.793448e-02 7.823611e-02 2.867788e-02 7.966277e-02 1.076738e-01 5.303719e-02 6.063436e-02 3.484400e-01 7.091026e-02 6.263378e-02 1.788186e-01 2.927297e-01 1.185942e-01 3.732730e-01 2.521164e-01 2.560251e-01 
123 1231  1.014642998551149020e+02 0 0 1.185294e-01 8.626123e-02 1.270116e-01 9.203708e-02 9.690473e-02 1.211305e-01 1.723739e-01 1.505641e-01 9.380018e-02 1.048657e-01 1.013160e-01 7.841583e-02 3.789906e-02 7.514577e-02 2.855342e-02 7.901861e-02 1.045067e-01 5.293611e-02 6.174488e-02 3.454562e-01 7.260535e-02 6.413597e-02 1.774778e-01 2.983083e-01 1.167248e-01 3.693293e-01 2.512124e-01 2.553915e-01 
124 1241  1.011625676780629703e+02 0 0 1.197175e-01 8.700847e-02 1.301396e-01 9.172886e-02 9.811351e-02 1.228516e-01 1.724627e-01 1.512748e-01 9.523347e-02 1.054668e-01 1.034104e-01 7.721422e-02 3.858747e-02 7.882637e-02 2.890414e-02 7.954375e-02 1.089424e-01 5.381912e-02 5.986154e-02 3.468804e-01 7.317664e-02 6.269086e-02 1.789122e-01 3.004241e-01 1.173503e-01 3.679633e-01 2.534595e-01 2.531436e-01 
125 1251  1.014671602693117052e+02 0 0 1.202934e-01 8.580227e-02 1.260836e-01 9.273917e-02 9.774549e-02 1.233654e-01 1.750154e-01 1.484677e-01 9.501821e-02 1.086731e-01 1.044970e-01 7.581823e-02 3.891633e-02 7.657256e-02 2.916736e-02 7.851196e-02 1.095234e-01 5.347924e-02 6.023935e-02 3.467960e-01 7.323658e-02 6.330279e-02 1.770151e-01 2.917538e-01 1.196266e-01 3.674639e-01 2.502069e-01 2.537860e-01 
126 1261  1.011107674885199117e+02 0 0 1.205869e-01 8.688145e-02 1.275449e-01 9.079698e-02 9.832956e-02 1.251241e-01 1.723278e-01 1.520037e-01 9.445942e-02 1.064942e-01 1.033639e-01 7.643685e-02 3.926667e-02 7.864466e-02 2.940147e-02 7.760555e-02 1.085960e-01 5.373939e-02 5.826307e-02 3.497151e-01 7.550800e-02 6.393497e-02 1.774372e-01 2.965989e-01 1.192310e-01 3.715851e-01 2.552222e-01 2.547173e-01 
127 1271  1.008947035449749592e+02 0 0 1.194175e-01 8.716714e-02 1.308930e-01 9.389735e-02 9.938129e-02 1.216945e-01 1.688828e-01 1.484988e-01 9.644108e-02 1.095910e-01 1.035895e-01 7.728522e-02 3.851543e-02 7.737209e-02 2.937010e-02 7.899117e-02 1.121562e-01 5.383495e-02 5.920744e-02 3.506485e-01 7.686751e-02 6.338890e-02 1.752042e-01 2.940067e-01 1.209795e-01 3.643731e-01 2.560280e-01 2.558644e-01 
128 1281  1.015418004287985383e+02 0 0 1.228238e-01 8.598124e-02 1.305029e-01 9.035396e-02 9.770927e-02 1.221884e-01 1.700392e-01 1.505303e-01 9.531989e-02 1.091557e-01 1.043039e-01 7.680260e-02 3.796792e-02 7.930775e-02 2.900044e-02 7.861236e-02 1.114047e-01 5.363374e-02 5.942219e-02 3.482805e-01 7.533539e-02 6.320430e-02 1.722304e-01 2.947599e-01 1.189337e-01 3.626481e-01 2.552238e-01 2.534533e-01 
129 1291  1.015989994294430687e+02 0 0 1.230667e-01 8.786777e-02 1.285529e-01 9.176975e-02 9.827086e-02 1.251515e-01 1.702833e-01 1.522666e-01 9.603428e-02 1.056661e-01 1.055528e-01 7.822736e-02 3.976239e-02 7.578914e-02 2.926688e-02 7.833593e-02 1.098406e-01 5.424886e-02 6.034038e-02 3.542274e-01 7.442345e-02 6.375374e-02 1.735053e-01 2.988968e-01 1.191333e-01 3.613943e-01 2.540096e-01 2.552473e-01 
130 1301  1.002874681586136347e+02 0 0 1.253845e-01 8.849527e-02 1.265241e-01 9.034932e-02 9.904878e-02 1.250220e-01 1.780633e-01 1.492478e-01 9.413410e-02 1.074913e-01 1.047682e-01 7.653079e-02 3.914033e-02 7.802895e-02 2.940632e-02 7.943988e-02 1.084174e-01 5.363066e-02 6.075929e-02 3.494444e-01 7.302009e-02 6.298736e-02 1.722957e-01 2.911540e-01 1.201109e-01 3.597469e-01 2.541548e-01 2.573349e-01 
131 1311  1.003700145997460424e+02 0 0 1.251877e-01 8.748228e-02 1.277671e-01 9.116370e-02 9.774855e-02 1.243786e-01 1.746715e-01 1.490073e-01 9.403755e-02 1.067804e-01 1.047716e-01 7.622218e-02 3.907470e-02 7.730471e-02 2.944154e-02 8.097332e-02 1.066326e-01 5.314950e-02 6.047546e-02 3.510348e-01 7.319571e-02 6.377742e-02 1.734168e-01 2.947948e-01 1.183610e-01 3.520540e-01 2.531089e-01 2.556242e-01 
132 1321  1.000994103948509917e+02 0 0 1.272482e-01 8.759575e-02 1.278101e-01 9.136574e-02 9.929189e-02 1.243115e-01 1.771053e-01 1.471145e-01 9.498187e-02 1.070241e-01 1.043239e-01 7.645082e-02 3.864517e-02 7.967895e-02 2.998595e-02 8.096483e-02 1.102883e-01 5.437973e-02 6.125280e-02 3.546100e-01 7.389519e-02 6.288719e-02 1.729238e-01 2.957398e-01 1.194657e-01 3.477397e-01 2.567106e-01 2.534690e-01 
133 1331  9.855231213215499508e+01 0 0 1.257512e-01 8.817023e-02 1.266113e-01 9.094477e-02 9.928743e-02 1.211841e-01 1.765768e-01 1.453056e-01 9.551730e-02 1.078201e-01 1.017996e-01 7.792512e-02 3.842382e-02 7.864501e-02 2.878006e-02 7.986551e-02 1.105022e-01 5.521821e-02 6.153855e-02 3.472580e-01 7.372851e-02 6.288150e-02 1.703246e-01 2.965743e-01 1.174672e-01 3.520489e-01 2.577286e-01 2.554286e-01 
134 1341  9.915884696497471396e+01 0 0 1.278988e-01 8.812581e-02 1.246811e-01 9.096385e-02 9.795794e-02 1.231634e-01 1.708667e-01 1.446843e-01 9.473699e-02 1.075578e-01 1.035140e-01 7.768857e-02 3.814450e-02 7.729987e-02 2.916664e-02 8.290457e-02 1.129431e-01 5.470993e-02 6.077520e-02 3.537191e-01 7.280329e-02 6.316416e-02 1.751543e-01 2.939910e-01 1.208366e-01 3.529866e-01 2.546954e-01 2.567763e-01 
135 1351  9.909542294205033386e+01 0 0 1.263083e-01 8.738258e-02 1.236214e-01 9.000766e-02 9.742107e-02 1.257114e-01 1.746536e-01 1.429306e-01 9.293432e-02 1.051330e-01 1.010185e-01 7.759070e-02 3.876936e-02 7.966744e-02 2.943275e-02 8.371770e-02 1.112945e-01 5.434966e-02 6.037796e-02 3.487536e-01 7.074847e-02 6.338704e-02 1.710918e-01 2.937615e-01 1.191628e-01 3.553577e-01 2.581156e-01 2.578060e-01 
136 1361  9.766097521595786191e+01 0 0 1.278707e-01 8.800554e-02 1.271162e-01 8.874301e-02 9.931345e-02 1.229698e-01 1.701114e-01 1.412887e-01 9.609877e-02 1.074007e-01 1.031015e-01 7.841700e-02 3.951634e-02 7.990152e-02 2.935592e-02 8.254573e-02 1.092480e-01 5.316882e-02 6.042019e-02 3.471982e-01 7.287421e-02 6.156936e-02 1.686620e-01 2.925655e-01 1.200661e-01 3.547506e-01 2.564088e-01 2.550872e-01 
137 1371  9.598876404086162495e+01 0 0 1.287962e-01 9.037240e-02 1.264261e-01 8.688565e-02 9.956542e-02 1.230696e-01 1.722828e-01 1.409976e-01 9.623011e-02 1.094628e-01 1.045729e-01 7.691258e-02 3.911385e-02 7.829561e-02 2.794080e-02 8.347243e-02 1.090865e-01 5.511255e-02 6.345853e-02 3.469068e-01 7.209337e-02 6.266852e-02 1.682143e-01 2.891029e-01 1.191968e-01 3.552561e-01 2.556183e-01 2.544068e-01 
138 1381  9.385079451422323871e+01 0 0 1.282964e-01 9.116292e-02 1.227785e-01 8.668625e-02 1.001842e-01 1.238878e-01 1.723516e-01 1.422685e-01 9.729589e-02 1.133354e-01 1.062422e-01 7.576918e-02 3.945253e-02 8.092937e-02 2.858171e-02 8.292426e-02 1.097694e-01 5.498537e-02 6.275662e-02 3.496749e-01 7.201635e-02 6.147529e-02 1.641587e-01 2.854951e-01 1.203723e-01 3.545930e-01 2.551050e-01 2.525041e-01 
139 1391  9.474196599578948508e+01 0 0 1.268235e-01 9.018902e-02 1.234963e-01 8.742829e-02 1.016808e-01 1.250541e-01 1.721507e-01 1.392678e-01 1.003297e-01 1.098990e-01 1.038112e-01 7.649490e-02 3.917723e-02 7.987432e-02 2.883505e-02 8.353201e-02 1.088046e-01 5.399235e-02 6.303267e-02 3.463994e-01 7.062893e-02 6.248128e-02 1.683073e-01 2.888853e-01 1.185749e-01 3.449398e-01 2.559820e-01 2.494791e-01 
140 1401  9.421053276778864927e+01 0 0 1.274810e-01 9.258338e-02 1.230747e-01 8.762992e-02 1.028524e-01 1.266226e-01 1.703482e-01 1.376868e-01 9.693602e-02 1.130107e-01 1.063767e-01 7.547035e-02 3.877237e-02 7.947104e-02 2.924897e-02 8.424723e-02 1.077409e-01 5.342473e-02 6.409058e-02 3.438109e-01 7.304683e-02 6.241927e-02 1.684109e-01 2.874970e-01 1.180484e-01 3.491488e-01 2.528091e-01 2.487156e-01 
141 1411  9.566902011324756927e+01 0 0 1.278987e-01 9.136775e-02 1.238682e-01 8.695126e-02 1.044226e-01 1.235734e-01 1.723689e-01 1.397189e-01 9.838471e-02 1.112040e-01 1.057145e-01 7.747542e-02 3.911979e-02 8.243085e-02 2.914419e-02 8.211936e-02 1.048772e-01 5.543031e-02 6.381244e-02 3.468366e-01 7.169856e-02 6.183478e-02 1.697910e-01 2.862826e-01 1.162203e-01 3.455582e-01 2.533524e-01 2.527729e-01 
142 1421  9.436136045357068269e+01 0 0 1.290004e-01 9.034277e-02 1.224184e-01 8.774300e-02 1.020860e-01 1.210796e-01 1.700764e-01 1.353116e-01 9.701966e-02 1.127365e-01 1.043685e-01 7.730281e-02 3.967475e-02 7.818802e-02 2.995169e-02 8.356634e-02 1.049699e-01 5.517640e-02 6.278392e-02 3.474897e-01 7.203774e-02 6.337740e-02 1.663199e-01 2.876421e-01 1.200949e-01 3.484482e-01 2.506466e-01 2.490600e-01 
143 1431  9.363374627042914256e+01 0 0 1.281159e-01 8.805688e-02 1.227556e-01 8.620807e-02 1.017240e-01 1.224122e-01 1.708830e-01 1.389104e-01 9.353357e-02 1.114393e-01 1.019076e-01 7.703668e-02 3.846211e-02 7.629085e-02 2.990535e-02 8.383699e-02 1.070840e-01 5.645280e-02 6.396093e-02 3.428207e-01 7.060028e-02 6.204979e-02 1.676930e-01 2.870616e-01 1.209113e-01 3.431144e-01 2.556061e-01 2.526476e-01 
144 1441  9.150919427852053900e+01 0 0 1.265901e-01 8.671744e-02 1.216556e-01 8.671825e-02 1.009064e-01 1.236744e-01 1.758441e-01 1.405432e-01 9.636721e-02 1.101590e-01 1.013047e-01 7.718382e-02 3.900009e-02 7.928167e-02 2.985341e-02 8.088287e-02 1.044566e-01 5.507932e-02 6.249413e-02 3.477395e-01 7.034343e-02 6.095549e-02 1.678528e-01 2.874131e-01 1.188160e-01 3.376592e-01 2.564855e-01 2.532981e-01 
145 1451  9.342023481781436089e+01 0 0 1.229738e-01 8.906068e-02 1.206774e-01 8.838758e-02 9.964176e-02 1.254663e-01 1.735874e-01 1.429134e-01 9.280832e-02 1.130416e-01 1.013115e-01 7.504510e-02 3.819045e-02 7.867586e-02 3.059433e-02 8.294926e-02 1.038492e-01 5.500003e-02 6.377005e-02 3.447107e-01 7.058756e-02 6.158558e-02 1.690593e-01 2.851822e-01 1.184537e-01 3.439685e-01 2.560293e-01 2.543336e-01 
146 1461  9.306878125961947035e+01 0 0 1.233141e-01 8.766669e-02 1.221112e-01 8.610536e-02 1.017776e-01 1.231667e-01 1.654840e-01 1.425371e-01 9.060135e-02 1.125736e-01 9.964288e-02 7.655644e-02 3.756019e-02 7.889687e-02 2.990247e-02 8.260165e-02 1.029034e-01 5.487832e-02 6.364754e-02 3.438606e-01 6.927517e-02 6.053585e-02 1.666625e-01 2.888427e-01 1.172829e-01 3.388078e-01 2.580570e-01 2.520139e-01 
147 1471  9.406142329944039204e+01 0 0 1.265422e-01 8.712966e-02 1.237126e-01 8.756245e-02 1.012205e-01 1.214874e-01 1.725097e-01 1.413488e-01 9.164034e-02 1.130600e-01 9.953353e-02 7.610475e-02 3.699503e-02 7.814342e-02 2.995950e-02 8.600622e-02 1.026003e-01 5.710620e-02 6.424648e-02 3.420080e-01 6.781911e-02 6.355904e-02 1.653387e-01 2.872755e-01 1.190944e-01 3.347545e-01 2.513226e-01 2.523951e-01 
148 1481  9.454803227507191821e+01 0 0 1.244565e-01 8.805993e-02 1.204016e-01 8.526299e-02 1.014970e-01 1.238483e-01 1.707378e-01 1.426051e-01 9.007170e-02 1.173266e-01 1.002137e-01 8.096218e-02 3.760068e-02 7.940526e-02 3.083170e-02 8.483234e-02 1.038732e-01 5.749226e-02 6.656146e-02 3.407892e-01 7.108830e-02 6.269376e-02 1.645051e-01 2.792162e-01 1.185422e-01 3.406756e-01 2.547075e-01 2.484525e-01 
149 1491  9.612294111667394247e+01 0 0 1.273953e-01 8.697472e-02 1.212029e-01 8.496550e-02 1.008733e-01 1.212963e-01 1.718782e-01 1.378500e-01 8.882892e-02 1.106246e-01 9.920871e-02 7.750269e-02 3.743704e-02 7.824457e-02 3.086503e-02 8.322834e-02 1.039469e-01 5.707602e-02 6.556501e-02 3.362995e-01 6.931590e-02 6.091470e-02 1.659468e-01 2.917820e-01 1.164170e-01 3.442306e-01 2.561773e-01 2.498242e-01 
150 1501  9.589311254422881348e+01 0 0 1.250382e-01 8.954080e-02 1.224277e-01 8.553969e-02 9.827588e-02 1.206805e-01 1.707913e-01 1.406816e-01 9.005934e-02 1.143357e-01 9.744742e-02 7.744999e-02 3.826351e-02 7.658251e-02 2.996764e-02 8.098948e-02 1.033350e-01 5.665352e-02 6.807038e-02 3.401851e-01 6.946674e-02 6.392335e-02 1.648797e-01 2.860831e-01 1.191450e-01 3.431913e-01 2.515677e-01 2.472313e-01 
151 1511  9.287494483185514582e+01 0 0 1.263986e-01 8.911147e-02 1.174350e-01 8.515401e-02 9.923342e-02 1.209518e-01 1.726119e-01 1.426550e-01 8.742710e-02 1.146913e-01 9.842575e-02 8.008478e-02 3.989467e-02 8.217492e-02 3.016173e-02 8.319583e-02 1.063758e-01 5.714406e-02 6.732409e-02 3.368441e-01 6.823395e-02 6.292948e-02 1.642055e-01 2.847617e-01 1.170816e-01 3.384495e-01 2.532195e-01 2.502485e-01 
152 1521  9.068929660648930735e+01 0 0 1.223604e-01 8.806137e-02 1.171033e-01 8.441296e-02 1.008510e-01 1.236785e-01 1.697509e-01 1.396665e-01 8.847749e-02 1.141441e-01 9.867567e-02 7.922497e-02 3.918239e-02 7.844960e-02 3.020264e-02 8.347222e-02 1.049545e-01 5.811168e-02 6.875563e-02 3.419128e-01 7.057915e-02 6.276428e-02 1.662209e-01 2.847399e-01 1.171894e-01 3.348183e-01 2.526721e-01 2.541557e-01 
153 1531  9.045195095759325454e+01 0 0 1.250601e-01 8.942323e-02 1.181117e-01 8.346674e-02 1.005397e-01 1.205542e-01 1.741381e-01 1.358622e-01 9.019820e-02 1.168621e-01 1.011489e-01 7.882839e-02 3.869421e-02 8.159273e-02 2.936488e-02 8.426753e-02 1.072721e-01 5.656838e-02 6.815633e-02 3.413816e-01 7.020707e-02 6.256259e-02 1.647930e-01 2.833938e-01 1.184354e-01 3.363659e-01 2.559719e-01 2.538123e-01 
154 1541  8.883098637104258444e+01 0 0 1.264675e-01 8.765878e-02 1.195959e-01 8.407161e-02 9.959914e-02 1.236633e-01 1.742571e-01 1.390720e-01 8.763589e-02 1.169959e-01 9.916764e-02 7.770724e-02 3.969477e-02 8.223283e-02 2.966410e-02 8.533509e-02 1.031803e-01 5.724937e-02 6.648413e-02 3.396965e-01 7.124313e-02 6.073625e-02 1.658829e-01 2.831766e-01 1.194999e-01 3.384704e-01 2.565289e-01 2.527161e-01 
155 1551  9.411819449532278270e+01 0 0 1.255296e-01 9.141552e-02 1.164530e-01 8.404606e-02 9.965573e-02 1.211445e-01 1.730512e-01 1.379346e-01 8.913126e-02 1.147714e-01 1.000027e-01 7.690455e-02 4.054327e-02 8.044199e-02 3.006734e-02 8.425643e-02 1.049997e-01 5.625995e-02 6.639544e-02 3.374466e-01 7.036078e-02 6.277248e-02 1.667432e-01 2.881709e-01 1.217756e-01 3.354132e-01 2.554710e-01 2.551986e-01 
156 1561  9.106852057386089427e+01 0 0 1.271526e-01 8.935333e-02 1.163255e-01 8.372085e-02 1.005876e-01 1.209638e-01 1.808315e-01 1.390711e-01 8.990683e-02 1.135017e-01 1.006419e-01 7.686717e-02 4.044243e-02 7.929464e-02 3.031768e-02 8.309575e-02 1.041294e-01 5.631425e-02 6.483660e-02 3.393156e-01 7.044340e-02 6.253376e-02 1.688368e-01 2.821797e-01 1.188519e-01 3.388047e-01 2.562306e-01 2.541413e-01 
157 1571  9.246058769987882897e+01 0 0 1.276454e-01 9.159469e-02 1.158402e-01 8.269932e-02 1.011155e-01 1.201752e-01 1.779872e-01 1.374320e-01 9.178850e-02 1.133525e-01 9.967683e-02 7.531245e-02 4.052228e-02 7.906198e-02 2.907268e-02 8.227281e-02 1.026976e-01 5.745965e-02 6.509552e-02 3.393883e-01 7.080847e-02 6.000272e-02 1.677159e-01 2.790097e-01 1.200919e-01 3.415481e-01 2.542088e-01 2.530162e-01 
158 1581  9.117662188260030121e+01 0 0 1.270395e-01 8.963068e-02 1.182576e-01 8.582197e-02 1.007974e-01 1.218071e-01 1.806310e-01 1.408155e-01 8.912046e-02 1.152463e-01 1.007499e-01 7.523676e-02 3.988065e-02 7.993626e-02 2.975409e-02 8.265449e-02 1.099215e-01 5.931393e-02 6.317418e-02 3.325245e-01 6.798265e-02 6.139596e-02 1.680512e-01 2.863702e-01 1.177302e-01 3.410767e-01 2.521390e-01 2.528052e-01 
159 1591  8.977846429843391718e+01 0 0 1.250512e-01 9.057999e-02 1.153978e-01 8.510020e-02 1.040888e-01 1.241383e-01 1.780456e-01 1.352318e-01 8.783137e-02 1.145113e-01 1.009308e-01 7.664281e-02 4.009997e-02 8.032924e-02 3.000911e-02 8.287854e-02 1.094560e-01 5.836646e-02 6.419038e-02 3.447767e-01 7.004701e-02 5.967530e-02 1.670732e-01 2.790941e-01 1.169589e-01 3.350829e-01 2.548576e-01 2.499512e-01 
160 1601  8.774525332066559713e+01 0 0 1.296722e-01 9.130879e-02 1.155813e-01 8.516550e-02 1.037907e-01 1.218281e-01 1.782017e-01 1.337601e-01 9.061862e-02 1.156227e-01 9.974677e-02 7.734922e-02 3.883033e-02 8.248623e-02 3.026560e-02 8.331295e-02 1.085823e-01 5.932190e-02 6.419074e-02 3.435736e-01 6.975918e-02 6.094833e-02 1.636270e-01 2.794503e-01 1.194962e-01 3.358425e-01 2.609747e-01 2.525321e-01 
161 1611  9.090715202517306182e+01 0 0 1.253948e-01 9.144735e-02 1.190724e-01 8.486984e-02 1.028123e-01 1.248776e-01 1.746822e-01 1.384185e-01 9.298852e-02 1.158137e-01 9.892285e-02 7.515465e-02 3.991767e-02 8.061610e-02 3.051827e-02 8.126362e-02 1.102082e-01 5.961583e-02 6.392255e-02 3.394753e-01 7.030775e-02 6.158022e-02 1.674285e-01 2.751593e-01 1.190782e-01 3.380350e-01 2.552758e-01 2.528666e-01 
162 1621  9.085516948419713401e+01 0 0 1.254286e-01 8.967388e-02 1.149886e-01 8.587023e-02 1.017016e-01 1.222646e-01 1.750472e-01 1.327078e-01 8.910584e-02 1.152378e-01 9.935677e-02 7.571095e-02 4.058313e-02 8.002477e-02 3.019028e-02 8.284636e-02 1.114234e-01 5.939814e-02 6.217931e-02 3.390629e-01 7.064641e-02 6.181017e-02 1.652176e-01 2.772677e-01 1.179073e-01 3.380523e-01 2.586651e-01 2.542377e-01 
163 1631  8.998104691288240531e+01 0 0 1.264744e-01 9.236449e-02 1.146171e-01 8.725906e-02 1.026168e-01 1.242816e-01 1.724333e-01 1.314570e-01 8.946193e-02 1.170287e-01 1.003948e-01 7.517674e-02 3.978160e-02 7.990810e-02 3.003456e-02 8.306071e-02 1.107655e-01 5.994366e-02 6.242553e-02 3.426384e-01 6.983690e-02 6.058225e-02 1.619162e-01 2.723637e-01 1.211899e-01 3.345226e-01 2.574969e-01 2.560880e-01 
164 1641  8.984717990988657732e+01 0 0 1.298276e-01 9.276360e-02 1.155659e-01 8.505862e-02 1.029522e-01 1.222371e-01 1.795107e-01 1.326772e-01 8.990519e-02 1.166355e-01 9.947780e-02 7.556719e-02 3.928026e-02 8.000123e-02 3.043838e-02 8.313103e-02 1.122297e-01 6.195117e-02 6.244505e-02 3.339046e-01 7.008949e-02 6.112401e-02 1.660067e-01 2.753137e-01 1.181500e-01 3.390986e-01 2.561649e-01 2.551260e-01 
165 1651  9.044255220769525749e+01 0 0 1.258780e-01 9.123303e-02 1.154040e-01 8.587210e-02 1.016018e-01 1.247968e-01 1.745324e-01 1.392283e-01 8.981670e-02 1.154939e-01 1.016572e-01 7.576406e-02 3.898140e-02 8.091505e-02 3.003612e-02 8.181090e-02 1.121372e-01 5.967874e-02 6.236701e-02 3.403485e-01 6.964624e-02 6.087569e-02 1.683560e-01 2.773458e-01 1.176377e-01 3.387143e-01 2.594135e-01 2.535247e-01 
166 1661  8.910496627418783078e+01 0 0 1.247487e-01 9.137029e-02 1.151794e-01 8.799536e-02 1.023735e-01 1.261838e-01 1.728138e-01 1.383724e-01 9.090739e-02 1.169164e-01 1.009091e-01 7.498486e-02 3.891909e-02 8.011258e-02 2.953132e-02 8.066767e-02 1.137541e-01 6.045905e-02 6.200857e-02 3.417058e-01 6.971130e-02 5.935699e-02 1.667051e-01 2.806765e-01 1.190813e-01 3.370984e-01 2.557492e-01 2.516455e-01 
167 1671  8.851577157936586104e+01 0 0 1.287080e-01 9.112852e-02 1.140472e-01 8.694730e-02 1.028220e-01 1.239860e-01 1.778040e-01 1.389380e-01 8.928442e-02 1.174914e-01 1.027796e-01 7.513819e-02 3.853657e-02 7.980040e-02 2.913982e-02 8.186530e-02 1.135843e-01 6.005212e-02 6.379781e-02 3.426927e-01 7.183076e-02 5.829524e-02 1.696947e-01 2.797551e-01 1.198778e-01 3.393906e-01 2.579508e-01 2.525180e-01 
168 1681  8.929218090753583681e+01 0 0 1.286845e-01 9.048590e-02 1.178651e-01 8.575005e-02 1.018485e-01 1.259184e-01 1.792224e-01 1.402043e-01 8.861397e-02 1.155218e-01 1.013231e-01 7.657956e-02 3.680665e-02 7.804514e-02 2.947605e-02 8.113362e-02 1.092930e-01 5.814298e-02 6.336723e-02 3.482201e-01 7.034647e-02 5.999500e-02 1.698263e-01 2.790744e-01 1.196002e-01 3.367981e-01 2.544782e-01 2.538387e-01 
169 1691  9.033443127598482647e+01 0 0 1.244434e-01 8.914233e-02 1.150309e-01 8.564079e-02 1.005050e-01 1.261483e-01 1.772435e-01 1.389926e-01 8.945148e-02 1.168533e-01 1.026688e-01 7.488290e-02 3.811688e-02 7.902845e-02 2.966305e-02 7.942667e-02 1.091841e-01 5.916358e-02 6.227930e-02 3.421837e-01 7.157530e-02 5.953371e-02 1.699100e-01 2.784016e-01 1.173248e-01 3.394408e-01 2.573948e-01 2.554776e-01 
170 1701  8.964818979486793182e+01 0 0 1.215952e-01 8.951263e-02 1.157561e-01 8.685390e-02 1.020835e-01 1.261048e-01 1.748917e-01 1.402513e-01 8.950042e-02 1.176031e-01 1.018335e-01 7.530974e-02 3.709785e-02 7.953180e-02 3.010602e-02 8.233710e-02 1.116980e-01 5.958972e-02 6.275994e-02 3.427356e-01 7.257975e-02 5.988849e-02 1.724111e-01 2.837081e-01 1.184030e-01 3.421009e-01 2.530331e-01 2.509530e-01 
171 1711  8.985574433024309826e+01 0 0 1.236373e-01 9.069679e-02 1.162874e-01 8.512011e-02 1.010351e-01 1.232552e-01 1.737774e-01 1.407003e-01 9.047514e-02 1.179591e-01 1.004873e-01 7.414218e-02 3.817883e-02 7.979688e-02 2.908008e-02 8.050932e-02 1.132188e-01 5.836290e-02 6.296775e-02 3.417981e-01 7.363676e-02 5.936288e-02 1.688897e-01 2.811535e-01 1.205751e-01 3.426895e-01 2.550084e-01 2.517578e-01 
172 1721  8.912513630507817197e+01 0 0 1.233195e-01 9.215763e-02 1.155072e-01 8.544396e-02 1.005089e-01 1.237108e-01 1.729060e-01 1.408427e-01 8.880248e-02 1.199928e-01 1.031764e-01 7.463885e-02 3.810541e-02 8.074377e-02 2.916056e-02 8.060433e-02 1.147675e-01 5.862303e-02 6.256018e-02 3.412803e-01 7.296944e-02 5.954273e-02 1.651066e-01 2.802605e-01 1.199342e-01 3.414325e-01 2.585352e-01 2.530422e-01 
173 1731  9.016276822140990532e+01 0 0 1.223174e-01 8.999497e-02 1.161391e-01 8.466519e-02 1.006600e-01 1.221107e-01 1.731667e-01 1.396463e-01 8.794916e-02 1.162064e-01 1.018358e-01 7.528221e-02 3.806496e-02 8.227741e-02 2.949423e-02 8.220910e-02 1.140297e-01 5.829944e-02 6.218008e-02 3.447361e-01 7.319976e-02 5.999102e-02 1.678955e-01 2.839468e-01 1.213144e-01 3.379493e-01 2.534247e-01 2.508255e-01 
174 1741  9.136467071263793116e+01 0 0 1.209302e-01 9.012225e-02 1.181986e-01 8.561852e-02 9.947211e-02 1.226654e-01 1.693942e-01 1.365426e-01 8.941284e-02 1.194172e-01 1.018203e-01 7.546187e-02 3.736623e-02 8.003253e-02 2.909795e-02 8.045539e-02 1.107309e-01 5.946655e-02 6.247512e-02 3.387455e-01 7.216861e-02 5.951348e-02 1.691886e-01 2.802938e-01 1.183222e-01 3.392772e-01 2.559095e-01 2.527925e-01 
175 1751  9.049375387776608193e+01 0 0 1.216149e-01 9.009345e-02 1.180063e-01 8.405577e-02 9.894589e-02 1.228499e-01 1.738594e-01 1.404325e-01 8.751191e-02 1.166615e-01 1.009826e-01 7.517410e-02 3.769412e-02 8.112292e-02 3.001663e-02 7.969057e-02 1.106005e-01 5.873487e-02 6.259067e-02 3.417507e-01 7.171182e-02 6.052104e-02 1.667996e-01 2.817704e-01 1.187467e-01 3.382695e-01 2.532477e-01 2.517375e-01 
176 1761  8.921874787516632921e+01 0 0 1.210839e-01 9.031931e-02 1.151829e-01 8.550029e-02 1.017969e-01 1.233547e-01 1.729301e-01 1.354611e-01 8.656872e-02 1.176510e-01 1.009140e-01 7.439307e-02 3.806925e-02 8.171114e-02 3.063016e-02 7.968465e-02 1.097369e-01 5.980412e-02 6.302299e-02 3.393358e-01 7.218504e-02 6.025251e-02 1.666341e-01 2.771433e-01 1.186925e-01 3.379841e-01 2.545491e-01 2.509736e-01 
177 1771  9.004871365574595643e+01 0 0 1.187401e-01 8.933824e-02 1.170909e-01 8.620547e-02 1.007236e-01 1.262647e-01 1.726183e-01 1.379911e-01 8.839159e-02 1.167653e-01 1.018622e-01 7.558812e-02 3.772707e-02 8.245856e-02 2.976120e-02 8.114445e-02 1.110085e-01 5.857998e-02 6.267569e-02 3.434481e-01 7.241165e-02 5.990416e-02 1.664850e-01 2.801685e-01 1.184136e-01 3.397112e-01 2.587129e-01 2.499464e-01 
178 1781  9.041016151490271113e+01 0 0 1.200659e-01 8.980520e-02 1.175027e-01 8.607839e-02 9.979606e-02 1.255137e-01 1.715192e-01 1.404764e-01 8.642127e-02 1.189881e-01 1.028352e-01 7.564591e-02 3.774308e-02 8.296473e-02 3.002784e-02 8.019527e-02 1.100875e-01 5.788004e-02 6.199104e-02 3.409856e-01 7.317054e-02 5.912293e-02 1.660234e-01 2.759200e-01 1.191591e-01 3.365544e-01 2.555707e-01 2.494914e-01 
179 1791  8.892501470138380171e+01 0 0 1.192484e-01 9.111350e-02 1.150424e-01 8.399333e-02 1.003940e-01 1.263588e-01 1.734719e-01 1.375244e-01 8.653578e-02 1.186141e-01 1.019822e-01 7.374924e-02 3.796888e-02 8.430038e-02 3.067017e-02 8.023792e-02 1.115421e-01 6.050860e-02 6.177450e-02 3.384112e-01 7.359050e-02 5.934887e-02 1.626455e-01 2.771112e-01 1.203099e-01 3.398625e-01 2.561117e-01 2.514519e-01 
180 1801  8.903548386112647961e+01 0 0 1.186339e-01 9.154066e-02 1.163471e-01 8.376893e-02 1.005664e-01 1.273723e-01 1.749635e-01 1.386006e-01 8.791651e-02 1.201719e-01 1.033632e-01 7.510092e-02 3.864801e-02 8.358258e-02 3.038822e-02 8.003075e-02 1.073547e-01 5.978466e-02 6.187410e-02 3.439397e-01 7.491421e-02 5.945634e-02 1.612354e-01 2.778043e-01 1.206903e-01 3.411280e-01 2.580318e-01 2.496287e-01 
181 1811  8.974100774965418736e+01 0 0 1.194727e-01 8.994842e-02 1.177608e-01 8.240994e-02 1.002979e-01 1.262909e-01 1.746613e-01 1.362431e-01 8.654854e-02 1.183573e-01 1.030672e-01 7.531322e-02 3.918762e-02 8.297741e-02 2.993921e-02 7.913098e-02 1.111123e-01 5.908240e-02 6.267069e-02 3.449542e-01 7.329055e-02 6.132097e-02 1.622461e-01 2.757586e-01 1.208334e-01 3.372871e-01 2.571006e-01 2.489861e-01 
182 1821  9.072375364737243331e+01 0 0 1.182490e-01 9.276928e-02 1.161160e-01 8.393837e-02 9.905210e-02 1.285887e-01 1.755091e-01 1.357593e-01 8.532706e-02 1.179542e-01 1.035048e-01 7.473048e-02 3.908849e-02 8.311931e-02 3.021329e-02 7.872795e-02 1.079664e-01 5.862108e-02 6.172553e-02 3.412772e-01 7.247277e-02 6.075761e-02 1.619326e-01 2.813951e-01 1.183866e-01 3.363757e-01 2.546767e-01 2.493614e-01 
183 1831  8.940857016263529999e+01 0 0 1.199553e-01 9.093499e-02 1.186035e-01 8.302783e-02 9.900472e-02 1.260143e-01 1.763269e-01 1.374489e-01 8.800370e-02 1.169322e-01 1.037189e-01 7.456311e-02 3.978178e-02 8.403455e-02 3.041521e-02 7.977953e-02 1.089013e-01 5.774720e-02 6.140428e-02 3.470084e-01 7.295106e-02 6.026311e-02 1.605886e-01 2.789995e-01 1.197619e-01 3.364778e-01 2.557092e-01 2.502715e-01 
184 1841  8.909516613526081130e+01 0 0 1.183608e-01 9.110607e-02 1.181240e-01 8.445644e-02 9.822819e-02 1.278749e-01 1.775845e-01 1.341633e-01 8.759777e-02 1.183247e-01 1.017565e-01 7.564781e-02 3.959600e-02 8.235979e-02 3.046690e-02 8.068465e-02 1.093307e-01 5.802915e-02 6.181855e-02 3.441942e-01 7.526448e-02 6.258542e-02 1.615398e-01 2.792500e-01 1.214285e-01 3.368634e-01 2.543394e-01 2.516915e-01 
185 1851  9.035823263814660322e+01 0 0 1.158601e-01 9.073712e-02 1.194168e-01 8.528748e-02 9.977329e-02 1.260800e-01 1.761637e-01 1.373302e-01 8.794734e-02 1.197280e-01 1.036952e-01 7.589411e-02 3.857893e-02 8.041830e-02 3.059620e-02 8.052149e-02 1.083696e-01 5.825261e-02 6.229345e-02 3.397091e-01 7.521598e-02 6.061718e-02 1.645729e-01 2.752613e-01 1.201871e-01 3.357176e-01 2.509614e-01 2.504249e-01 
186 1861  8.991482212623962766e+01 0 0 1.178931e-01 9.171065e-02 1.174336e-01 8.311836e-02 9.977662e-02 1.261261e-01 1.734198e-01 1.320711e-01 8.787747e-02 1.203385e-01 1.040202e-01 7.557239e-02 3.905226e-02 8.170779e-02 3.026795e-02 8.122562e-02 1.082425e-01 5.791495e-02 6.236086e-02 3.393917e-01 7.320686e-02 6.082182e-02 1.590669e-01 2.748341e-01 1.212519e-01 3.390003e-01 2.514433e-01 2.468326e-01 
187 1871  8.934842408363627442e+01 0 0 1.173036e-01 9.178242e-02 1.193407e-01 8.316659e-02 1.002231e-01 1.273213e-01 1.772267e-01 1.317603e-01 8.779913e-02 1.213821e-01 1.018093e-01 7.584826e-02 3.897916e-02 8.072070e-02 3.087700e-02 8.108349e-02 1.084228e-01 5.888417e-02 6.206726e-02 3.383224e-01 7.351651e-02 6.090951e-02 1.608436e-01 2.768535e-01 1.200055e-01 3.391493e-01 2.553239e-01 2.508836e-01 
188 1881  8.942557542717104013e+01 0 0 1.171137e-01 9.288377e-02 1.203218e-01 8.556999e-02 1.009663e-01 1.288656e-01 1.747942e-01 1.335717e-01 8.858898e-02 1.234773e-01 1.021809e-01 7.379190e-02 3.885348e-02 7.999350e-02 3.088236e-02 8.065448e-02 1.093025e-01 5.927633e-02 6.122849e-02 3.410192e-01 7.460756e-02 5.950773e-02 1.604471e-01 2.715846e-01 1.219668e-01 3.392657e-01 2.532663e-01 2.509380e-01 
189 1891  8.935972269349052510e+01 0 0 1.176866e-01 9.219034e-02 1.185801e-01 8.484740e-02 1.019697e-01 1.275539e-01 1.776140e-01 1.322711e-01 8.855606e-02 1.231856e-01 1.027122e-01 7.444038e-02 3.956591e-02 7.850534e-02 3.023375e-02 8.299381e-02 1.099235e-01 5.883814e-02 6.160759e-02 3.373409e-01 7.487517e-02 5.989273e-02 1.598997e-01 2.690589e-01 1.183867e-01 3.394083e-01 2.522771e-01 2.513407e-01 
190 1901  8.989795823103040107e+01 0 0 1.173959e-01 9.077491e-02 1.192844e-01 8.535701e-02 1.010499e-01 1.269226e-01 1.770925e-01 1.323979e-01 8.614388e-02 1.244392e-01 1.049763e-01 7.490464e-02 3.900218e-02 7.859067e-02 3.037590e-02 8.243082e-02 1.080818e-01 5.639135e-02 6.211119e-02 3.346125e-01 7.610887e-02 6.010483e-02 1.584324e-01 2.686682e-01 1.204805e-01 3.414833e-01 2.528711e-01 2.499886e-01 
191 1911  8.893950044926992859e+01 0 0 1.178860e-01 9.205298e-02 1.175305e-01 8.420728e-02 1.009596e-01 1.253106e-01 1.768356e-01 1.329521e-01 8.612888e-02 1.249120e-01 1.058619e-01 7.386455e-02 3.969932e-02 7.906600e-02 3.027664e-02 8.179184e-02 1.084981e-01 5.728886e-02 6.179016e-02 3.341198e-01 7.591534e-02 6.052404e-02 1.600214e-01 2.717934e-01 1.212989e-01 3.431033e-01 2.551022e-01 2.519596e-01 
192 1921  8.825491732537832945e+01 0 0 1.187311e-01 9.452790e-02 1.169707e-01 8.525596e-02 1.022110e-01 1.264459e-01 1.769714e-01 1.352526e-01 8.757893e-02 1.228639e-01 1.042470e-01 7.534791e-02 3.912692e-02 7.959812e-02 3.024358e-02 8.416966e-02 1.091000e-01 5.800193e-02 6.255013e-02 3.380910e-01 7.535425e-02 5.934404e-02 1.585041e-01 2.706412e-01 1.222586e-01 3.418792e-01 2.555941e-01 2.499846e-01 
193 1931  8.644298461398082623e+01 0 0 1.220045e-01 9.524406e-02 1.126272e-01 8.513669e-02 1.027496e-01 1.247758e-01 1.789232e-01 1.301686e-01 8.672469e-02 1.235875e-01 1.017427e-01 7.551510e-02 3.958439e-02 8.058943e-02 3.080764e-02 8.587216e-02 1.110865e-01 5.844345e-02 6.220544e-02 3.372200e-01 7.502275e-02 5.830043e-02 1.560974e-01 2.692738e-01 1.214901e-01 3.399696e-01 2.570286e-01 2.501100e-01 
194 1941  8.645131090378517058e+01 0 0 1.226583e-01 9.491762e-02 1.162988e-01 8.551363e-02 1.021409e-01 1.247402e-01 1.771441e-01 1.305276e-01 8.502433e-02 1.223268e-01 1.031622e-01 7.643059e-02 3.911592e-02 8.029119e-02 2.962412e-02 8.593967e-02 1.095866e-01 5.741862e-02 6.218278e-02 3.334167e-01 7.465225e-02 5.842097e-02 1.568623e-01 2.723227e-01 1.209362e-01 3.382989e-01 2.567155e-01 2.501841e-01 
195 1951  8.691486707770715725e+01 0 0 1.191506e-01 9.494092e-02 1.148250e-01 8.492091e-02 1.017834e-01 1.258822e-01 1.758209e-01 1.310720e-01 8.606458e-02 1.229763e-01 1.024933e-01 7.445082e-02 3.908351e-02 8.165595e-02 2.993746e-02 8.603782e-02 1.113759e-01 5.801418e-02 6.167241e-02 3.343711e-01 7.496766e-02 5.943448e-02 1.548089e-01 2.722771e-01 1.208791e-01 3.413427e-01 2.557579e-01 2.503031e-01 
196 1961  8.737807283458241159e+01 0 0 1.215048e-01 9.660540e-02 1.155236e-01 8.429129e-02 1.040221e-01 1.247485e-01 1.754830e-01 1.345338e-01 8.636273e-02 1.242142e-01 1.029739e-01 7.738185e-02 3.969794e-02 8.081429e-02 2.985639e-02 8.540690e-02 1.116789e-01 5.893574e-02 6.176909e-02 3.335506e-01 7.382430e-02 6.015360e-02 1.556797e-01 2.727739e-01 1.216553e-01 3.394270e-01 2.553459e-01 2.514983e-01 
197 1971  8.735027086560286591e+01 0 0 1.205232e-01 9.545034e-02 1.159706e-01 8.649448e-02 1.047676e-01 1.259643e-01 1.758871e-01 1.341180e-01 8.653721e-02 1.232462e-01 1.020095e-01 7.603569e-02 3.854010e-02 8.109281e-02 3.020906e-02 8.580473e-02 1.151625e-01 5.956458e-02 6.236336e-02 3.343976e-01 7.395369e-02 5.836836e-02 1.586959e-01 2.735853e-01 1.207515e-01 3.402803e-01 2.575868e-01 2.530013e-01 
198 1981  8.633066081846496331e+01 0 0 1.229494e-01 9.575084e-02 1.152416e-01 8.514526e-02 1.034072e-01 1.267376e-01 1.735829e-01 1.325388e-01 8.885814e-02 1.237497e-01 1.048007e-01 7.608621e-02 3.827055e-02 8.071128e-02 2.976278e-02 8.541236e-02 1.121811e-01 5.970509e-02 6.221673e-02 3.267911e-01 7.437961e-02 6.035271e-02 1.549447e-01 2.688153e-01 1.221152e-01 3.374940e-01 2.550807e-01 2.512858e-01 
199 1991  8.860479538081291651e+01 0 0 1.230602e-01 9.601588e-02 1.130667e-01 8.671160e-02 1.025346e-01 1.268582e-01 1.748203e-01 1.352520e-01 8.701047e-02 1.243683e-01 1.050634e-01 7.795489e-02 3.764976e-02 7.935339e-02 2.950169e-02 8.684257e-02 1.149207e-01 5.907352e-02 6.175445e-02 3.291810e-01 7.423042e-02 5.913818e-02 1.579678e-01 2.703755e-01 1.210238e-01 3.366185e-01 2.574483e-01 2.528816e-01 
200 2001  8.722270244032017672e+01 0 0 1.235018e-01 9.588775e-02 1.154701e-01 8.655217e-02 1.019803e-01 1.258383e-01 1.727701e-01 1.324665e-01 8.668636e-02 1.237186e-01 1.042265e-01 7.786711e-02 3.898346e-02 8.008487e-02 2.965184e-02 8.803429e-02 1.097897e-01 5.845432e-02 6.253723e-02 3.314664e-01 7.566102e-02 5.974041e-02 1.558462e-01 2.706900e-01 1.220021e-01 3.383842e-01 2.580845e-01 2.509845e-01 
