%  columns="iteration, evaluation, void, void, void, xmean" (startseed=210545, 2026/02/14 23:19:21.47)
0 1 0 0 0 1.183734e-01 9.588898e-02 1.183054e-01 9.041068e-02 8.547729e-02 1.085445e-01 1.711952e-01 1.608545e-01 1.040449e-01 1.150201e-01 1.083280e-01 8.683181e-02 4.820113e-02 9.507046e-02 2.959336e-02 9.588898e-02 1.380229e-01 5.670729e-02 5.894986e-02 3.246375e-01 8.807150e-02 7.514745e-02 1.664719e-01 3.127740e-01 1.174397e-01 3.473272e-01 2.410056e-01 2.163338e-01 
1 11 0 0 0 1.281498e-01 8.611534e-02 1.088036e-01 8.297413e-02 8.610074e-02 1.174991e-01 1.964570e-01 1.598292e-01 9.492234e-02 1.140732e-01 1.141903e-01 8.654993e-02 4.245666e-02 9.422255e-02 3.260924e-02 9.030602e-02 1.484443e-01 5.663234e-02 5.486905e-02 3.289099e-01 7.904945e-02 7.081096e-02 1.666668e-01 3.083119e-01 1.216344e-01 3.812312e-01 2.534777e-01 2.085625e-01 
2 21 0 0 0 1.297171e-01 8.575679e-02 1.086854e-01 8.364242e-02 8.986793e-02 1.204927e-01 1.777244e-01 1.653823e-01 8.396788e-02 1.122397e-01 1.007374e-01 7.886563e-02 4.206598e-02 1.005587e-01 3.458780e-02 8.510298e-02 1.294786e-01 5.114746e-02 5.375205e-02 3.126299e-01 7.636157e-02 6.343461e-02 1.628209e-01 3.408460e-01 1.282137e-01 3.750195e-01 2.560754e-01 2.119546e-01 
3 31 0 0 0 1.305227e-01 9.842509e-02 1.136385e-01 8.459524e-02 8.744905e-02 1.217406e-01 1.660597e-01 1.629402e-01 8.144962e-02 1.092939e-01 8.987544e-02 7.533063e-02 4.571849e-02 1.038721e-01 3.666723e-02 9.442590e-02 1.386935e-01 5.237545e-02 4.953149e-02 3.474327e-01 8.100590e-02 7.422202e-02 1.595055e-01 3.661903e-01 1.266944e-01 4.035388e-01 2.665912e-01 2.246071e-01 
4 41 0 0 0 1.242502e-01 1.007289e-01 1.128133e-01 8.144438e-02 9.183367e-02 1.154116e-01 1.809761e-01 1.613113e-01 9.578169e-02 1.157664e-01 9.534138e-02 7.103718e-02 4.340726e-02 1.115959e-01 3.482829e-02 1.035412e-01 1.288384e-01 5.039471e-02 4.939084e-02 3.166102e-01 9.151902e-02 6.660686e-02 1.517600e-01 3.264579e-01 1.250709e-01 4.348883e-01 2.669097e-01 2.131078e-01 
5 51 0 0 0 1.244461e-01 1.024961e-01 1.041705e-01 9.040097e-02 9.521953e-02 1.145530e-01 1.715163e-01 1.544821e-01 9.804524e-02 1.209621e-01 1.023884e-01 7.724024e-02 4.325747e-02 1.090581e-01 3.588069e-02 1.060003e-01 1.239113e-01 4.917031e-02 4.417570e-02 3.409266e-01 8.746679e-02 6.491755e-02 1.498099e-01 3.427727e-01 1.201733e-01 4.321891e-01 2.500396e-01 2.064935e-01 
6 61 0 0 0 1.159241e-01 1.051155e-01 1.166701e-01 9.411687e-02 1.048072e-01 1.113107e-01 1.732379e-01 1.480282e-01 1.047729e-01 1.194328e-01 1.031466e-01 8.254197e-02 4.132642e-02 1.026673e-01 3.649207e-02 9.734282e-02 1.169874e-01 5.078322e-02 4.027938e-02 3.330178e-01 8.709598e-02 6.426536e-02 1.535154e-01 3.344363e-01 1.231943e-01 4.319615e-01 2.617643e-01 2.178745e-01 
7 71 0 0 0 1.137864e-01 1.019408e-01 1.242322e-01 1.007296e-01 9.937256e-02 1.127710e-01 1.722550e-01 1.498619e-01 1.109936e-01 1.234924e-01 1.100860e-01 7.602215e-02 4.548197e-02 9.112742e-02 3.990168e-02 9.510180e-02 1.151141e-01 4.977789e-02 3.961591e-02 3.360138e-01 8.568018e-02 6.806615e-02 1.649203e-01 3.547178e-01 1.131583e-01 4.282660e-01 2.646322e-01 2.214801e-01 
8 81 0 0 0 1.143037e-01 1.001648e-01 1.191972e-01 1.017536e-01 9.354542e-02 1.150478e-01 1.752025e-01 1.711420e-01 1.096324e-01 1.182304e-01 1.080561e-01 6.713632e-02 4.746255e-02 8.570446e-02 4.011995e-02 9.522917e-02 1.227773e-01 5.122877e-02 4.190296e-02 3.436847e-01 8.975548e-02 6.997552e-02 1.658305e-01 3.599894e-01 1.180187e-01 4.301540e-01 2.602562e-01 2.162697e-01 
9 91 0 0 0 1.180648e-01 9.813384e-02 1.279151e-01 1.084657e-01 1.008087e-01 1.219628e-01 1.625976e-01 1.743508e-01 1.102458e-01 1.264113e-01 1.144604e-01 8.190317e-02 5.027906e-02 8.585902e-02 3.794574e-02 9.594671e-02 1.240261e-01 5.391481e-02 3.921948e-02 3.440154e-01 8.551052e-02 7.521226e-02 1.636846e-01 3.493711e-01 1.210383e-01 4.046690e-01 2.431502e-01 2.233382e-01 
10 101 0 0 0 1.155169e-01 9.625556e-02 1.323740e-01 1.123290e-01 1.030060e-01 1.254119e-01 1.378846e-01 1.749881e-01 1.124036e-01 1.193926e-01 1.121271e-01 7.669235e-02 5.107856e-02 8.858242e-02 3.527669e-02 1.015249e-01 1.205986e-01 5.298945e-02 4.017528e-02 3.401541e-01 8.543704e-02 7.087367e-02 1.647625e-01 3.421257e-01 1.240551e-01 3.892697e-01 2.377869e-01 2.158303e-01 
11 111 0 0 0 1.190567e-01 1.020253e-01 1.214647e-01 1.101310e-01 1.006535e-01 1.169877e-01 1.525392e-01 1.638553e-01 1.137782e-01 1.227843e-01 1.133077e-01 7.489383e-02 5.312879e-02 9.028516e-02 3.369903e-02 1.012611e-01 1.157225e-01 4.984158e-02 3.941840e-02 3.419518e-01 8.435760e-02 7.122806e-02 1.616115e-01 3.518333e-01 1.110119e-01 3.705208e-01 2.472549e-01 2.338033e-01 
12 121 0 0 0 1.163336e-01 1.029780e-01 1.172034e-01 1.148491e-01 1.013688e-01 1.229564e-01 1.626935e-01 1.762559e-01 1.084688e-01 1.216010e-01 1.112621e-01 7.339720e-02 5.432020e-02 9.298537e-02 3.607518e-02 9.931829e-02 1.188299e-01 4.663217e-02 4.190763e-02 3.344503e-01 8.597408e-02 7.142492e-02 1.528253e-01 3.320349e-01 1.113357e-01 3.800132e-01 2.462560e-01 2.363992e-01 
13 131 0 0 0 1.118905e-01 1.057955e-01 1.201669e-01 1.167146e-01 9.639431e-02 1.397595e-01 1.586578e-01 1.714077e-01 1.085676e-01 1.174965e-01 1.158802e-01 6.919885e-02 5.335742e-02 8.615584e-02 3.546856e-02 9.927967e-02 1.174258e-01 4.656873e-02 3.979494e-02 3.366590e-01 8.432224e-02 6.841716e-02 1.592852e-01 3.398735e-01 1.109269e-01 3.665432e-01 2.417777e-01 2.375189e-01 
14 141 0 0 0 1.158602e-01 1.025679e-01 1.266385e-01 1.110162e-01 9.485952e-02 1.344538e-01 1.583688e-01 1.589196e-01 1.090756e-01 1.179448e-01 1.087480e-01 7.553245e-02 5.251369e-02 8.527580e-02 3.478948e-02 9.047557e-02 1.177528e-01 4.438347e-02 4.482059e-02 3.259298e-01 7.414244e-02 7.332602e-02 1.676232e-01 3.306459e-01 1.162317e-01 3.602729e-01 2.532653e-01 2.411407e-01 
15 151 0 0 0 1.123427e-01 1.025684e-01 1.322649e-01 1.139207e-01 9.288370e-02 1.319673e-01 1.603883e-01 1.654691e-01 1.094267e-01 1.223653e-01 1.046591e-01 6.956950e-02 5.041643e-02 7.719158e-02 3.492198e-02 9.494427e-02 1.193443e-01 4.414406e-02 4.405397e-02 3.266782e-01 7.448946e-02 7.249050e-02 1.760710e-01 3.272773e-01 1.277726e-01 3.580952e-01 2.485912e-01 2.587704e-01 
16 161 0 0 0 1.151021e-01 1.054385e-01 1.354659e-01 1.147082e-01 9.022753e-02 1.286757e-01 1.573093e-01 1.673217e-01 1.141702e-01 1.247077e-01 9.471093e-02 6.965478e-02 4.868317e-02 7.547299e-02 3.423348e-02 9.345052e-02 1.228151e-01 4.780859e-02 4.623549e-02 3.442846e-01 7.452543e-02 6.843084e-02 1.775832e-01 3.344774e-01 1.387252e-01 3.698882e-01 2.435259e-01 2.564399e-01 
17 171 0 0 0 1.239816e-01 1.010802e-01 1.357235e-01 1.100883e-01 9.729943e-02 1.194257e-01 1.434673e-01 1.602733e-01 1.109289e-01 1.201380e-01 1.040168e-01 6.757109e-02 5.011718e-02 7.819495e-02 3.233789e-02 9.007094e-02 1.200846e-01 4.769108e-02 4.792289e-02 3.495500e-01 7.214964e-02 6.780516e-02 1.757283e-01 3.339534e-01 1.361963e-01 3.596458e-01 2.500082e-01 2.441757e-01 
18 181 0 0 0 1.277067e-01 1.038250e-01 1.381641e-01 1.112729e-01 9.550832e-02 1.148472e-01 1.471295e-01 1.522936e-01 1.068148e-01 1.204097e-01 1.076386e-01 6.887087e-02 5.021494e-02 7.886627e-02 3.432162e-02 8.660995e-02 1.246533e-01 4.435018e-02 5.023691e-02 3.519200e-01 6.935265e-02 6.566600e-02 1.690921e-01 3.335666e-01 1.318655e-01 3.620101e-01 2.375738e-01 2.406846e-01 
19 191 0 0 0 1.224324e-01 1.054578e-01 1.306488e-01 1.111483e-01 9.543343e-02 1.141685e-01 1.511377e-01 1.528298e-01 1.039721e-01 1.203078e-01 9.805476e-02 6.891424e-02 5.173345e-02 7.389157e-02 3.340664e-02 8.274558e-02 1.194807e-01 4.948061e-02 4.853990e-02 3.531445e-01 6.963044e-02 6.456807e-02 1.762527e-01 3.296189e-01 1.254939e-01 3.584453e-01 2.402727e-01 2.387158e-01 
20 201 0 0 0 1.197801e-01 1.091797e-01 1.267730e-01 1.108486e-01 9.173839e-02 1.141206e-01 1.575772e-01 1.527413e-01 1.025670e-01 1.124791e-01 9.462165e-02 7.521778e-02 5.142618e-02 7.561920e-02 3.131561e-02 8.589506e-02 1.153996e-01 4.929466e-02 4.657552e-02 3.492125e-01 7.207911e-02 6.645570e-02 1.743317e-01 3.407342e-01 1.246927e-01 3.480237e-01 2.375445e-01 2.457368e-01 
21 211 0 0 0 1.169771e-01 1.058475e-01 1.342131e-01 1.102589e-01 9.338270e-02 1.112697e-01 1.585321e-01 1.578550e-01 1.067748e-01 1.075584e-01 8.861435e-02 7.513601e-02 5.184165e-02 7.396120e-02 2.932379e-02 8.066690e-02 1.187778e-01 5.087324e-02 4.879409e-02 3.498595e-01 7.064583e-02 7.071016e-02 1.703385e-01 3.388714e-01 1.266006e-01 3.458598e-01 2.454854e-01 2.419399e-01 
22 221 0 0 0 1.190532e-01 1.028839e-01 1.363283e-01 1.127347e-01 9.402174e-02 1.123294e-01 1.600079e-01 1.614135e-01 1.094138e-01 1.014609e-01 9.059996e-02 7.557375e-02 4.952389e-02 7.565219e-02 2.815462e-02 7.981165e-02 1.227028e-01 5.005920e-02 4.723836e-02 3.613000e-01 7.267596e-02 7.207061e-02 1.728317e-01 3.370626e-01 1.258058e-01 3.569984e-01 2.424250e-01 2.486584e-01 
23 231 0 0 0 1.222831e-01 1.013810e-01 1.346504e-01 1.098488e-01 9.090164e-02 1.138636e-01 1.596476e-01 1.669228e-01 1.118725e-01 9.043840e-02 8.653100e-02 7.352202e-02 4.902414e-02 7.689251e-02 2.830846e-02 8.320869e-02 1.219964e-01 4.930698e-02 4.782411e-02 3.503359e-01 7.461734e-02 7.005342e-02 1.788106e-01 3.241366e-01 1.174163e-01 3.472054e-01 2.463386e-01 2.374103e-01 
24 241 0 0 0 1.209912e-01 9.420164e-02 1.381491e-01 1.085537e-01 9.284936e-02 1.154027e-01 1.578610e-01 1.692834e-01 1.074972e-01 9.179800e-02 8.751810e-02 7.613965e-02 4.963738e-02 7.774892e-02 2.922864e-02 7.808877e-02 1.202205e-01 5.043034e-02 4.465013e-02 3.421410e-01 7.516452e-02 6.927971e-02 1.744392e-01 3.351634e-01 1.208038e-01 3.425676e-01 2.503932e-01 2.490518e-01 
25 251 0 0 0 1.133124e-01 9.377387e-02 1.434890e-01 1.080519e-01 9.830789e-02 1.107917e-01 1.559248e-01 1.703097e-01 1.086285e-01 8.909218e-02 9.248842e-02 7.674695e-02 4.928213e-02 7.643236e-02 2.987068e-02 7.493420e-02 1.191313e-01 5.052865e-02 4.679199e-02 3.336215e-01 7.444686e-02 6.504182e-02 1.780442e-01 3.489560e-01 1.311520e-01 3.483691e-01 2.510287e-01 2.551247e-01 
26 261 0 0 0 1.205869e-01 9.536516e-02 1.408807e-01 1.045248e-01 9.675145e-02 1.121581e-01 1.585836e-01 1.697780e-01 1.105735e-01 9.413827e-02 9.018100e-02 7.397150e-02 4.811190e-02 7.198507e-02 2.888489e-02 7.412290e-02 1.175927e-01 4.825898e-02 4.421209e-02 3.382292e-01 7.139926e-02 6.237742e-02 1.773068e-01 3.471193e-01 1.304586e-01 3.493630e-01 2.526041e-01 2.520686e-01 
27 271 0 0 0 1.200975e-01 9.395874e-02 1.352834e-01 1.103163e-01 9.454974e-02 1.082861e-01 1.566807e-01 1.688050e-01 1.110283e-01 9.307343e-02 9.014654e-02 7.697728e-02 4.681030e-02 7.358913e-02 3.027457e-02 7.590863e-02 1.244366e-01 5.105049e-02 4.530525e-02 3.447992e-01 6.741172e-02 6.064895e-02 1.798083e-01 3.472168e-01 1.247173e-01 3.493223e-01 2.600876e-01 2.568363e-01 
28 281 0 0 0 1.220718e-01 9.461211e-02 1.404993e-01 1.076685e-01 9.886681e-02 1.023561e-01 1.643540e-01 1.663881e-01 1.169256e-01 9.075335e-02 9.182672e-02 8.025484e-02 4.634789e-02 7.807333e-02 3.083126e-02 7.038827e-02 1.236433e-01 5.093330e-02 4.682511e-02 3.429424e-01 6.948089e-02 5.961559e-02 1.818216e-01 3.569969e-01 1.273524e-01 3.529245e-01 2.547252e-01 2.576507e-01 
29 291 0 0 0 1.176874e-01 9.650807e-02 1.372612e-01 1.068194e-01 9.905347e-02 1.018590e-01 1.677876e-01 1.669825e-01 1.177130e-01 9.151405e-02 9.028466e-02 7.711818e-02 4.747708e-02 7.345582e-02 3.063331e-02 6.773198e-02 1.310865e-01 5.350336e-02 4.571980e-02 3.327873e-01 6.998460e-02 5.929567e-02 1.747140e-01 3.495381e-01 1.270291e-01 3.384292e-01 2.471039e-01 2.505619e-01 
30 301 0 0 0 1.218242e-01 9.722359e-02 1.368847e-01 1.054957e-01 9.698760e-02 9.466727e-02 1.592385e-01 1.695170e-01 1.178713e-01 9.071676e-02 9.221318e-02 7.526722e-02 4.643128e-02 7.520260e-02 3.105802e-02 7.017846e-02 1.344410e-01 5.306156e-02 4.737782e-02 3.334135e-01 6.695339e-02 6.066410e-02 1.714209e-01 3.653800e-01 1.251029e-01 3.461517e-01 2.484265e-01 2.497380e-01 
31 311 0 0 0 1.238807e-01 9.706748e-02 1.328375e-01 1.029422e-01 9.643008e-02 9.382052e-02 1.631200e-01 1.683875e-01 1.147902e-01 9.515584e-02 9.585754e-02 7.594977e-02 4.448015e-02 8.157738e-02 3.017528e-02 7.467687e-02 1.391955e-01 5.135925e-02 4.743583e-02 3.378594e-01 6.980082e-02 6.047687e-02 1.681262e-01 3.632518e-01 1.263382e-01 3.529438e-01 2.537350e-01 2.471796e-01 
32 321 0 0 0 1.241290e-01 1.014054e-01 1.332936e-01 1.027617e-01 9.733991e-02 9.446142e-02 1.571512e-01 1.658797e-01 1.183719e-01 9.647543e-02 1.002264e-01 8.071650e-02 4.371758e-02 8.149114e-02 2.856375e-02 7.510337e-02 1.367451e-01 5.179591e-02 4.791998e-02 3.379824e-01 7.149768e-02 5.818368e-02 1.652357e-01 3.599564e-01 1.258957e-01 3.577868e-01 2.599471e-01 2.563288e-01 
33 331 0 0 0 1.224049e-01 9.998282e-02 1.308657e-01 1.030692e-01 9.369038e-02 9.422156e-02 1.497003e-01 1.711680e-01 1.206912e-01 9.314545e-02 9.888997e-02 7.961992e-02 4.265868e-02 7.844661e-02 2.749762e-02 7.310055e-02 1.348339e-01 5.421820e-02 4.732613e-02 3.426199e-01 7.102333e-02 5.756169e-02 1.705932e-01 3.612275e-01 1.254036e-01 3.519971e-01 2.548209e-01 2.538541e-01 
34 341 0 0 0 1.208942e-01 9.950277e-02 1.333562e-01 1.004680e-01 9.724463e-02 9.884372e-02 1.568837e-01 1.740722e-01 1.204799e-01 9.630301e-02 1.007644e-01 7.565257e-02 4.128053e-02 7.911848e-02 2.735570e-02 7.439042e-02 1.320789e-01 5.451097e-02 4.548579e-02 3.494593e-01 6.842977e-02 5.811087e-02 1.746624e-01 3.471972e-01 1.229752e-01 3.587773e-01 2.540473e-01 2.532875e-01 
35 351 0 0 0 1.207224e-01 1.013673e-01 1.334592e-01 9.981077e-02 9.656931e-02 9.793528e-02 1.504891e-01 1.693653e-01 1.236867e-01 9.678898e-02 1.066027e-01 7.602182e-02 4.138212e-02 8.022740e-02 2.808737e-02 7.406795e-02 1.359451e-01 5.477199e-02 4.376290e-02 3.453354e-01 6.927976e-02 5.565628e-02 1.719781e-01 3.455801e-01 1.297631e-01 3.672849e-01 2.491168e-01 2.468498e-01 
36 361 0 0 0 1.212839e-01 9.940421e-02 1.310824e-01 9.856420e-02 9.884817e-02 1.018108e-01 1.427012e-01 1.697269e-01 1.212779e-01 9.727867e-02 1.038135e-01 7.387574e-02 4.221272e-02 8.077514e-02 2.862684e-02 7.469280e-02 1.308000e-01 5.496363e-02 4.739075e-02 3.423945e-01 7.322322e-02 5.931231e-02 1.695975e-01 3.421199e-01 1.307890e-01 3.634423e-01 2.602294e-01 2.504291e-01 
37 371 0 0 0 1.205802e-01 9.635649e-02 1.303824e-01 9.906088e-02 9.504030e-02 1.048226e-01 1.413302e-01 1.616868e-01 1.209782e-01 9.806011e-02 1.059445e-01 6.991441e-02 4.315918e-02 8.526282e-02 2.962817e-02 7.405681e-02 1.297421e-01 5.681005e-02 4.785998e-02 3.438999e-01 7.157388e-02 5.866559e-02 1.737458e-01 3.401266e-01 1.315187e-01 3.740294e-01 2.547749e-01 2.476030e-01 
38 381 0 0 0 1.174439e-01 9.675834e-02 1.347364e-01 9.797150e-02 9.388307e-02 1.064500e-01 1.443071e-01 1.620173e-01 1.259025e-01 1.011254e-01 1.052335e-01 6.890274e-02 4.256115e-02 8.847213e-02 2.932485e-02 7.321932e-02 1.287807e-01 5.671130e-02 4.998555e-02 3.375504e-01 7.182640e-02 6.098901e-02 1.760765e-01 3.303730e-01 1.312384e-01 3.706402e-01 2.563972e-01 2.477758e-01 
39 391 0 0 0 1.153314e-01 9.500667e-02 1.348442e-01 9.750533e-02 9.394409e-02 1.102573e-01 1.390487e-01 1.619080e-01 1.210835e-01 9.928746e-02 1.116182e-01 7.012245e-02 4.469047e-02 8.845975e-02 2.888903e-02 7.607848e-02 1.246893e-01 5.575787e-02 4.854468e-02 3.435923e-01 7.386146e-02 5.832237e-02 1.755623e-01 3.326875e-01 1.305531e-01 3.668681e-01 2.506232e-01 2.502067e-01 
40 401 0 0 0 1.160319e-01 9.594713e-02 1.398216e-01 9.739646e-02 9.298507e-02 1.065925e-01 1.434747e-01 1.682891e-01 1.188523e-01 1.004085e-01 1.097735e-01 7.120475e-02 4.440115e-02 8.684354e-02 2.883437e-02 7.582418e-02 1.211193e-01 5.366039e-02 4.710486e-02 3.443969e-01 7.162086e-02 5.660673e-02 1.773725e-01 3.380201e-01 1.283371e-01 3.632887e-01 2.510492e-01 2.468488e-01 
41 411 0 0 0 1.158162e-01 9.332736e-02 1.427321e-01 9.786701e-02 9.346562e-02 1.082827e-01 1.424411e-01 1.699604e-01 1.186355e-01 1.011645e-01 1.114870e-01 7.372968e-02 4.556771e-02 8.806516e-02 2.798978e-02 7.750146e-02 1.192542e-01 5.259173e-02 4.517448e-02 3.435728e-01 6.850475e-02 5.528016e-02 1.799224e-01 3.243263e-01 1.320676e-01 3.572321e-01 2.528544e-01 2.486052e-01 
42 421 0 0 0 1.137111e-01 9.423141e-02 1.403601e-01 9.832741e-02 9.600045e-02 1.080147e-01 1.444457e-01 1.743782e-01 1.196854e-01 9.924997e-02 1.142657e-01 7.073496e-02 4.522303e-02 8.849443e-02 2.758861e-02 7.762874e-02 1.173924e-01 5.317000e-02 4.661426e-02 3.551808e-01 6.894092e-02 5.719243e-02 1.789245e-01 3.315780e-01 1.354846e-01 3.658499e-01 2.522134e-01 2.450777e-01 
43 431 0 0 0 1.157609e-01 9.479805e-02 1.395604e-01 9.821472e-02 9.659293e-02 1.088856e-01 1.450964e-01 1.764220e-01 1.169436e-01 1.043066e-01 1.156500e-01 7.324021e-02 4.468672e-02 8.827595e-02 2.760594e-02 7.756597e-02 1.153008e-01 5.243487e-02 4.677056e-02 3.385686e-01 7.182326e-02 5.672928e-02 1.766862e-01 3.241153e-01 1.346970e-01 3.626019e-01 2.491367e-01 2.513029e-01 
44 441 0 0 0 1.194809e-01 9.511569e-02 1.387020e-01 9.709057e-02 9.625765e-02 1.078045e-01 1.486239e-01 1.732664e-01 1.155000e-01 1.043597e-01 1.161839e-01 7.348022e-02 4.429527e-02 8.651781e-02 2.813899e-02 7.340723e-02 1.157027e-01 5.384699e-02 4.591450e-02 3.372280e-01 6.821209e-02 5.712162e-02 1.732280e-01 3.231817e-01 1.336886e-01 3.527014e-01 2.512294e-01 2.515372e-01 
45 451 0 0 0 1.177849e-01 9.389201e-02 1.397757e-01 9.703698e-02 9.746934e-02 1.109601e-01 1.458149e-01 1.756315e-01 1.112969e-01 1.031747e-01 1.115182e-01 7.255858e-02 4.509532e-02 8.289220e-02 2.745339e-02 7.324790e-02 1.159996e-01 5.383330e-02 4.647035e-02 3.320868e-01 6.878748e-02 5.836963e-02 1.767534e-01 3.273917e-01 1.340176e-01 3.568699e-01 2.470461e-01 2.467089e-01 
46 461 0 0 0 1.177578e-01 9.473373e-02 1.391572e-01 9.778331e-02 9.568588e-02 1.107276e-01 1.524321e-01 1.777160e-01 1.104434e-01 1.042166e-01 1.131427e-01 7.256206e-02 4.629660e-02 8.428374e-02 2.904609e-02 7.153397e-02 1.187187e-01 5.453876e-02 4.691445e-02 3.346719e-01 6.998410e-02 6.077554e-02 1.748727e-01 3.268116e-01 1.327186e-01 3.669617e-01 2.489106e-01 2.505162e-01 
47 471 0 0 0 1.206839e-01 9.207350e-02 1.392376e-01 9.844093e-02 9.977803e-02 1.114201e-01 1.512668e-01 1.757751e-01 1.119400e-01 1.047515e-01 1.139114e-01 7.159412e-02 4.577784e-02 8.274020e-02 2.842354e-02 7.330853e-02 1.237596e-01 5.366235e-02 4.634179e-02 3.352675e-01 6.968137e-02 6.066716e-02 1.778050e-01 3.246658e-01 1.300801e-01 3.563521e-01 2.514319e-01 2.519472e-01 
48 481 0 0 0 1.201656e-01 9.158761e-02 1.380378e-01 9.678651e-02 9.930590e-02 1.167961e-01 1.514061e-01 1.758343e-01 1.140730e-01 1.080673e-01 1.135003e-01 6.982508e-02 4.441485e-02 8.378418e-02 2.882484e-02 7.366966e-02 1.227356e-01 5.350128e-02 4.769355e-02 3.371609e-01 7.148283e-02 6.297549e-02 1.787458e-01 3.180076e-01 1.280082e-01 3.598751e-01 2.511494e-01 2.495903e-01 
49 491 0 0 0 1.221550e-01 9.113776e-02 1.373922e-01 9.648236e-02 9.831549e-02 1.204667e-01 1.483074e-01 1.722029e-01 1.126416e-01 1.042242e-01 1.134302e-01 6.850384e-02 4.333129e-02 8.321353e-02 2.957484e-02 7.524379e-02 1.225674e-01 5.287100e-02 4.823960e-02 3.446337e-01 6.995010e-02 6.240315e-02 1.758917e-01 3.150813e-01 1.309994e-01 3.695022e-01 2.532233e-01 2.554570e-01 
50 501 0 0 0 1.197194e-01 9.147432e-02 1.389678e-01 9.495052e-02 9.847034e-02 1.235816e-01 1.536962e-01 1.742982e-01 1.124528e-01 1.039526e-01 1.129654e-01 6.734168e-02 4.217390e-02 8.075579e-02 2.895619e-02 7.402784e-02 1.154060e-01 5.277622e-02 5.049549e-02 3.429159e-01 6.790412e-02 6.142012e-02 1.775303e-01 3.113667e-01 1.286845e-01 3.667219e-01 2.507919e-01 2.520788e-01 
51 511 0 0 0 1.184714e-01 9.300812e-02 1.381921e-01 9.650748e-02 9.837103e-02 1.236471e-01 1.540008e-01 1.731857e-01 1.124030e-01 1.040370e-01 1.120679e-01 6.733146e-02 4.211103e-02 7.952225e-02 2.890383e-02 7.350210e-02 1.137952e-01 5.306917e-02 4.938044e-02 3.472342e-01 6.767023e-02 6.013851e-02 1.731872e-01 3.146427e-01 1.308076e-01 3.642677e-01 2.542494e-01 2.524307e-01 
52 521 0 0 0 1.164471e-01 9.515998e-02 1.390798e-01 9.681441e-02 9.915812e-02 1.203255e-01 1.543316e-01 1.731375e-01 1.118100e-01 1.006366e-01 1.116543e-01 6.735939e-02 4.274468e-02 7.774785e-02 2.872596e-02 7.363997e-02 1.163230e-01 5.173850e-02 5.054305e-02 3.511990e-01 6.641527e-02 5.905348e-02 1.718246e-01 3.098884e-01 1.298228e-01 3.628077e-01 2.452186e-01 2.509878e-01 
53 531 0 0 0 1.160748e-01 9.712082e-02 1.406263e-01 9.812746e-02 9.989364e-02 1.213489e-01 1.526286e-01 1.719319e-01 1.120017e-01 1.016084e-01 1.105807e-01 6.857949e-02 4.323294e-02 7.889566e-02 2.807962e-02 7.441098e-02 1.152583e-01 5.296260e-02 5.069945e-02 3.523968e-01 6.593427e-02 5.939631e-02 1.716297e-01 3.088871e-01 1.288258e-01 3.685746e-01 2.502651e-01 2.530058e-01 
54 541 0 0 0 1.160959e-01 9.635674e-02 1.393560e-01 9.995147e-02 1.006418e-01 1.205651e-01 1.513272e-01 1.703448e-01 1.094191e-01 1.019586e-01 1.100991e-01 6.919145e-02 4.303382e-02 7.644965e-02 2.779543e-02 7.691177e-02 1.140430e-01 5.214454e-02 5.181019e-02 3.539562e-01 6.598484e-02 5.863437e-02 1.737874e-01 3.131533e-01 1.257294e-01 3.679590e-01 2.501213e-01 2.521458e-01 
55 551 0 0 0 1.176582e-01 9.921178e-02 1.383516e-01 9.855097e-02 1.002816e-01 1.190466e-01 1.539370e-01 1.673178e-01 1.076112e-01 1.017398e-01 1.073958e-01 6.886538e-02 4.327313e-02 7.758248e-02 2.819324e-02 7.562036e-02 1.096113e-01 5.241910e-02 5.211811e-02 3.556052e-01 6.787281e-02 5.762709e-02 1.764997e-01 3.153651e-01 1.287657e-01 3.730642e-01 2.482740e-01 2.507046e-01 
56 561 0 0 0 1.166549e-01 9.841575e-02 1.370790e-01 9.860722e-02 9.789476e-02 1.167057e-01 1.552765e-01 1.672910e-01 1.058479e-01 1.024845e-01 1.077396e-01 7.064671e-02 4.391210e-02 7.590161e-02 2.740406e-02 7.745127e-02 1.087737e-01 5.117038e-02 5.292363e-02 3.537619e-01 6.727139e-02 5.887528e-02 1.722029e-01 3.128776e-01 1.276909e-01 3.750539e-01 2.469006e-01 2.498924e-01 
57 571 0 0 0 1.171907e-01 9.924486e-02 1.390663e-01 9.917199e-02 9.949083e-02 1.142501e-01 1.560454e-01 1.722279e-01 1.058810e-01 1.043791e-01 1.085104e-01 7.460056e-02 4.339689e-02 7.589177e-02 2.728630e-02 7.609072e-02 1.120233e-01 5.192719e-02 5.346164e-02 3.468034e-01 6.821974e-02 5.876558e-02 1.720341e-01 3.232361e-01 1.283418e-01 3.727796e-01 2.449757e-01 2.480238e-01 
58 581 0 0 0 1.182742e-01 9.922924e-02 1.398310e-01 9.830464e-02 9.618057e-02 1.131133e-01 1.576531e-01 1.729557e-01 1.058377e-01 1.026010e-01 1.070675e-01 7.528275e-02 4.378930e-02 7.597618e-02 2.688892e-02 7.683728e-02 1.150599e-01 5.069172e-02 5.316668e-02 3.541442e-01 6.906322e-02 5.918606e-02 1.702521e-01 3.156310e-01 1.293468e-01 3.790873e-01 2.450057e-01 2.499306e-01 
59 591 0 0 0 1.192651e-01 1.008796e-01 1.397579e-01 9.624361e-02 9.523028e-02 1.121932e-01 1.581942e-01 1.728372e-01 1.053452e-01 1.052989e-01 1.055802e-01 7.646685e-02 4.307092e-02 7.631843e-02 2.562847e-02 7.634077e-02 1.130863e-01 4.990151e-02 5.574481e-02 3.453169e-01 6.931149e-02 5.918507e-02 1.744463e-01 3.171432e-01 1.266676e-01 3.798954e-01 2.463638e-01 2.489898e-01 
60 601 0 0 0 1.179483e-01 1.006443e-01 1.404195e-01 9.454742e-02 9.400400e-02 1.136323e-01 1.527051e-01 1.736211e-01 1.077092e-01 1.075047e-01 1.051584e-01 7.380170e-02 4.388288e-02 7.822019e-02 2.648421e-02 7.476184e-02 1.117849e-01 5.050558e-02 5.617351e-02 3.457771e-01 6.949604e-02 5.891095e-02 1.730337e-01 3.210465e-01 1.298631e-01 3.832219e-01 2.483240e-01 2.512531e-01 
61 611 0 0 0 1.157035e-01 9.915332e-02 1.388339e-01 9.555139e-02 9.398942e-02 1.139714e-01 1.532819e-01 1.697272e-01 1.062750e-01 1.104278e-01 1.067826e-01 7.121958e-02 4.497049e-02 7.965426e-02 2.677366e-02 7.559566e-02 1.102861e-01 5.067808e-02 5.680028e-02 3.472467e-01 6.873922e-02 5.867868e-02 1.740789e-01 3.135268e-01 1.267458e-01 3.823800e-01 2.476028e-01 2.495564e-01 
62 621 0 0 0 1.180217e-01 1.003696e-01 1.348605e-01 9.349820e-02 9.586966e-02 1.142758e-01 1.552808e-01 1.644246e-01 1.053221e-01 1.071420e-01 1.075625e-01 7.126780e-02 4.439700e-02 8.053726e-02 2.662148e-02 7.453561e-02 1.108995e-01 5.145883e-02 5.699878e-02 3.555030e-01 6.946046e-02 5.749861e-02 1.714253e-01 3.139391e-01 1.273914e-01 3.777119e-01 2.479536e-01 2.517004e-01 
63 631 0 0 0 1.183531e-01 9.828535e-02 1.363086e-01 9.446590e-02 9.717574e-02 1.131292e-01 1.560257e-01 1.633283e-01 1.048056e-01 1.073880e-01 1.063144e-01 7.285273e-02 4.365185e-02 8.126963e-02 2.718796e-02 7.534939e-02 1.113110e-01 5.097727e-02 5.592066e-02 3.585480e-01 7.103499e-02 5.832726e-02 1.740531e-01 3.121279e-01 1.257060e-01 3.794991e-01 2.447694e-01 2.503619e-01 
64 641 0 0 0 1.173626e-01 9.732818e-02 1.353131e-01 9.410143e-02 9.873098e-02 1.130272e-01 1.537538e-01 1.646930e-01 1.038285e-01 1.063972e-01 1.056803e-01 7.557766e-02 4.394374e-02 8.038107e-02 2.734396e-02 7.408127e-02 1.122186e-01 5.113590e-02 5.669410e-02 3.523175e-01 7.050229e-02 5.922350e-02 1.717278e-01 3.144684e-01 1.249958e-01 3.788573e-01 2.455515e-01 2.509029e-01 
65 651 0 0 0 1.187757e-01 9.823835e-02 1.366690e-01 9.469580e-02 9.678473e-02 1.135042e-01 1.532099e-01 1.622406e-01 1.048044e-01 1.098009e-01 1.057586e-01 7.597385e-02 4.385896e-02 8.083285e-02 2.713900e-02 7.466195e-02 1.133449e-01 5.164007e-02 5.650295e-02 3.562506e-01 7.160297e-02 6.078819e-02 1.694141e-01 3.237588e-01 1.278829e-01 3.865293e-01 2.462988e-01 2.497168e-01 
66 661 0 0 0 1.185495e-01 9.651307e-02 1.371384e-01 9.540099e-02 9.798698e-02 1.115635e-01 1.517883e-01 1.647385e-01 1.073329e-01 1.080203e-01 1.057095e-01 7.743845e-02 4.417207e-02 8.100826e-02 2.694279e-02 7.526206e-02 1.168956e-01 5.197687e-02 5.668461e-02 3.518247e-01 7.205447e-02 5.996504e-02 1.690009e-01 3.174492e-01 1.259832e-01 3.878582e-01 2.437006e-01 2.483917e-01 
67 671 0 0 0 1.162195e-01 9.639158e-02 1.408928e-01 9.713946e-02 9.771295e-02 1.116610e-01 1.532396e-01 1.610771e-01 1.063455e-01 1.061252e-01 1.065984e-01 7.717276e-02 4.369967e-02 8.109565e-02 2.669998e-02 7.541224e-02 1.146461e-01 5.114056e-02 5.638892e-02 3.539348e-01 7.414886e-02 6.016294e-02 1.702113e-01 3.150051e-01 1.273772e-01 3.833875e-01 2.490139e-01 2.484847e-01 
68 681 0 0 0 1.144062e-01 9.610490e-02 1.394239e-01 9.810939e-02 9.857698e-02 1.121190e-01 1.497079e-01 1.612385e-01 1.058683e-01 1.052499e-01 1.071056e-01 7.683418e-02 4.375620e-02 7.976499e-02 2.720511e-02 7.701124e-02 1.144468e-01 5.083183e-02 5.525992e-02 3.551755e-01 7.560439e-02 6.018557e-02 1.717541e-01 3.146382e-01 1.278901e-01 3.792200e-01 2.492202e-01 2.460414e-01 
69 691 0 0 0 1.159287e-01 9.528412e-02 1.384942e-01 9.678779e-02 9.767190e-02 1.122849e-01 1.512307e-01 1.584260e-01 1.081153e-01 1.035127e-01 1.039045e-01 7.606609e-02 4.334059e-02 7.804092e-02 2.709208e-02 7.539443e-02 1.173757e-01 5.105734e-02 5.480030e-02 3.528474e-01 7.460254e-02 5.981014e-02 1.704522e-01 3.144599e-01 1.253146e-01 3.757423e-01 2.454541e-01 2.443066e-01 
70 701 0 0 0 1.174717e-01 9.419850e-02 1.399710e-01 9.598454e-02 9.795115e-02 1.134084e-01 1.528020e-01 1.596603e-01 1.068446e-01 1.054880e-01 1.040802e-01 7.749125e-02 4.311194e-02 8.072913e-02 2.669419e-02 7.560657e-02 1.167494e-01 5.139998e-02 5.493957e-02 3.533111e-01 7.468348e-02 6.134991e-02 1.710611e-01 3.172295e-01 1.254439e-01 3.733197e-01 2.458852e-01 2.402518e-01 
71 711 0 0 0 1.140115e-01 9.514393e-02 1.404505e-01 9.598422e-02 9.772129e-02 1.143064e-01 1.544676e-01 1.613464e-01 1.086605e-01 1.049681e-01 1.034391e-01 7.895953e-02 4.394415e-02 7.915822e-02 2.689755e-02 7.660735e-02 1.168414e-01 5.145545e-02 5.518334e-02 3.524087e-01 7.521688e-02 6.016706e-02 1.743877e-01 3.147817e-01 1.239421e-01 3.733048e-01 2.455796e-01 2.412025e-01 
72 721 0 0 0 1.138662e-01 9.333113e-02 1.380370e-01 9.572430e-02 9.822047e-02 1.161819e-01 1.584232e-01 1.616293e-01 1.079553e-01 1.054516e-01 1.038829e-01 7.831998e-02 4.326726e-02 7.961562e-02 2.724341e-02 7.808605e-02 1.167055e-01 5.108325e-02 5.550455e-02 3.479304e-01 7.621731e-02 6.048861e-02 1.720241e-01 3.149341e-01 1.227940e-01 3.744543e-01 2.473488e-01 2.387798e-01 
73 731 0 0 0 1.138961e-01 9.389399e-02 1.402995e-01 9.504553e-02 9.742876e-02 1.168884e-01 1.571400e-01 1.648553e-01 1.095029e-01 1.039986e-01 1.037808e-01 7.754263e-02 4.277838e-02 7.943545e-02 2.709786e-02 7.986420e-02 1.178486e-01 5.187537e-02 5.456432e-02 3.447486e-01 7.507740e-02 6.049055e-02 1.739297e-01 3.140231e-01 1.228048e-01 3.728349e-01 2.462207e-01 2.389493e-01 
74 741 0 0 0 1.146274e-01 9.355121e-02 1.392916e-01 9.506344e-02 9.784579e-02 1.188685e-01 1.595428e-01 1.653120e-01 1.106452e-01 1.025807e-01 1.037339e-01 7.642951e-02 4.175734e-02 7.946744e-02 2.722545e-02 7.898310e-02 1.185675e-01 5.247484e-02 5.389010e-02 3.413467e-01 7.491483e-02 5.989989e-02 1.772052e-01 3.158517e-01 1.211352e-01 3.735502e-01 2.497336e-01 2.402603e-01 
75 751 0 0 0 1.130703e-01 9.334827e-02 1.366432e-01 9.418736e-02 9.695027e-02 1.195102e-01 1.586180e-01 1.659396e-01 1.100580e-01 1.011118e-01 1.045237e-01 7.652645e-02 4.268084e-02 7.945116e-02 2.741682e-02 7.709387e-02 1.187590e-01 5.322168e-02 5.380631e-02 3.477705e-01 7.290524e-02 6.147437e-02 1.763900e-01 3.140171e-01 1.200597e-01 3.720385e-01 2.484424e-01 2.411039e-01 
76 761 0 0 0 1.143690e-01 9.242855e-02 1.361245e-01 9.477212e-02 9.898337e-02 1.200197e-01 1.612837e-01 1.655161e-01 1.106831e-01 9.969202e-02 1.039159e-01 7.717450e-02 4.204535e-02 7.901436e-02 2.698489e-02 7.601759e-02 1.161389e-01 5.345677e-02 5.373130e-02 3.470197e-01 7.369055e-02 6.160421e-02 1.756587e-01 3.161417e-01 1.197599e-01 3.707792e-01 2.480471e-01 2.395359e-01 
77 771 0 0 0 1.136664e-01 9.333152e-02 1.363321e-01 9.494590e-02 9.892052e-02 1.197423e-01 1.628249e-01 1.669520e-01 1.085885e-01 9.741321e-02 1.015597e-01 7.805515e-02 4.220836e-02 7.922792e-02 2.710994e-02 7.589282e-02 1.126863e-01 5.307646e-02 5.354951e-02 3.465115e-01 7.392881e-02 6.160167e-02 1.756718e-01 3.157953e-01 1.201826e-01 3.667535e-01 2.471058e-01 2.414820e-01 
78 781 0 0 0 1.134627e-01 9.301263e-02 1.356451e-01 9.475667e-02 9.859993e-02 1.191381e-01 1.628642e-01 1.692989e-01 1.072078e-01 9.727634e-02 1.002284e-01 7.882759e-02 4.274946e-02 8.006151e-02 2.766796e-02 7.455259e-02 1.123434e-01 5.285973e-02 5.385034e-02 3.469604e-01 7.235779e-02 6.133036e-02 1.772546e-01 3.162113e-01 1.209953e-01 3.711148e-01 2.452957e-01 2.423580e-01 
79 791 0 0 0 1.128887e-01 9.318921e-02 1.363076e-01 9.508778e-02 9.921151e-02 1.204176e-01 1.621009e-01 1.712175e-01 1.072047e-01 9.666320e-02 1.020044e-01 7.825516e-02 4.301976e-02 7.946342e-02 2.815564e-02 7.511727e-02 1.111561e-01 5.384629e-02 5.385891e-02 3.470728e-01 7.240999e-02 6.232862e-02 1.768790e-01 3.177368e-01 1.208555e-01 3.685357e-01 2.462186e-01 2.439416e-01 
80 801 0 0 0 1.153551e-01 9.432857e-02 1.382558e-01 9.461206e-02 9.871333e-02 1.196726e-01 1.603874e-01 1.689253e-01 1.070196e-01 9.831921e-02 1.009849e-01 7.903775e-02 4.266274e-02 7.953613e-02 2.835182e-02 7.496430e-02 1.096449e-01 5.346575e-02 5.488985e-02 3.502733e-01 7.082342e-02 6.136791e-02 1.752675e-01 3.205606e-01 1.203287e-01 3.684044e-01 2.457804e-01 2.428428e-01 
81 811 0 0 0 1.152847e-01 9.535447e-02 1.398324e-01 9.453905e-02 9.859575e-02 1.191624e-01 1.577052e-01 1.690202e-01 1.063231e-01 9.974642e-02 1.001951e-01 7.742450e-02 4.284965e-02 7.786866e-02 2.853243e-02 7.483417e-02 1.099958e-01 5.296239e-02 5.520207e-02 3.541824e-01 7.226501e-02 6.151411e-02 1.781038e-01 3.169442e-01 1.221014e-01 3.677054e-01 2.454118e-01 2.421712e-01 
82 821 0 0 0 1.165592e-01 9.356006e-02 1.386043e-01 9.505773e-02 1.001791e-01 1.210635e-01 1.591261e-01 1.672736e-01 1.048011e-01 9.942668e-02 1.001439e-01 7.652984e-02 4.244484e-02 7.710603e-02 2.822353e-02 7.691229e-02 1.090168e-01 5.298419e-02 5.530708e-02 3.528349e-01 7.153437e-02 5.988663e-02 1.801864e-01 3.156625e-01 1.219245e-01 3.642120e-01 2.468068e-01 2.444405e-01 
83 831 0 0 0 1.175776e-01 9.294945e-02 1.384943e-01 9.709878e-02 1.009593e-01 1.195997e-01 1.614024e-01 1.662841e-01 1.054373e-01 9.875271e-02 9.971200e-02 7.743937e-02 4.201126e-02 7.591367e-02 2.842813e-02 7.619824e-02 1.077403e-01 5.304425e-02 5.377233e-02 3.491967e-01 7.068732e-02 5.933349e-02 1.802369e-01 3.144291e-01 1.194054e-01 3.616099e-01 2.457229e-01 2.452257e-01 
84 841 0 0 0 1.173795e-01 9.167881e-02 1.399442e-01 9.732195e-02 1.005132e-01 1.197704e-01 1.619634e-01 1.655421e-01 1.067446e-01 9.934610e-02 1.018035e-01 7.729828e-02 4.170435e-02 7.574978e-02 2.802978e-02 7.605138e-02 1.092203e-01 5.310778e-02 5.403630e-02 3.520600e-01 7.105200e-02 5.888561e-02 1.770654e-01 3.099329e-01 1.178634e-01 3.576479e-01 2.461274e-01 2.455618e-01 
85 851 0 0 0 1.176430e-01 9.283604e-02 1.400087e-01 9.644082e-02 1.006103e-01 1.202841e-01 1.647068e-01 1.666076e-01 1.063359e-01 1.014212e-01 1.007560e-01 7.654284e-02 4.190203e-02 7.648315e-02 2.828122e-02 7.585020e-02 1.105990e-01 5.379393e-02 5.394735e-02 3.529091e-01 7.179440e-02 5.785962e-02 1.770697e-01 3.123185e-01 1.170581e-01 3.593649e-01 2.475118e-01 2.431920e-01 
86 861 0 0 0 1.166719e-01 9.245615e-02 1.398154e-01 9.773333e-02 1.004216e-01 1.226225e-01 1.620033e-01 1.666318e-01 1.052157e-01 1.030421e-01 1.010838e-01 7.738493e-02 4.165084e-02 7.616328e-02 2.844844e-02 7.592833e-02 1.130999e-01 5.290888e-02 5.439393e-02 3.509437e-01 7.138855e-02 5.907234e-02 1.755126e-01 3.116664e-01 1.175949e-01 3.621699e-01 2.472417e-01 2.439254e-01 
87 871 0 0 0 1.169422e-01 9.162677e-02 1.403501e-01 9.862231e-02 9.867803e-02 1.234970e-01 1.605696e-01 1.667316e-01 1.045144e-01 1.046267e-01 1.022153e-01 7.582658e-02 4.161574e-02 7.547821e-02 2.865453e-02 7.692863e-02 1.126655e-01 5.315182e-02 5.432665e-02 3.498154e-01 7.101916e-02 5.929051e-02 1.757998e-01 3.127260e-01 1.183718e-01 3.647873e-01 2.473442e-01 2.441114e-01 
88 881 0 0 0 1.174371e-01 9.156337e-02 1.398736e-01 9.934156e-02 9.814546e-02 1.232183e-01 1.575476e-01 1.650154e-01 1.044697e-01 1.052633e-01 1.002973e-01 7.629621e-02 4.125794e-02 7.515733e-02 2.865829e-02 7.734064e-02 1.135633e-01 5.326787e-02 5.381359e-02 3.512813e-01 7.161860e-02 5.938839e-02 1.766176e-01 3.111766e-01 1.188476e-01 3.664306e-01 2.484478e-01 2.452638e-01 
89 891 0 0 0 1.151816e-01 9.007704e-02 1.411490e-01 9.925399e-02 9.736279e-02 1.237916e-01 1.597741e-01 1.643307e-01 1.038371e-01 1.046310e-01 1.018520e-01 7.649467e-02 4.098574e-02 7.457843e-02 2.808211e-02 7.739696e-02 1.145241e-01 5.298850e-02 5.391384e-02 3.508987e-01 7.025576e-02 5.937850e-02 1.758117e-01 3.119208e-01 1.170383e-01 3.679787e-01 2.488675e-01 2.437669e-01 
90 901 0 0 0 1.154812e-01 8.973384e-02 1.419446e-01 9.844960e-02 9.803530e-02 1.226059e-01 1.623091e-01 1.651287e-01 1.047770e-01 1.034299e-01 1.012633e-01 7.731262e-02 4.118380e-02 7.392566e-02 2.834581e-02 7.649615e-02 1.130045e-01 5.319794e-02 5.425270e-02 3.487323e-01 7.070736e-02 5.920073e-02 1.756121e-01 3.096946e-01 1.167363e-01 3.683580e-01 2.476336e-01 2.446436e-01 
91 911 0 0 0 1.151266e-01 9.098506e-02 1.421898e-01 9.791365e-02 9.848199e-02 1.220867e-01 1.642649e-01 1.637107e-01 1.054973e-01 1.032617e-01 1.010313e-01 7.764481e-02 4.112161e-02 7.390589e-02 2.852346e-02 7.498718e-02 1.120662e-01 5.330307e-02 5.463309e-02 3.500978e-01 7.055645e-02 5.908280e-02 1.758231e-01 3.097851e-01 1.192282e-01 3.678220e-01 2.491017e-01 2.460033e-01 
92 921 0 0 0 1.150600e-01 9.064994e-02 1.411339e-01 9.730699e-02 9.868395e-02 1.216889e-01 1.651492e-01 1.622463e-01 1.058225e-01 1.014866e-01 1.019497e-01 7.785992e-02 4.117614e-02 7.406350e-02 2.846802e-02 7.598481e-02 1.131069e-01 5.375962e-02 5.425387e-02 3.487827e-01 7.099067e-02 5.912496e-02 1.769223e-01 3.087399e-01 1.193203e-01 3.656241e-01 2.480731e-01 2.459120e-01 
93 931 0 0 0 1.143021e-01 9.035709e-02 1.392673e-01 9.605992e-02 9.767535e-02 1.221370e-01 1.639358e-01 1.619901e-01 1.054740e-01 1.015523e-01 1.023912e-01 7.867770e-02 4.146690e-02 7.376986e-02 2.870279e-02 7.639476e-02 1.125589e-01 5.393447e-02 5.459450e-02 3.503587e-01 7.160676e-02 5.849695e-02 1.765167e-01 3.093431e-01 1.184615e-01 3.650984e-01 2.468794e-01 2.464386e-01 
94 941 0 0 0 1.147196e-01 8.972016e-02 1.403989e-01 9.590815e-02 9.704457e-02 1.221050e-01 1.649596e-01 1.602834e-01 1.047878e-01 1.006933e-01 1.034486e-01 7.806796e-02 4.189796e-02 7.478360e-02 2.853466e-02 7.604896e-02 1.133474e-01 5.430155e-02 5.434538e-02 3.513073e-01 7.093968e-02 5.948961e-02 1.787392e-01 3.078441e-01 1.191343e-01 3.642808e-01 2.459301e-01 2.470116e-01 
95 951 0 0 0 1.139543e-01 9.099692e-02 1.389244e-01 9.692313e-02 9.623417e-02 1.229313e-01 1.690930e-01 1.605795e-01 1.035439e-01 9.998163e-02 1.038083e-01 7.859916e-02 4.158853e-02 7.377016e-02 2.875164e-02 7.612667e-02 1.116670e-01 5.440454e-02 5.436182e-02 3.507365e-01 7.067581e-02 5.973402e-02 1.779189e-01 3.082883e-01 1.183580e-01 3.638768e-01 2.462454e-01 2.466818e-01 
96 961 0 0 0 1.147775e-01 9.138241e-02 1.391983e-01 9.775484e-02 9.636986e-02 1.232159e-01 1.687699e-01 1.600693e-01 1.026768e-01 1.007739e-01 1.037345e-01 7.859780e-02 4.093789e-02 7.306719e-02 2.895292e-02 7.643759e-02 1.111287e-01 5.369426e-02 5.420214e-02 3.473262e-01 7.115100e-02 6.012789e-02 1.787469e-01 3.098258e-01 1.190150e-01 3.648370e-01 2.468558e-01 2.463954e-01 
97 971 0 0 0 1.151652e-01 9.062165e-02 1.386219e-01 9.760365e-02 9.716061e-02 1.218294e-01 1.682474e-01 1.601043e-01 1.026221e-01 1.023084e-01 1.030080e-01 7.931430e-02 4.042927e-02 7.281945e-02 2.887722e-02 7.714481e-02 1.117293e-01 5.394559e-02 5.477263e-02 3.494738e-01 7.279401e-02 5.992571e-02 1.792606e-01 3.078218e-01 1.178803e-01 3.602617e-01 2.474414e-01 2.479296e-01 
98 981 0 0 0 1.146988e-01 8.974432e-02 1.389237e-01 9.668578e-02 9.769810e-02 1.210792e-01 1.677971e-01 1.616606e-01 1.025078e-01 1.017707e-01 1.044333e-01 7.824858e-02 4.055529e-02 7.386922e-02 2.852944e-02 7.617380e-02 1.121906e-01 5.375946e-02 5.517387e-02 3.491434e-01 7.317588e-02 6.086426e-02 1.809710e-01 3.084177e-01 1.172590e-01 3.651712e-01 2.482903e-01 2.494593e-01 
99 991 0 0 0 1.138049e-01 8.898416e-02 1.392259e-01 9.672715e-02 9.793563e-02 1.207167e-01 1.679122e-01 1.615405e-01 1.027964e-01 1.016637e-01 1.033691e-01 7.706304e-02 4.028958e-02 7.377198e-02 2.869481e-02 7.581025e-02 1.136505e-01 5.441767e-02 5.494599e-02 3.502990e-01 7.292777e-02 6.105273e-02 1.820345e-01 3.092517e-01 1.178182e-01 3.621301e-01 2.485651e-01 2.510531e-01 
100 1001 0 0 0 1.145795e-01 8.786683e-02 1.381876e-01 9.678298e-02 9.817762e-02 1.217742e-01 1.676040e-01 1.597695e-01 1.020331e-01 1.016327e-01 1.040578e-01 7.720524e-02 3.981386e-02 7.357648e-02 2.911690e-02 7.612963e-02 1.134192e-01 5.465355e-02 5.521301e-02 3.503622e-01 7.184379e-02 6.144109e-02 1.813934e-01 3.068803e-01 1.180799e-01 3.639109e-01 2.489285e-01 2.499477e-01 
101 1011 0 0 0 1.152547e-01 8.738334e-02 1.396423e-01 9.708364e-02 9.771852e-02 1.228969e-01 1.700661e-01 1.606558e-01 1.020288e-01 1.024193e-01 1.035782e-01 7.734509e-02 3.964034e-02 7.380065e-02 2.900882e-02 7.680732e-02 1.137270e-01 5.517114e-02 5.539038e-02 3.481456e-01 7.201064e-02 6.179421e-02 1.816051e-01 3.053074e-01 1.180815e-01 3.671964e-01 2.482589e-01 2.503101e-01 
102 1021 0 0 0 1.151857e-01 8.694851e-02 1.395226e-01 9.629752e-02 9.776312e-02 1.227981e-01 1.678959e-01 1.615005e-01 1.018882e-01 1.023187e-01 1.036558e-01 7.770850e-02 3.959321e-02 7.360170e-02 2.913697e-02 7.689515e-02 1.132965e-01 5.495511e-02 5.550525e-02 3.507282e-01 7.113059e-02 6.180007e-02 1.832220e-01 3.080581e-01 1.172760e-01 3.635338e-01 2.492984e-01 2.504249e-01 
103 1031 0 0 0 1.149153e-01 8.671135e-02 1.388674e-01 9.652602e-02 9.799903e-02 1.237450e-01 1.663077e-01 1.625375e-01 1.002838e-01 1.026650e-01 1.040469e-01 7.826472e-02 3.921282e-02 7.432326e-02 2.892766e-02 7.859659e-02 1.121838e-01 5.492925e-02 5.616776e-02 3.493907e-01 7.099457e-02 6.160347e-02 1.818729e-01 3.073071e-01 1.161165e-01 3.651953e-01 2.505340e-01 2.507534e-01 
104 1041 0 0 0 1.154189e-01 8.573723e-02 1.387879e-01 9.570127e-02 9.778912e-02 1.231842e-01 1.674769e-01 1.614844e-01 9.865855e-02 1.030504e-01 1.050506e-01 7.796107e-02 3.902582e-02 7.416297e-02 2.894171e-02 7.792655e-02 1.114462e-01 5.487565e-02 5.661808e-02 3.467586e-01 7.165727e-02 6.290751e-02 1.831573e-01 3.073429e-01 1.154819e-01 3.658552e-01 2.494592e-01 2.508527e-01 
105 1051 0 0 0 1.162578e-01 8.681243e-02 1.385927e-01 9.547876e-02 9.706435e-02 1.220515e-01 1.675855e-01 1.618265e-01 9.882535e-02 1.032335e-01 1.049712e-01 7.796580e-02 3.840578e-02 7.385053e-02 2.872024e-02 7.823950e-02 1.120133e-01 5.474999e-02 5.670868e-02 3.463249e-01 7.169288e-02 6.246768e-02 1.815115e-01 3.090291e-01 1.141749e-01 3.680064e-01 2.492966e-01 2.507847e-01 
106 1061 0 0 0 1.166510e-01 8.731685e-02 1.378359e-01 9.508504e-02 9.697759e-02 1.234581e-01 1.686061e-01 1.612109e-01 9.920077e-02 1.035737e-01 1.046333e-01 7.704811e-02 3.846651e-02 7.387843e-02 2.832140e-02 7.737541e-02 1.119002e-01 5.460343e-02 5.679640e-02 3.453694e-01 7.129339e-02 6.283121e-02 1.828323e-01 3.088128e-01 1.139395e-01 3.685166e-01 2.501379e-01 2.501711e-01 
107 1071 0 0 0 1.166892e-01 8.780914e-02 1.373060e-01 9.518478e-02 9.676808e-02 1.227733e-01 1.689877e-01 1.610978e-01 9.926667e-02 1.025490e-01 1.042681e-01 7.679012e-02 3.872192e-02 7.431295e-02 2.836412e-02 7.774179e-02 1.126529e-01 5.427021e-02 5.668164e-02 3.471029e-01 7.187502e-02 6.355605e-02 1.829669e-01 3.055318e-01 1.157784e-01 3.714868e-01 2.520998e-01 2.506293e-01 
108 1081 0 0 0 1.173293e-01 8.775192e-02 1.367229e-01 9.475829e-02 9.738163e-02 1.230125e-01 1.690855e-01 1.596845e-01 9.811817e-02 1.026299e-01 1.048321e-01 7.679775e-02 3.861132e-02 7.520813e-02 2.840046e-02 7.738251e-02 1.125563e-01 5.459262e-02 5.692808e-02 3.455957e-01 7.193324e-02 6.446698e-02 1.842674e-01 3.062551e-01 1.146110e-01 3.674512e-01 2.523651e-01 2.505992e-01 
109 1091 0 0 0 1.168815e-01 8.774762e-02 1.362716e-01 9.516519e-02 9.658186e-02 1.220953e-01 1.698618e-01 1.588801e-01 9.686835e-02 1.015936e-01 1.050903e-01 7.708870e-02 3.821451e-02 7.480995e-02 2.823842e-02 7.761853e-02 1.118933e-01 5.440016e-02 5.772345e-02 3.433270e-01 7.063247e-02 6.465434e-02 1.842354e-01 3.070179e-01 1.153660e-01 3.695627e-01 2.513591e-01 2.495565e-01 
110 1101 0 0 0 1.160825e-01 8.815646e-02 1.359207e-01 9.405603e-02 9.514673e-02 1.219017e-01 1.680230e-01 1.584375e-01 9.698264e-02 1.039555e-01 1.054031e-01 7.737178e-02 3.838851e-02 7.482796e-02 2.816367e-02 7.815346e-02 1.127930e-01 5.429135e-02 5.847751e-02 3.444121e-01 7.074541e-02 6.444398e-02 1.818489e-01 3.061028e-01 1.152335e-01 3.708117e-01 2.501014e-01 2.500806e-01 
111 1111 0 0 0 1.168691e-01 8.744518e-02 1.357043e-01 9.389366e-02 9.485579e-02 1.207552e-01 1.668741e-01 1.586328e-01 9.696266e-02 1.049114e-01 1.051492e-01 7.685042e-02 3.854663e-02 7.390268e-02 2.810091e-02 7.849548e-02 1.123250e-01 5.428665e-02 5.981316e-02 3.452855e-01 7.105018e-02 6.429300e-02 1.804673e-01 3.027329e-01 1.155459e-01 3.695551e-01 2.508634e-01 2.499754e-01 
112 1121 0 0 0 1.167949e-01 8.813647e-02 1.349518e-01 9.212027e-02 9.531311e-02 1.207061e-01 1.681300e-01 1.570563e-01 9.810534e-02 1.049218e-01 1.056722e-01 7.727452e-02 3.835838e-02 7.419411e-02 2.803894e-02 7.745325e-02 1.116011e-01 5.435479e-02 5.946426e-02 3.454334e-01 7.126674e-02 6.479614e-02 1.803234e-01 3.022136e-01 1.161731e-01 3.717583e-01 2.525460e-01 2.482745e-01 
113 1131 0 0 0 1.162141e-01 8.889200e-02 1.362930e-01 9.241020e-02 9.608719e-02 1.196665e-01 1.680494e-01 1.570208e-01 9.771797e-02 1.056556e-01 1.041111e-01 7.786779e-02 3.881968e-02 7.419754e-02 2.842365e-02 7.742685e-02 1.095847e-01 5.445293e-02 5.984699e-02 3.409180e-01 7.099648e-02 6.479466e-02 1.793562e-01 3.028507e-01 1.157142e-01 3.719207e-01 2.516595e-01 2.488331e-01 
114 1141 0 0 0 1.161728e-01 8.924671e-02 1.339994e-01 9.253097e-02 9.678304e-02 1.186743e-01 1.694626e-01 1.546136e-01 9.622461e-02 1.060046e-01 1.026142e-01 7.813097e-02 3.872305e-02 7.339965e-02 2.838410e-02 7.850910e-02 1.096119e-01 5.425954e-02 6.062105e-02 3.406280e-01 7.167233e-02 6.497919e-02 1.773525e-01 3.019186e-01 1.160644e-01 3.700484e-01 2.507200e-01 2.485486e-01 
115 1151 0 0 0 1.157403e-01 8.800432e-02 1.334399e-01 9.319791e-02 9.577845e-02 1.185976e-01 1.710470e-01 1.549456e-01 9.656812e-02 1.053719e-01 1.028064e-01 7.715253e-02 3.855562e-02 7.349115e-02 2.842841e-02 7.913407e-02 1.081973e-01 5.421753e-02 6.096358e-02 3.395416e-01 7.104590e-02 6.577995e-02 1.761420e-01 3.019551e-01 1.159501e-01 3.713104e-01 2.522498e-01 2.486341e-01 
116 1161 0 0 0 1.168003e-01 8.750880e-02 1.336274e-01 9.310407e-02 9.638800e-02 1.189677e-01 1.700780e-01 1.522993e-01 9.703904e-02 1.052958e-01 1.028885e-01 7.783043e-02 3.824448e-02 7.436672e-02 2.869704e-02 7.920908e-02 1.085773e-01 5.438446e-02 6.114550e-02 3.373002e-01 7.124857e-02 6.508032e-02 1.774299e-01 3.027989e-01 1.159065e-01 3.706304e-01 2.508036e-01 2.493990e-01 
117 1171 0 0 0 1.162808e-01 8.741823e-02 1.336117e-01 9.360310e-02 9.597657e-02 1.188333e-01 1.702005e-01 1.528133e-01 9.583733e-02 1.046830e-01 1.027445e-01 7.816715e-02 3.736760e-02 7.534837e-02 2.854640e-02 7.842136e-02 1.088911e-01 5.436230e-02 6.097565e-02 3.396193e-01 7.114803e-02 6.463100e-02 1.779658e-01 3.000339e-01 1.177876e-01 3.671942e-01 2.521969e-01 2.500457e-01 
118 1181 0 0 0 1.186572e-01 8.668820e-02 1.328171e-01 9.311170e-02 9.611196e-02 1.197704e-01 1.692090e-01 1.533047e-01 9.529332e-02 1.053469e-01 1.028772e-01 7.764125e-02 3.786700e-02 7.504034e-02 2.860054e-02 7.790041e-02 1.072089e-01 5.381628e-02 6.013401e-02 3.391493e-01 7.048990e-02 6.442215e-02 1.769605e-01 2.986123e-01 1.173527e-01 3.692296e-01 2.520657e-01 2.506964e-01 
119 1191 0 0 0 1.192804e-01 8.662638e-02 1.312627e-01 9.275785e-02 9.730112e-02 1.194393e-01 1.721923e-01 1.548883e-01 9.525164e-02 1.053984e-01 1.043164e-01 7.781550e-02 3.814965e-02 7.606246e-02 2.865545e-02 7.829652e-02 1.078892e-01 5.344483e-02 5.993051e-02 3.403448e-01 7.101126e-02 6.452554e-02 1.793438e-01 2.990459e-01 1.169278e-01 3.723583e-01 2.523755e-01 2.509334e-01 
120 1201 0 0 0 1.206956e-01 8.591553e-02 1.315700e-01 9.372828e-02 9.690154e-02 1.206853e-01 1.716110e-01 1.540777e-01 9.539369e-02 1.046414e-01 1.040506e-01 7.857271e-02 3.801905e-02 7.619317e-02 2.852410e-02 7.884942e-02 1.080272e-01 5.327812e-02 6.002703e-02 3.427069e-01 7.133000e-02 6.455808e-02 1.792039e-01 3.011820e-01 1.168810e-01 3.740008e-01 2.524562e-01 2.505893e-01 
121 1211 0 0 0 1.201733e-01 8.644726e-02 1.319359e-01 9.396163e-02 9.700587e-02 1.203852e-01 1.726930e-01 1.537800e-01 9.563407e-02 1.038089e-01 1.030495e-01 7.847789e-02 3.831904e-02 7.606511e-02 2.866591e-02 7.778249e-02 1.084926e-01 5.325345e-02 5.977039e-02 3.443658e-01 7.109540e-02 6.471666e-02 1.799442e-01 3.015705e-01 1.167194e-01 3.723545e-01 2.534102e-01 2.529627e-01 
122 1221 0 0 0 1.194056e-01 8.623776e-02 1.294695e-01 9.309807e-02 9.712493e-02 1.205587e-01 1.722391e-01 1.508214e-01 9.457502e-02 1.052063e-01 1.033597e-01 7.753840e-02 3.809708e-02 7.679387e-02 2.879012e-02 7.875203e-02 1.076817e-01 5.330127e-02 6.016016e-02 3.457973e-01 7.152228e-02 6.423970e-02 1.786387e-01 2.975065e-01 1.171097e-01 3.726305e-01 2.522759e-01 2.549128e-01 
123 1231 0 0 0 1.201474e-01 8.741833e-02 1.288291e-01 9.370573e-02 9.746955e-02 1.215835e-01 1.713595e-01 1.518951e-01 9.480804e-02 1.056742e-01 1.024890e-01 7.789142e-02 3.847335e-02 7.635645e-02 2.871456e-02 7.914409e-02 1.074024e-01 5.350834e-02 6.075975e-02 3.439127e-01 7.179744e-02 6.352289e-02 1.795875e-01 2.991853e-01 1.176633e-01 3.696877e-01 2.521200e-01 2.549681e-01 
124 1241 0 0 0 1.199872e-01 8.739761e-02 1.285514e-01 9.257018e-02 9.766661e-02 1.214172e-01 1.711934e-01 1.519607e-01 9.526609e-02 1.055799e-01 1.028063e-01 7.797841e-02 3.868247e-02 7.741610e-02 2.880048e-02 7.952731e-02 1.089924e-01 5.352234e-02 6.028953e-02 3.471846e-01 7.266413e-02 6.322413e-02 1.782260e-01 2.996228e-01 1.183731e-01 3.697705e-01 2.521856e-01 2.537851e-01 
125 1251 0 0 0 1.202339e-01 8.670495e-02 1.271521e-01 9.279938e-02 9.831609e-02 1.218142e-01 1.725093e-01 1.501116e-01 9.471374e-02 1.069014e-01 1.041341e-01 7.702643e-02 3.892887e-02 7.757678e-02 2.902231e-02 7.853145e-02 1.093648e-01 5.376088e-02 5.999460e-02 3.476646e-01 7.330338e-02 6.339976e-02 1.768381e-01 2.947454e-01 1.184622e-01 3.679879e-01 2.520718e-01 2.541257e-01 
126 1261 0 0 0 1.202986e-01 8.702200e-02 1.280314e-01 9.191278e-02 9.855870e-02 1.229347e-01 1.720815e-01 1.511768e-01 9.522096e-02 1.079974e-01 1.034922e-01 7.732246e-02 3.912515e-02 7.845746e-02 2.894140e-02 7.898975e-02 1.091307e-01 5.354066e-02 5.947625e-02 3.495926e-01 7.499802e-02 6.370555e-02 1.763058e-01 2.954132e-01 1.189059e-01 3.687919e-01 2.535208e-01 2.545932e-01 
127 1271 0 0 0 1.205956e-01 8.714199e-02 1.293339e-01 9.246719e-02 9.893142e-02 1.224293e-01 1.717872e-01 1.490276e-01 9.533229e-02 1.084537e-01 1.039558e-01 7.703928e-02 3.862502e-02 7.822780e-02 2.927628e-02 7.891954e-02 1.109897e-01 5.357624e-02 5.913548e-02 3.505644e-01 7.545062e-02 6.328697e-02 1.759711e-01 2.945293e-01 1.201910e-01 3.653211e-01 2.546085e-01 2.552900e-01 
128 1281 0 0 0 1.217293e-01 8.711702e-02 1.301779e-01 9.159017e-02 9.814247e-02 1.224690e-01 1.712135e-01 1.501316e-01 9.534446e-02 1.097358e-01 1.043163e-01 7.627587e-02 3.847420e-02 7.801394e-02 2.918415e-02 7.855685e-02 1.107172e-01 5.353651e-02 5.966819e-02 3.471276e-01 7.479480e-02 6.291892e-02 1.743049e-01 2.944412e-01 1.196210e-01 3.624278e-01 2.538508e-01 2.538307e-01 
129 1291 0 0 0 1.225435e-01 8.755480e-02 1.296104e-01 9.163710e-02 9.843801e-02 1.234834e-01 1.718583e-01 1.511688e-01 9.557974e-02 1.084001e-01 1.052428e-01 7.699091e-02 3.916260e-02 7.717794e-02 2.929760e-02 7.860527e-02 1.108535e-01 5.403647e-02 6.027385e-02 3.508299e-01 7.438812e-02 6.271771e-02 1.744582e-01 2.960108e-01 1.191221e-01 3.601329e-01 2.542398e-01 2.528519e-01 
130 1301 0 0 0 1.243011e-01 8.733000e-02 1.275719e-01 9.083877e-02 9.803560e-02 1.241389e-01 1.762213e-01 1.494758e-01 9.445212e-02 1.079220e-01 1.057003e-01 7.648325e-02 3.900617e-02 7.777050e-02 2.946487e-02 7.925819e-02 1.097329e-01 5.426227e-02 6.072361e-02 3.500116e-01 7.350174e-02 6.301909e-02 1.724406e-01 2.932283e-01 1.193289e-01 3.593172e-01 2.555463e-01 2.547175e-01 
131 1311 0 0 0 1.250883e-01 8.776659e-02 1.276717e-01 9.138710e-02 9.763162e-02 1.237315e-01 1.749491e-01 1.479006e-01 9.520417e-02 1.070327e-01 1.049494e-01 7.685232e-02 3.916592e-02 7.865979e-02 2.933080e-02 8.012147e-02 1.086416e-01 5.335952e-02 6.089577e-02 3.522779e-01 7.383231e-02 6.318777e-02 1.731386e-01 2.956939e-01 1.194369e-01 3.559019e-01 2.543620e-01 2.537118e-01 
132 1321 0 0 0 1.264699e-01 8.750243e-02 1.278868e-01 9.128195e-02 9.833268e-02 1.231960e-01 1.757068e-01 1.467244e-01 9.562752e-02 1.073793e-01 1.051185e-01 7.694803e-02 3.896400e-02 7.876059e-02 2.966032e-02 8.025995e-02 1.109853e-01 5.382275e-02 6.085490e-02 3.539896e-01 7.445209e-02 6.355949e-02 1.726119e-01 2.941348e-01 1.196283e-01 3.502727e-01 2.554062e-01 2.534563e-01 
133 1331 0 0 0 1.266877e-01 8.846985e-02 1.276294e-01 9.097332e-02 9.858029e-02 1.229751e-01 1.755993e-01 1.452507e-01 9.553302e-02 1.075206e-01 1.038276e-01 7.705849e-02 3.890309e-02 7.890138e-02 2.919800e-02 8.071844e-02 1.114322e-01 5.460425e-02 6.092932e-02 3.499357e-01 7.410319e-02 6.327861e-02 1.711359e-01 2.952592e-01 1.189442e-01 3.527688e-01 2.568564e-01 2.536753e-01 
134 1341 0 0 0 1.273460e-01 8.903928e-02 1.262490e-01 9.109330e-02 9.813180e-02 1.226141e-01 1.734421e-01 1.440550e-01 9.504548e-02 1.077650e-01 1.035556e-01 7.734720e-02 3.875526e-02 7.854860e-02 2.915407e-02 8.170777e-02 1.127227e-01 5.476786e-02 6.108161e-02 3.510373e-01 7.331950e-02 6.297810e-02 1.726201e-01 2.939291e-01 1.195686e-01 3.538678e-01 2.549593e-01 2.542888e-01 
135 1351 0 0 0 1.276972e-01 8.820441e-02 1.244570e-01 9.043374e-02 9.818283e-02 1.232545e-01 1.748321e-01 1.433025e-01 9.402408e-02 1.070495e-01 1.029218e-01 7.747788e-02 3.865322e-02 7.915483e-02 2.918073e-02 8.272269e-02 1.123360e-01 5.370952e-02 6.095012e-02 3.487428e-01 7.211570e-02 6.332976e-02 1.706995e-01 2.951695e-01 1.193844e-01 3.575330e-01 2.562725e-01 2.560229e-01 
136 1361 0 0 0 1.268195e-01 8.847318e-02 1.254279e-01 8.973176e-02 9.872460e-02 1.234482e-01 1.724422e-01 1.420581e-01 9.509263e-02 1.070533e-01 1.030784e-01 7.820754e-02 3.925609e-02 7.902386e-02 2.906339e-02 8.259855e-02 1.103157e-01 5.337638e-02 6.109112e-02 3.493386e-01 7.249241e-02 6.217629e-02 1.696628e-01 2.932614e-01 1.198301e-01 3.564575e-01 2.548511e-01 2.558144e-01 
137 1371 0 0 0 1.283320e-01 8.952377e-02 1.244849e-01 8.820492e-02 9.943119e-02 1.230490e-01 1.720958e-01 1.407321e-01 9.589580e-02 1.085294e-01 1.040565e-01 7.728089e-02 3.912519e-02 7.904407e-02 2.874801e-02 8.274750e-02 1.093477e-01 5.422014e-02 6.244899e-02 3.492318e-01 7.223518e-02 6.185165e-02 1.681611e-01 2.911320e-01 1.200076e-01 3.532777e-01 2.550937e-01 2.541877e-01 
138 1381 0 0 0 1.279414e-01 9.086440e-02 1.232193e-01 8.712604e-02 9.982070e-02 1.241684e-01 1.714275e-01 1.411328e-01 9.635176e-02 1.107685e-01 1.046612e-01 7.718974e-02 3.928459e-02 7.995455e-02 2.879647e-02 8.269552e-02 1.087407e-01 5.451337e-02 6.254727e-02 3.493835e-01 7.176506e-02 6.183705e-02 1.663345e-01 2.881049e-01 1.213180e-01 3.543326e-01 2.548064e-01 2.529825e-01 
139 1391 0 0 0 1.271611e-01 9.086853e-02 1.236743e-01 8.674237e-02 1.010357e-01 1.242084e-01 1.718808e-01 1.396704e-01 9.811184e-02 1.103361e-01 1.043346e-01 7.645096e-02 3.934737e-02 7.982671e-02 2.900292e-02 8.283780e-02 1.079651e-01 5.409199e-02 6.285798e-02 3.497369e-01 7.176421e-02 6.202123e-02 1.678116e-01 2.898236e-01 1.196003e-01 3.495228e-01 2.536481e-01 2.502576e-01 
140 1401 0 0 0 1.271765e-01 9.106942e-02 1.227958e-01 8.744690e-02 1.018247e-01 1.244644e-01 1.720050e-01 1.400957e-01 9.717104e-02 1.116903e-01 1.049840e-01 7.653389e-02 3.901348e-02 7.985290e-02 2.901671e-02 8.375718e-02 1.079930e-01 5.398519e-02 6.357599e-02 3.469803e-01 7.208861e-02 6.228722e-02 1.681916e-01 2.878952e-01 1.186729e-01 3.486643e-01 2.537274e-01 2.489612e-01 
141 1411 0 0 0 1.270540e-01 9.142756e-02 1.220802e-01 8.745342e-02 1.026723e-01 1.228940e-01 1.712607e-01 1.381675e-01 9.716017e-02 1.112307e-01 1.052721e-01 7.681776e-02 3.877144e-02 7.948538e-02 2.921688e-02 8.339739e-02 1.083051e-01 5.367085e-02 6.368399e-02 3.472241e-01 7.081544e-02 6.165071e-02 1.677555e-01 2.887238e-01 1.185471e-01 3.510449e-01 2.513306e-01 2.494775e-01 
142 1421 0 0 0 1.287734e-01 8.985780e-02 1.225757e-01 8.735544e-02 1.023733e-01 1.228971e-01 1.692188e-01 1.377471e-01 9.676250e-02 1.133714e-01 1.049981e-01 7.756697e-02 3.866599e-02 7.826507e-02 2.987913e-02 8.397146e-02 1.073025e-01 5.465368e-02 6.381713e-02 3.488551e-01 7.224462e-02 6.295586e-02 1.668701e-01 2.877650e-01 1.191851e-01 3.493660e-01 2.504880e-01 2.488892e-01 
143 1431 0 0 0 1.281751e-01 8.947452e-02 1.221536e-01 8.722432e-02 1.025801e-01 1.234619e-01 1.705228e-01 1.385909e-01 9.425156e-02 1.117050e-01 1.027764e-01 7.786798e-02 3.854451e-02 7.744236e-02 3.008348e-02 8.337952e-02 1.069801e-01 5.563861e-02 6.383359e-02 3.432350e-01 7.051097e-02 6.308742e-02 1.666206e-01 2.887682e-01 1.189175e-01 3.455126e-01 2.545089e-01 2.506203e-01 
144 1441 0 0 0 1.268697e-01 8.837228e-02 1.219285e-01 8.684168e-02 1.015295e-01 1.246517e-01 1.736997e-01 1.391916e-01 9.376057e-02 1.117158e-01 1.022662e-01 7.739979e-02 3.867404e-02 7.808524e-02 3.000622e-02 8.270906e-02 1.050598e-01 5.538439e-02 6.334578e-02 3.478537e-01 7.031434e-02 6.244469e-02 1.661700e-01 2.877157e-01 1.177003e-01 3.441775e-01 2.559862e-01 2.520741e-01 
145 1451 0 0 0 1.252801e-01 8.845996e-02 1.224236e-01 8.697884e-02 1.013953e-01 1.255471e-01 1.722563e-01 1.414676e-01 9.302496e-02 1.127591e-01 1.014798e-01 7.653984e-02 3.802628e-02 7.855274e-02 3.020249e-02 8.308686e-02 1.045162e-01 5.520230e-02 6.359516e-02 3.457379e-01 7.034122e-02 6.244374e-02 1.668598e-01 2.862732e-01 1.177897e-01 3.411439e-01 2.578898e-01 2.528134e-01 
146 1461 0 0 0 1.252793e-01 8.833565e-02 1.226696e-01 8.696104e-02 1.015487e-01 1.239594e-01 1.684615e-01 1.419220e-01 9.150021e-02 1.120627e-01 1.005309e-01 7.728064e-02 3.758838e-02 7.908242e-02 3.008314e-02 8.368505e-02 1.031527e-01 5.548436e-02 6.390866e-02 3.445028e-01 6.905530e-02 6.191183e-02 1.674113e-01 2.883723e-01 1.177340e-01 3.394263e-01 2.581716e-01 2.518506e-01 
147 1471 0 0 0 1.254593e-01 8.836867e-02 1.233515e-01 8.715754e-02 1.022254e-01 1.231541e-01 1.699114e-01 1.411953e-01 9.100439e-02 1.137186e-01 9.959721e-02 7.732037e-02 3.793857e-02 7.886894e-02 2.990588e-02 8.343236e-02 1.025576e-01 5.608620e-02 6.476992e-02 3.453738e-01 6.873711e-02 6.255255e-02 1.649725e-01 2.847053e-01 1.178722e-01 3.386141e-01 2.555927e-01 2.511343e-01 
148 1481 0 0 0 1.246331e-01 8.810207e-02 1.218613e-01 8.667850e-02 1.020087e-01 1.230335e-01 1.710174e-01 1.428878e-01 9.155634e-02 1.154744e-01 9.861917e-02 7.868379e-02 3.777935e-02 7.951994e-02 3.024336e-02 8.439855e-02 1.045111e-01 5.679255e-02 6.522324e-02 3.409622e-01 7.063389e-02 6.254082e-02 1.659059e-01 2.823798e-01 1.174638e-01 3.419239e-01 2.542870e-01 2.490450e-01 
149 1491 0 0 0 1.250442e-01 8.837389e-02 1.204361e-01 8.521369e-02 1.013496e-01 1.232083e-01 1.696046e-01 1.416059e-01 9.003868e-02 1.137360e-01 9.830567e-02 7.783760e-02 3.819943e-02 7.898025e-02 3.033157e-02 8.413999e-02 1.049155e-01 5.702366e-02 6.602079e-02 3.374089e-01 7.024191e-02 6.220949e-02 1.638938e-01 2.878656e-01 1.161371e-01 3.429643e-01 2.534383e-01 2.492309e-01 
150 1501 0 0 0 1.236744e-01 8.737274e-02 1.206560e-01 8.555871e-02 1.004012e-01 1.210189e-01 1.722083e-01 1.407571e-01 9.004982e-02 1.146961e-01 9.627558e-02 7.899282e-02 3.835446e-02 7.794989e-02 3.018385e-02 8.495896e-02 1.062470e-01 5.763457e-02 6.688370e-02 3.334776e-01 7.052762e-02 6.209286e-02 1.652154e-01 2.841685e-01 1.166388e-01 3.400492e-01 2.508293e-01 2.492663e-01 
151 1511 0 0 0 1.250032e-01 8.841104e-02 1.193971e-01 8.617267e-02 9.921498e-02 1.218121e-01 1.731998e-01 1.407689e-01 8.847289e-02 1.143571e-01 9.684515e-02 7.863448e-02 3.912496e-02 7.924316e-02 3.024067e-02 8.335247e-02 1.062076e-01 5.752240e-02 6.713708e-02 3.363727e-01 6.945367e-02 6.299605e-02 1.643702e-01 2.871183e-01 1.177933e-01 3.410759e-01 2.528865e-01 2.510476e-01 
152 1521 0 0 0 1.234839e-01 8.890370e-02 1.195874e-01 8.547077e-02 1.000902e-01 1.225497e-01 1.735890e-01 1.408422e-01 8.900059e-02 1.142949e-01 9.708169e-02 7.891193e-02 3.922029e-02 7.822494e-02 2.995989e-02 8.306972e-02 1.055615e-01 5.742026e-02 6.768689e-02 3.397773e-01 7.053025e-02 6.235595e-02 1.657731e-01 2.883956e-01 1.174934e-01 3.377924e-01 2.532059e-01 2.530000e-01 
153 1531 0 0 0 1.244554e-01 8.921679e-02 1.183657e-01 8.412016e-02 1.006214e-01 1.218870e-01 1.760116e-01 1.387755e-01 8.882436e-02 1.151352e-01 9.864032e-02 7.843757e-02 3.930139e-02 8.001093e-02 2.956323e-02 8.356245e-02 1.055117e-01 5.709349e-02 6.750411e-02 3.426350e-01 7.037207e-02 6.189645e-02 1.668429e-01 2.840614e-01 1.180433e-01 3.344911e-01 2.549569e-01 2.538133e-01 
154 1541 0 0 0 1.253641e-01 8.872846e-02 1.186740e-01 8.364413e-02 1.003547e-01 1.225083e-01 1.761163e-01 1.394459e-01 8.865791e-02 1.158280e-01 9.915294e-02 7.824082e-02 3.946781e-02 8.079474e-02 2.959637e-02 8.387075e-02 1.042385e-01 5.717980e-02 6.675604e-02 3.407860e-01 7.036389e-02 6.075891e-02 1.674579e-01 2.828522e-01 1.187174e-01 3.355677e-01 2.566589e-01 2.533385e-01 
155 1551 0 0 0 1.254700e-01 9.079328e-02 1.186838e-01 8.390332e-02 1.005410e-01 1.215873e-01 1.759942e-01 1.403732e-01 8.886699e-02 1.154366e-01 9.948928e-02 7.686048e-02 4.021359e-02 8.007509e-02 2.959837e-02 8.432601e-02 1.052346e-01 5.696468e-02 6.624937e-02 3.375425e-01 7.004753e-02 6.168841e-02 1.658574e-01 2.855378e-01 1.192520e-01 3.374832e-01 2.575695e-01 2.527710e-01 
156 1561 0 0 0 1.260242e-01 9.019829e-02 1.180216e-01 8.380471e-02 1.009263e-01 1.210298e-01 1.775421e-01 1.391780e-01 8.971334e-02 1.144222e-01 9.938893e-02 7.600827e-02 4.019496e-02 7.953000e-02 2.998786e-02 8.321500e-02 1.048678e-01 5.705967e-02 6.543954e-02 3.356024e-01 7.029700e-02 6.191683e-02 1.668400e-01 2.832100e-01 1.184155e-01 3.387052e-01 2.547549e-01 2.532601e-01 
157 1571 0 0 0 1.260747e-01 9.035013e-02 1.177748e-01 8.393808e-02 1.019832e-01 1.219284e-01 1.773061e-01 1.372316e-01 9.263060e-02 1.139610e-01 9.979062e-02 7.520470e-02 3.969347e-02 8.066940e-02 2.992332e-02 8.256751e-02 1.061462e-01 5.665632e-02 6.471244e-02 3.391883e-01 7.070699e-02 6.127459e-02 1.663551e-01 2.825284e-01 1.191914e-01 3.397019e-01 2.553977e-01 2.511584e-01 
158 1581 0 0 0 1.258080e-01 9.056728e-02 1.180114e-01 8.515713e-02 1.014291e-01 1.228985e-01 1.793937e-01 1.383972e-01 8.995733e-02 1.137754e-01 1.005645e-01 7.549380e-02 3.947383e-02 7.998874e-02 2.986113e-02 8.178946e-02 1.083760e-01 5.778568e-02 6.398648e-02 3.348240e-01 7.036769e-02 6.116205e-02 1.679654e-01 2.849719e-01 1.186074e-01 3.396808e-01 2.535380e-01 2.513963e-01 
159 1591 0 0 0 1.256239e-01 9.068316e-02 1.178021e-01 8.529640e-02 1.029534e-01 1.227736e-01 1.779308e-01 1.376437e-01 8.891369e-02 1.140230e-01 9.996360e-02 7.615370e-02 3.973448e-02 8.035324e-02 2.986123e-02 8.263658e-02 1.093960e-01 5.807122e-02 6.412535e-02 3.391172e-01 7.027143e-02 6.078161e-02 1.683122e-01 2.806047e-01 1.178231e-01 3.407428e-01 2.550701e-01 2.514179e-01 
160 1601 0 0 0 1.275881e-01 9.053228e-02 1.159493e-01 8.546755e-02 1.031911e-01 1.233246e-01 1.765456e-01 1.357824e-01 8.930217e-02 1.148124e-01 1.000777e-01 7.668789e-02 3.932909e-02 8.117957e-02 3.007567e-02 8.225393e-02 1.096108e-01 5.918570e-02 6.409866e-02 3.407081e-01 7.044005e-02 6.097929e-02 1.662126e-01 2.797313e-01 1.176498e-01 3.364278e-01 2.572682e-01 2.528611e-01 
161 1611 0 0 0 1.266194e-01 8.961213e-02 1.167375e-01 8.498857e-02 1.033120e-01 1.241446e-01 1.763793e-01 1.357947e-01 9.006381e-02 1.160298e-01 1.006109e-01 7.619065e-02 3.943808e-02 8.085189e-02 3.034668e-02 8.218899e-02 1.102584e-01 5.951337e-02 6.405243e-02 3.381489e-01 7.043292e-02 6.168929e-02 1.662846e-01 2.768530e-01 1.182657e-01 3.365998e-01 2.560386e-01 2.527165e-01 
162 1621 0 0 0 1.264840e-01 9.014140e-02 1.158918e-01 8.537057e-02 1.022822e-01 1.236814e-01 1.759227e-01 1.350380e-01 8.984727e-02 1.154459e-01 1.003545e-01 7.565088e-02 4.019295e-02 8.023430e-02 3.028007e-02 8.263895e-02 1.111544e-01 5.963648e-02 6.274073e-02 3.376169e-01 6.991394e-02 6.107923e-02 1.650702e-01 2.770168e-01 1.182178e-01 3.388689e-01 2.580049e-01 2.533211e-01 
163 1631 0 0 0 1.273362e-01 9.148944e-02 1.155285e-01 8.631264e-02 1.023661e-01 1.239128e-01 1.749998e-01 1.324700e-01 8.963696e-02 1.166830e-01 1.014514e-01 7.592956e-02 3.978112e-02 8.022327e-02 3.009537e-02 8.307104e-02 1.114305e-01 5.954588e-02 6.272358e-02 3.400314e-01 7.002805e-02 6.038183e-02 1.643132e-01 2.737480e-01 1.198354e-01 3.349645e-01 2.581186e-01 2.546423e-01 
164 1641 0 0 0 1.280031e-01 9.182450e-02 1.155949e-01 8.509956e-02 1.028723e-01 1.232104e-01 1.766331e-01 1.342410e-01 8.982749e-02 1.170258e-01 1.010813e-01 7.508865e-02 3.915678e-02 8.008977e-02 3.010212e-02 8.240475e-02 1.110344e-01 6.084591e-02 6.242722e-02 3.375774e-01 6.996099e-02 6.051203e-02 1.648898e-01 2.732574e-01 1.181987e-01 3.378877e-01 2.578665e-01 2.547708e-01 
165 1651 0 0 0 1.275758e-01 9.148761e-02 1.151300e-01 8.510601e-02 1.019240e-01 1.246001e-01 1.758631e-01 1.360196e-01 8.961118e-02 1.169646e-01 1.008344e-01 7.543665e-02 3.896530e-02 8.010076e-02 2.987770e-02 8.177201e-02 1.119988e-01 6.020458e-02 6.299879e-02 3.400448e-01 6.944205e-02 6.043300e-02 1.667979e-01 2.770156e-01 1.181495e-01 3.382010e-01 2.585834e-01 2.535372e-01 
166 1661 0 0 0 1.260262e-01 9.122138e-02 1.159205e-01 8.677798e-02 1.020987e-01 1.251611e-01 1.746468e-01 1.375112e-01 9.015117e-02 1.171465e-01 1.010268e-01 7.597690e-02 3.868291e-02 7.984548e-02 2.956211e-02 8.098460e-02 1.123503e-01 5.992426e-02 6.241938e-02 3.398969e-01 7.062806e-02 5.979052e-02 1.673903e-01 2.785182e-01 1.183725e-01 3.390166e-01 2.564093e-01 2.530489e-01 
167 1671 0 0 0 1.273061e-01 9.169227e-02 1.159403e-01 8.646879e-02 1.021056e-01 1.248777e-01 1.761606e-01 1.379200e-01 8.937659e-02 1.169511e-01 1.017547e-01 7.546660e-02 3.889610e-02 7.983411e-02 2.943260e-02 8.150925e-02 1.125419e-01 6.020660e-02 6.324094e-02 3.425808e-01 7.132210e-02 5.954292e-02 1.686442e-01 2.810036e-01 1.192552e-01 3.386175e-01 2.565986e-01 2.531226e-01 
168 1681 0 0 0 1.273015e-01 9.140977e-02 1.172357e-01 8.697124e-02 1.016742e-01 1.252539e-01 1.775199e-01 1.386277e-01 8.948710e-02 1.160865e-01 1.012035e-01 7.554720e-02 3.778860e-02 7.875013e-02 2.941525e-02 8.110567e-02 1.110800e-01 5.920845e-02 6.245620e-02 3.455462e-01 7.038455e-02 5.969104e-02 1.696833e-01 2.796244e-01 1.195432e-01 3.380498e-01 2.546932e-01 2.528979e-01 
169 1691 0 0 0 1.250252e-01 9.028579e-02 1.166375e-01 8.662626e-02 1.015511e-01 1.252731e-01 1.767212e-01 1.397273e-01 8.969745e-02 1.172205e-01 1.018471e-01 7.544406e-02 3.792596e-02 7.887623e-02 2.955094e-02 8.060903e-02 1.108531e-01 5.884468e-02 6.198820e-02 3.451579e-01 7.160082e-02 5.957196e-02 1.687943e-01 2.794559e-01 1.189553e-01 3.403313e-01 2.565126e-01 2.533853e-01 
170 1701 0 0 0 1.229965e-01 8.964899e-02 1.158745e-01 8.710083e-02 1.019039e-01 1.259476e-01 1.764583e-01 1.402953e-01 8.904752e-02 1.184997e-01 1.017969e-01 7.510327e-02 3.721006e-02 7.907068e-02 2.962687e-02 8.126366e-02 1.115855e-01 5.939688e-02 6.261004e-02 3.411932e-01 7.242662e-02 5.994021e-02 1.700436e-01 2.804146e-01 1.184241e-01 3.408283e-01 2.563152e-01 2.531165e-01 
171 1711 0 0 0 1.227915e-01 8.943558e-02 1.164260e-01 8.579581e-02 1.010451e-01 1.252669e-01 1.747672e-01 1.411359e-01 8.926223e-02 1.179359e-01 1.016643e-01 7.465520e-02 3.743018e-02 7.971406e-02 2.929391e-02 8.145749e-02 1.121672e-01 5.870948e-02 6.270924e-02 3.415998e-01 7.318808e-02 5.939214e-02 1.693194e-01 2.810474e-01 1.190456e-01 3.427372e-01 2.557766e-01 2.515608e-01 
172 1721 0 0 0 1.225583e-01 9.045829e-02 1.165732e-01 8.562263e-02 1.008507e-01 1.240441e-01 1.732520e-01 1.410985e-01 8.961312e-02 1.187187e-01 1.023343e-01 7.470229e-02 3.777832e-02 8.055168e-02 2.925977e-02 8.117872e-02 1.142340e-01 5.865985e-02 6.220160e-02 3.441534e-01 7.362192e-02 5.983207e-02 1.676302e-01 2.794885e-01 1.195669e-01 3.414332e-01 2.572548e-01 2.510972e-01 
173 1731 0 0 0 1.219858e-01 9.012813e-02 1.168829e-01 8.535407e-02 1.001725e-01 1.239200e-01 1.740307e-01 1.406998e-01 8.871548e-02 1.173215e-01 1.018354e-01 7.468730e-02 3.809397e-02 8.176782e-02 2.942555e-02 8.111623e-02 1.132320e-01 5.867133e-02 6.204753e-02 3.441831e-01 7.356757e-02 6.019781e-02 1.676287e-01 2.812106e-01 1.204087e-01 3.384542e-01 2.554285e-01 2.521341e-01 
174 1741 0 0 0 1.218917e-01 9.035307e-02 1.174084e-01 8.599992e-02 9.962272e-02 1.227056e-01 1.724898e-01 1.397586e-01 8.892348e-02 1.187042e-01 1.020223e-01 7.464527e-02 3.776976e-02 8.152727e-02 2.933932e-02 8.071845e-02 1.118698e-01 5.888037e-02 6.175473e-02 3.422649e-01 7.311838e-02 5.935485e-02 1.688676e-01 2.805003e-01 1.194936e-01 3.398131e-01 2.555784e-01 2.521420e-01 
175 1751 0 0 0 1.218487e-01 9.039538e-02 1.165956e-01 8.525308e-02 9.985246e-02 1.229299e-01 1.735281e-01 1.397045e-01 8.745206e-02 1.179685e-01 1.014420e-01 7.533083e-02 3.762354e-02 8.165542e-02 2.961583e-02 8.024558e-02 1.111319e-01 5.895006e-02 6.225717e-02 3.419993e-01 7.224671e-02 5.968466e-02 1.678268e-01 2.790400e-01 1.189818e-01 3.402377e-01 2.544780e-01 2.509132e-01 
176 1761 0 0 0 1.210989e-01 9.097766e-02 1.164277e-01 8.492986e-02 1.004192e-01 1.237747e-01 1.722599e-01 1.380762e-01 8.711899e-02 1.178051e-01 1.014744e-01 7.493940e-02 3.779362e-02 8.229434e-02 3.004456e-02 8.019930e-02 1.100259e-01 5.947752e-02 6.261931e-02 3.384643e-01 7.239883e-02 5.991686e-02 1.663691e-01 2.776664e-01 1.189251e-01 3.392681e-01 2.551101e-01 2.506957e-01 
177 1771 0 0 0 1.194801e-01 9.038203e-02 1.165152e-01 8.528954e-02 1.006694e-01 1.249148e-01 1.725698e-01 1.388660e-01 8.841822e-02 1.178686e-01 1.015265e-01 7.535853e-02 3.773728e-02 8.263144e-02 2.984576e-02 8.009776e-02 1.109151e-01 5.905229e-02 6.270986e-02 3.410686e-01 7.325370e-02 6.027310e-02 1.661062e-01 2.784074e-01 1.183061e-01 3.398280e-01 2.572322e-01 2.507852e-01 
178 1781 0 0 0 1.196225e-01 8.983333e-02 1.167485e-01 8.478994e-02 1.003773e-01 1.255983e-01 1.728774e-01 1.395566e-01 8.756192e-02 1.188523e-01 1.025935e-01 7.502281e-02 3.782871e-02 8.364994e-02 2.984059e-02 7.984160e-02 1.106154e-01 5.895181e-02 6.230356e-02 3.400139e-01 7.367080e-02 6.073327e-02 1.649873e-01 2.772501e-01 1.184728e-01 3.387414e-01 2.561429e-01 2.509027e-01 
179 1791 0 0 0 1.187853e-01 9.080704e-02 1.159739e-01 8.463288e-02 1.002463e-01 1.258428e-01 1.735320e-01 1.397409e-01 8.756757e-02 1.184744e-01 1.027458e-01 7.434689e-02 3.814669e-02 8.430002e-02 3.025445e-02 7.945807e-02 1.106680e-01 5.944956e-02 6.212926e-02 3.390495e-01 7.363639e-02 6.017571e-02 1.638194e-01 2.796117e-01 1.190989e-01 3.397990e-01 2.565820e-01 2.510144e-01 
180 1801 0 0 0 1.189025e-01 9.119159e-02 1.169389e-01 8.378215e-02 1.005111e-01 1.264608e-01 1.738407e-01 1.385787e-01 8.733738e-02 1.186418e-01 1.031631e-01 7.473837e-02 3.848886e-02 8.377436e-02 3.019572e-02 7.942386e-02 1.090491e-01 5.924121e-02 6.254464e-02 3.409944e-01 7.377703e-02 6.012151e-02 1.623845e-01 2.790326e-01 1.196555e-01 3.398052e-01 2.572212e-01 2.504095e-01 
181 1811 0 0 0 1.194609e-01 9.047817e-02 1.178204e-01 8.271355e-02 1.003154e-01 1.268574e-01 1.751586e-01 1.365399e-01 8.706170e-02 1.184710e-01 1.033330e-01 7.523662e-02 3.844780e-02 8.307895e-02 3.014717e-02 7.917709e-02 1.101291e-01 5.862515e-02 6.264081e-02 3.424252e-01 7.273246e-02 6.064282e-02 1.622401e-01 2.774989e-01 1.205406e-01 3.384721e-01 2.567393e-01 2.493153e-01 
182 1821 0 0 0 1.191419e-01 9.113354e-02 1.169769e-01 8.306138e-02 9.990300e-02 1.278728e-01 1.752387e-01 1.364009e-01 8.592244e-02 1.193340e-01 1.031199e-01 7.466116e-02 3.883023e-02 8.336426e-02 3.019147e-02 7.920091e-02 1.091144e-01 5.870229e-02 6.225464e-02 3.427073e-01 7.236100e-02 6.049478e-02 1.615670e-01 2.781275e-01 1.203986e-01 3.353569e-01 2.550711e-01 2.494262e-01 
183 1831 0 0 0 1.193506e-01 9.092885e-02 1.175974e-01 8.301555e-02 9.943147e-02 1.271466e-01 1.766490e-01 1.357344e-01 8.646285e-02 1.191593e-01 1.029601e-01 7.503923e-02 3.902538e-02 8.345671e-02 3.032955e-02 8.031468e-02 1.093042e-01 5.797482e-02 6.220731e-02 3.445987e-01 7.281399e-02 6.043692e-02 1.602963e-01 2.775803e-01 1.200272e-01 3.362540e-01 2.550124e-01 2.500859e-01 
184 1841 0 0 0 1.180177e-01 9.051664e-02 1.186722e-01 8.422710e-02 9.848109e-02 1.273473e-01 1.767392e-01 1.351438e-01 8.696790e-02 1.188981e-01 1.020151e-01 7.533425e-02 3.882822e-02 8.184468e-02 3.041162e-02 8.037928e-02 1.085122e-01 5.790891e-02 6.194360e-02 3.446818e-01 7.430075e-02 6.154105e-02 1.618305e-01 2.791273e-01 1.205145e-01 3.380681e-01 2.540520e-01 2.511891e-01 
185 1851 0 0 0 1.169595e-01 9.069696e-02 1.197683e-01 8.453747e-02 9.845930e-02 1.273960e-01 1.757734e-01 1.360864e-01 8.786705e-02 1.190905e-01 1.024288e-01 7.509231e-02 3.903626e-02 8.118271e-02 3.058582e-02 8.089072e-02 1.085512e-01 5.792725e-02 6.204133e-02 3.419168e-01 7.487397e-02 6.106182e-02 1.618756e-01 2.763206e-01 1.210971e-01 3.362859e-01 2.523990e-01 2.507045e-01 
186 1861 0 0 0 1.178606e-01 9.144280e-02 1.189044e-01 8.374175e-02 9.913899e-02 1.263036e-01 1.736679e-01 1.340050e-01 8.847399e-02 1.204641e-01 1.033947e-01 7.484076e-02 3.913953e-02 8.122578e-02 3.038442e-02 8.119671e-02 1.092416e-01 5.794940e-02 6.216133e-02 3.408173e-01 7.413215e-02 6.052853e-02 1.607429e-01 2.757703e-01 1.212011e-01 3.396170e-01 2.529499e-01 2.488837e-01 
187 1871 0 0 0 1.179302e-01 9.166765e-02 1.192139e-01 8.389161e-02 1.000773e-01 1.265501e-01 1.753954e-01 1.328780e-01 8.856640e-02 1.212487e-01 1.022584e-01 7.549021e-02 3.909960e-02 8.085170e-02 3.061454e-02 8.114162e-02 1.090674e-01 5.868309e-02 6.233716e-02 3.371895e-01 7.390134e-02 6.077320e-02 1.604987e-01 2.756393e-01 1.204223e-01 3.383180e-01 2.537954e-01 2.502311e-01 
188 1881 0 0 0 1.178520e-01 9.204558e-02 1.198811e-01 8.514674e-02 1.007482e-01 1.273561e-01 1.753151e-01 1.335576e-01 8.822913e-02 1.223706e-01 1.024845e-01 7.522025e-02 3.922033e-02 8.024266e-02 3.046167e-02 8.133500e-02 1.093896e-01 5.877770e-02 6.186014e-02 3.380812e-01 7.385258e-02 6.005463e-02 1.611769e-01 2.727460e-01 1.204173e-01 3.375840e-01 2.533387e-01 2.508067e-01 
189 1891 0 0 0 1.179815e-01 9.199547e-02 1.183082e-01 8.482923e-02 1.009097e-01 1.275177e-01 1.772134e-01 1.319215e-01 8.819501e-02 1.240538e-01 1.032412e-01 7.485021e-02 3.925155e-02 7.921029e-02 3.030001e-02 8.239814e-02 1.095055e-01 5.849707e-02 6.206230e-02 3.374395e-01 7.413433e-02 6.008153e-02 1.603764e-01 2.694076e-01 1.195551e-01 3.382103e-01 2.527196e-01 2.507665e-01 
190 1901 0 0 0 1.170969e-01 9.163295e-02 1.189812e-01 8.489139e-02 1.007158e-01 1.265004e-01 1.775168e-01 1.314757e-01 8.725215e-02 1.242016e-01 1.033423e-01 7.488361e-02 3.890330e-02 7.874607e-02 3.015180e-02 8.245322e-02 1.084630e-01 5.698762e-02 6.233654e-02 3.352536e-01 7.536161e-02 6.018684e-02 1.589410e-01 2.692776e-01 1.198798e-01 3.404676e-01 2.527546e-01 2.497017e-01 
191 1911 0 0 0 1.179501e-01 9.263773e-02 1.176830e-01 8.490535e-02 1.008951e-01 1.262942e-01 1.772855e-01 1.323456e-01 8.685799e-02 1.243508e-01 1.042483e-01 7.496081e-02 3.906149e-02 7.947461e-02 3.030900e-02 8.285044e-02 1.089848e-01 5.716140e-02 6.174326e-02 3.349118e-01 7.496842e-02 5.998044e-02 1.587244e-01 2.723110e-01 1.213152e-01 3.423742e-01 2.537252e-01 2.509027e-01 
192 1921 0 0 0 1.195146e-01 9.310783e-02 1.169896e-01 8.576117e-02 1.017082e-01 1.261164e-01 1.775501e-01 1.329412e-01 8.684152e-02 1.235730e-01 1.036751e-01 7.519419e-02 3.903696e-02 7.952356e-02 3.054523e-02 8.380624e-02 1.087186e-01 5.777414e-02 6.217545e-02 3.361777e-01 7.503161e-02 5.947051e-02 1.588007e-01 2.712923e-01 1.215475e-01 3.402582e-01 2.547658e-01 2.507499e-01 
193 1931 0 0 0 1.210016e-01 9.399680e-02 1.151471e-01 8.563183e-02 1.020453e-01 1.249233e-01 1.775130e-01 1.315128e-01 8.680601e-02 1.231159e-01 1.037450e-01 7.577707e-02 3.925211e-02 8.056164e-02 3.045090e-02 8.523117e-02 1.105002e-01 5.773681e-02 6.220988e-02 3.365244e-01 7.494032e-02 5.899487e-02 1.570932e-01 2.710659e-01 1.213884e-01 3.395107e-01 2.565813e-01 2.502220e-01 
194 1941 0 0 0 1.214486e-01 9.490698e-02 1.158263e-01 8.558662e-02 1.022797e-01 1.253633e-01 1.763706e-01 1.314463e-01 8.590653e-02 1.230032e-01 1.038740e-01 7.648537e-02 3.933176e-02 8.104771e-02 3.009562e-02 8.566930e-02 1.103215e-01 5.794941e-02 6.198873e-02 3.367260e-01 7.477025e-02 5.858637e-02 1.561093e-01 2.713813e-01 1.218254e-01 3.383550e-01 2.572851e-01 2.506681e-01 
195 1951 0 0 0 1.206571e-01 9.477029e-02 1.150710e-01 8.503241e-02 1.021981e-01 1.255259e-01 1.764215e-01 1.319414e-01 8.587661e-02 1.234226e-01 1.032932e-01 7.603223e-02 3.915152e-02 8.134902e-02 3.005085e-02 8.556098e-02 1.108187e-01 5.847045e-02 6.165268e-02 3.340569e-01 7.445643e-02 5.924584e-02 1.559911e-01 2.710616e-01 1.206520e-01 3.381657e-01 2.570130e-01 2.511911e-01 
196 1961 0 0 0 1.210218e-01 9.581962e-02 1.153527e-01 8.501059e-02 1.030554e-01 1.255866e-01 1.758605e-01 1.334746e-01 8.665869e-02 1.230599e-01 1.033819e-01 7.633674e-02 3.950372e-02 8.059721e-02 2.994368e-02 8.538995e-02 1.112208e-01 5.830589e-02 6.178657e-02 3.332240e-01 7.426116e-02 5.942319e-02 1.570971e-01 2.728308e-01 1.210834e-01 3.406260e-01 2.558558e-01 2.517041e-01 
197 1971 0 0 0 1.217283e-01 9.552491e-02 1.165728e-01 8.554791e-02 1.033180e-01 1.259873e-01 1.748713e-01 1.324603e-01 8.743914e-02 1.228064e-01 1.041236e-01 7.602535e-02 3.914967e-02 8.035127e-02 3.001257e-02 8.543185e-02 1.124680e-01 5.924193e-02 6.195231e-02 3.308807e-01 7.364942e-02 5.965127e-02 1.570987e-01 2.723756e-01 1.213218e-01 3.387416e-01 2.559436e-01 2.533234e-01 
198 1981 0 0 0 1.221747e-01 9.541679e-02 1.156840e-01 8.520839e-02 1.033312e-01 1.263853e-01 1.748580e-01 1.328438e-01 8.792418e-02 1.228415e-01 1.037955e-01 7.668090e-02 3.842216e-02 8.031806e-02 2.976305e-02 8.555154e-02 1.119671e-01 5.908364e-02 6.196306e-02 3.296644e-01 7.420740e-02 5.982725e-02 1.561750e-01 2.701354e-01 1.213659e-01 3.375865e-01 2.560916e-01 2.519096e-01 
199 1991 0 0 0 1.213350e-01 9.517278e-02 1.152738e-01 8.653797e-02 1.030341e-01 1.262130e-01 1.748720e-01 1.347896e-01 8.802930e-02 1.236142e-01 1.046363e-01 7.732919e-02 3.838948e-02 8.010730e-02 2.976173e-02 8.616333e-02 1.126321e-01 5.839583e-02 6.188159e-02 3.334110e-01 7.560029e-02 5.996180e-02 1.583232e-01 2.729255e-01 1.210535e-01 3.394173e-01 2.586443e-01 2.536212e-01 
200 2001 0 0 0 1.212014e-01 9.491618e-02 1.156134e-01 8.688155e-02 1.021574e-01 1.259122e-01 1.738735e-01 1.344982e-01 8.723594e-02 1.239912e-01 1.048518e-01 7.793140e-02 3.846698e-02 8.015986e-02 2.972569e-02 8.736610e-02 1.113101e-01 5.835942e-02 6.210402e-02 3.328441e-01 7.644544e-02 5.968134e-02 1.572721e-01 2.726948e-01 1.212874e-01 3.407816e-01 2.576220e-01 2.525599e-01 
