%  columns=["iteration, evaluation, sigma, void, void, stds==sigma*sqrt(diag(C))" (startseed=210545, 2026/02/14 23:19:21.47)
1 11 3.930798e-02 0 0 1.339154e-02 1.085872e-02 1.340859e-02 1.023222e-02 9.669309e-03 1.226877e-02 1.945262e-02 1.817257e-02 1.176449e-02 1.299624e-02 1.223856e-02 9.804227e-03 5.457179e-03 1.074095e-02 3.353237e-03 1.083770e-02 1.559477e-02 6.400322e-03 6.660953e-03 3.664634e-02 9.972433e-03 8.495451e-03 1.879820e-02 3.534352e-02 1.326908e-02 3.927647e-02 2.721594e-02 2.442146e-02 
2 21 3.788744e-02 0 0 1.288325e-02 1.045227e-02 1.290559e-02 9.854116e-03 9.329687e-03 1.181420e-02 1.876449e-02 1.747993e-02 1.135472e-02 1.251283e-02 1.179785e-02 9.443490e-03 5.251388e-03 1.034371e-02 3.240166e-03 1.043667e-02 1.507206e-02 6.170185e-03 6.420793e-03 3.525870e-02 9.608027e-03 8.206519e-03 1.807079e-02 3.404984e-02 1.278844e-02 3.777074e-02 2.617910e-02 2.347678e-02 
3 31 3.681007e-02 0 0 1.249356e-02 1.017640e-02 1.251125e-02 9.554491e-03 9.046222e-03 1.146027e-02 1.820843e-02 1.694398e-02 1.103071e-02 1.213273e-02 1.147781e-02 9.165345e-03 5.092723e-03 1.003678e-02 3.152851e-03 1.013824e-02 1.463635e-02 5.983602e-03 6.234559e-03 3.423001e-02 9.324130e-03 7.978525e-03 1.751716e-02 3.310002e-02 1.239465e-02 3.669463e-02 2.545253e-02 2.276987e-02 
4 41 3.553663e-02 0 0 1.203957e-02 9.813389e-03 1.207058e-02 9.207797e-03 8.721567e-03 1.104700e-02 1.757549e-02 1.633244e-02 1.064993e-02 1.168979e-02 1.111995e-02 8.866441e-03 4.913260e-03 9.691453e-03 3.041479e-03 9.799279e-03 1.411612e-02 5.767891e-03 6.011902e-03 3.304302e-02 9.009627e-03 7.699230e-03 1.689438e-02 3.195000e-02 1.195262e-02 3.554239e-02 2.453143e-02 2.193712e-02 
5 51 3.427011e-02 0 0 1.157838e-02 9.447304e-03 1.163422e-02 8.875800e-03 8.399814e-03 1.062414e-02 1.691644e-02 1.572354e-02 1.025052e-02 1.127185e-02 1.071811e-02 8.540025e-03 4.741729e-03 9.341246e-03 2.932947e-03 9.440841e-03 1.362114e-02 5.552688e-03 5.811851e-03 3.182508e-02 8.670362e-03 7.425366e-03 1.626787e-02 3.075080e-02 1.150550e-02 3.437743e-02 2.361388e-02 2.111585e-02 
6 61 3.330215e-02 0 0 1.125186e-02 9.174193e-03 1.130155e-02 8.634150e-03 8.187759e-03 1.031347e-02 1.639693e-02 1.525644e-02 9.950629e-03 1.093135e-02 1.038768e-02 8.302516e-03 4.600660e-03 9.062911e-03 2.851944e-03 9.172698e-03 1.324243e-02 5.385851e-03 5.666898e-03 3.089041e-02 8.408974e-03 7.203602e-03 1.577262e-02 2.980894e-02 1.115605e-02 3.341019e-02 2.289850e-02 2.049632e-02 
7 71 3.272171e-02 0 0 1.104416e-02 9.007413e-03 1.110252e-02 8.485315e-03 8.039479e-03 1.013963e-02 1.608082e-02 1.497221e-02 9.776154e-03 1.072031e-02 1.019404e-02 8.148844e-03 4.516581e-03 8.919429e-03 2.818269e-03 8.996893e-03 1.299899e-02 5.281228e-03 5.575385e-03 3.029113e-02 8.244017e-03 7.063841e-03 1.550612e-02 2.926474e-02 1.096178e-02 3.280591e-02 2.245397e-02 2.010383e-02 
8 81 3.173825e-02 0 0 1.072309e-02 8.728970e-03 1.074874e-02 8.222230e-03 7.793151e-03 9.822415e-03 1.557366e-02 1.457403e-02 9.465099e-03 1.037625e-02 9.877669e-03 7.919245e-03 4.373484e-03 8.658349e-03 2.738346e-03 8.711467e-03 1.258493e-02 5.114837e-03 5.404619e-03 2.934774e-02 7.983773e-03 6.836144e-03 1.501809e-02 2.837605e-02 1.060681e-02 3.177567e-02 2.172410e-02 1.944834e-02 
9 91 3.089354e-02 0 0 1.041676e-02 8.497493e-03 1.046348e-02 8.022111e-03 7.587130e-03 9.555034e-03 1.514959e-02 1.418972e-02 9.204170e-03 1.009324e-02 9.612308e-03 7.743468e-03 4.254562e-03 8.419625e-03 2.664191e-03 8.468311e-03 1.222615e-02 4.971670e-03 5.269266e-03 2.850195e-02 7.765178e-03 6.649269e-03 1.459395e-02 2.757682e-02 1.031112e-02 3.095453e-02 2.112419e-02 1.890513e-02 
10 101 3.024728e-02 0 0 1.017322e-02 8.321793e-03 1.024010e-02 7.875806e-03 7.425834e-03 9.371475e-03 1.495636e-02 1.390779e-02 9.001386e-03 9.877922e-03 9.391377e-03 7.573852e-03 4.180468e-03 8.228415e-03 2.609213e-03 8.293683e-03 1.195473e-02 4.855877e-03 5.158353e-03 2.783707e-02 7.583458e-03 6.503218e-03 1.426798e-02 2.694793e-02 1.007489e-02 3.024901e-02 2.064889e-02 1.846427e-02 
11 111 2.905053e-02 0 0 9.758750e-03 7.992430e-03 9.835702e-03 7.570654e-03 7.126292e-03 8.993735e-03 1.438474e-02 1.333558e-02 8.650786e-03 9.469704e-03 9.002855e-03 7.262717e-03 4.015268e-03 7.888973e-03 2.501943e-03 7.953694e-03 1.148684e-02 4.656475e-03 4.948723e-03 2.668771e-02 7.272897e-03 6.229045e-03 1.367996e-02 2.582445e-02 9.703200e-03 2.901744e-02 1.978535e-02 1.772631e-02 
12 121 2.780239e-02 0 0 9.325925e-03 7.641132e-03 9.394932e-03 7.258408e-03 6.809347e-03 8.608738e-03 1.374095e-02 1.275794e-02 8.264092e-03 9.057307e-03 8.599608e-03 6.938184e-03 3.845364e-03 7.530717e-03 2.392589e-03 7.603627e-03 1.096763e-02 4.456150e-03 4.731869e-03 2.548411e-02 6.954740e-03 5.960944e-03 1.308171e-02 2.468942e-02 9.273663e-03 2.770754e-02 1.889427e-02 1.693225e-02 
13 131 2.710650e-02 0 0 9.081019e-03 7.441332e-03 9.138500e-03 7.087130e-03 6.644861e-03 8.482707e-03 1.338582e-02 1.242322e-02 8.045272e-03 8.817342e-03 8.370915e-03 6.766488e-03 3.743933e-03 7.344063e-03 2.330324e-03 7.400004e-03 1.067781e-02 4.347516e-03 4.608622e-03 2.478579e-02 6.762776e-03 5.801186e-03 1.276285e-02 2.402833e-02 9.032756e-03 2.699343e-02 1.838510e-02 1.647656e-02 
14 141 2.607076e-02 0 0 8.718774e-03 7.147489e-03 8.792663e-03 6.814801e-03 6.387160e-03 8.181020e-03 1.284410e-02 1.194156e-02 7.724992e-03 8.461981e-03 8.045275e-03 6.502274e-03 3.595086e-03 7.052299e-03 2.238918e-03 7.130227e-03 1.024522e-02 4.179531e-03 4.440699e-03 2.378605e-02 6.527521e-03 5.577887e-03 1.227788e-02 2.307351e-02 8.687647e-03 2.596991e-02 1.765015e-02 1.583121e-02 
15 151 2.552328e-02 0 0 8.523624e-03 6.980004e-03 8.606226e-03 6.670168e-03 6.254515e-03 8.002543e-03 1.254340e-02 1.169203e-02 7.548291e-03 8.278683e-03 7.866433e-03 6.372738e-03 3.514619e-03 6.931025e-03 2.193949e-03 6.966999e-03 1.000920e-02 4.089719e-03 4.342509e-03 2.323725e-02 6.386869e-03 5.448907e-03 1.201475e-02 2.255129e-02 8.535913e-03 2.537954e-02 1.723711e-02 1.554465e-02 
16 161 2.525117e-02 0 0 8.421795e-03 6.893790e-03 8.515302e-03 6.590128e-03 6.179603e-03 7.901247e-03 1.239093e-02 1.154194e-02 7.458875e-03 8.172839e-03 7.817412e-03 6.291635e-03 3.470939e-03 6.869123e-03 2.170963e-03 6.877984e-03 9.940356e-03 4.048035e-03 4.288504e-03 2.295698e-02 6.314840e-03 5.384623e-03 1.187146e-02 2.227347e-02 8.506565e-03 2.505769e-02 1.702670e-02 1.537800e-02 
17 171 2.453995e-02 0 0 8.193399e-03 6.687884e-03 8.271272e-03 6.417515e-03 6.008807e-03 7.679321e-03 1.206274e-02 1.121367e-02 7.237645e-03 7.930298e-03 7.610930e-03 6.106846e-03 3.368653e-03 6.673983e-03 2.110375e-03 6.683872e-03 9.641550e-03 3.929713e-03 4.163750e-03 2.227044e-02 6.135522e-03 5.232963e-03 1.151822e-02 2.159672e-02 8.269743e-03 2.432464e-02 1.651134e-02 1.495661e-02 
18 181 2.385971e-02 0 0 7.973101e-03 6.498296e-03 8.049040e-03 6.230797e-03 5.837310e-03 7.464933e-03 1.172200e-02 1.090963e-02 7.037457e-03 7.704036e-03 7.382726e-03 5.941581e-03 3.268714e-03 6.488662e-03 2.050185e-03 6.498302e-03 9.353589e-03 3.820962e-03 4.059548e-03 2.161835e-02 5.978129e-03 5.085829e-03 1.118992e-02 2.094492e-02 8.036409e-03 2.359923e-02 1.604204e-02 1.451132e-02 
19 191 2.301711e-02 0 0 7.685842e-03 6.257572e-03 7.759093e-03 5.995559e-03 5.617699e-03 7.191161e-03 1.132972e-02 1.053810e-02 6.778184e-03 7.412719e-03 7.148205e-03 5.719503e-03 3.149306e-03 6.268375e-03 1.975560e-03 6.285735e-03 9.011246e-03 3.701869e-03 3.912612e-03 2.080742e-02 5.764588e-03 4.905066e-03 1.077989e-02 2.015391e-02 7.743742e-03 2.272756e-02 1.543769e-02 1.396669e-02 
20 201 2.215161e-02 0 0 7.382498e-03 6.019493e-03 7.466137e-03 5.760032e-03 5.400766e-03 6.916005e-03 1.088392e-02 1.016164e-02 6.509676e-03 7.140000e-03 6.888769e-03 5.502600e-03 3.024075e-03 6.030386e-03 1.906884e-03 6.040676e-03 8.656406e-03 3.562518e-03 3.756860e-03 1.998411e-02 5.540493e-03 4.717603e-03 1.036113e-02 1.935748e-02 7.434047e-03 2.185100e-02 1.482638e-02 1.341751e-02 
21 211 2.172819e-02 0 0 7.226949e-03 5.895475e-03 7.327906e-03 5.643286e-03 5.304590e-03 6.800153e-03 1.068109e-02 9.947290e-03 6.387486e-03 7.009414e-03 6.778143e-03 5.397944e-03 2.964895e-03 5.910426e-03 1.879237e-03 5.932530e-03 8.474776e-03 3.493585e-03 3.684458e-03 1.957312e-02 5.431765e-03 4.629633e-03 1.014013e-02 1.894155e-02 7.281028e-03 2.141457e-02 1.452051e-02 1.317214e-02 
22 221 2.129181e-02 0 0 7.070065e-03 5.765598e-03 7.174277e-03 5.519630e-03 5.186390e-03 6.657261e-03 1.045567e-02 9.728785e-03 6.244585e-03 6.894860e-03 6.642689e-03 5.276271e-03 2.904419e-03 5.783306e-03 1.849951e-03 5.814233e-03 8.290323e-03 3.421523e-03 3.604162e-03 1.915529e-02 5.323099e-03 4.528014e-03 9.919962e-03 1.852079e-02 7.119678e-03 2.093827e-02 1.419442e-02 1.288554e-02 
23 231 2.111806e-02 0 0 6.998574e-03 5.706898e-03 7.104230e-03 5.463659e-03 5.140243e-03 6.590810e-03 1.035083e-02 9.635692e-03 6.182054e-03 6.928349e-03 6.598681e-03 5.225984e-03 2.878600e-03 5.726617e-03 1.849005e-03 5.762765e-03 8.204033e-03 3.387198e-03 3.566240e-03 1.896450e-02 5.267989e-03 4.492688e-03 9.830500e-03 1.835869e-02 7.068824e-03 2.073233e-02 1.404397e-02 1.276692e-02 
24 241 2.063951e-02 0 0 6.825734e-03 5.591080e-03 6.938681e-03 5.327530e-03 5.013928e-03 6.428191e-03 1.009019e-02 9.422740e-03 6.032117e-03 6.804139e-03 6.454439e-03 5.099955e-03 2.808829e-03 5.586164e-03 1.813209e-03 5.652314e-03 8.000301e-03 3.306627e-03 3.488421e-03 1.851677e-02 5.148174e-03 4.382079e-03 9.584968e-03 1.791328e-02 6.906440e-03 2.022985e-02 1.369755e-02 1.248527e-02 
25 251 2.039302e-02 0 0 6.761489e-03 5.523433e-03 6.874666e-03 5.251217e-03 4.954437e-03 6.351457e-03 9.953147e-03 9.307014e-03 5.945816e-03 6.768008e-03 6.380661e-03 5.028674e-03 2.769228e-03 5.516452e-03 1.790978e-03 5.594501e-03 7.893429e-03 3.259771e-03 3.447215e-03 1.828004e-02 5.081755e-03 4.339778e-03 9.466231e-03 1.768777e-02 6.857102e-03 1.994935e-02 1.350392e-02 1.232053e-02 
26 261 1.981202e-02 0 0 6.578131e-03 5.359536e-03 6.683016e-03 5.099211e-03 4.801895e-03 6.160920e-03 9.649245e-03 9.021388e-03 5.767897e-03 6.593650e-03 6.187727e-03 4.876149e-03 2.688414e-03 5.363868e-03 1.739537e-03 5.441419e-03 7.652248e-03 3.162524e-03 3.346248e-03 1.771974e-02 4.934627e-03 4.216708e-03 9.181548e-03 1.715151e-02 6.653955e-03 1.934671e-02 1.308998e-02 1.195106e-02 
27 271 1.914149e-02 0 0 6.341614e-03 5.171476e-03 6.451216e-03 4.933297e-03 4.631091e-03 5.964342e-03 9.299171e-03 8.704682e-03 5.559716e-03 6.379188e-03 5.986214e-03 4.718984e-03 2.595934e-03 5.175979e-03 1.682152e-03 5.252964e-03 7.409587e-03 3.058069e-03 3.226150e-03 1.708775e-02 4.781464e-03 4.075618e-03 8.859341e-03 1.653350e-02 6.426133e-03 1.866279e-02 1.263853e-02 1.154215e-02 
28 281 1.885060e-02 0 0 6.233846e-03 5.094566e-03 6.354412e-03 4.854755e-03 4.560641e-03 5.892444e-03 9.155368e-03 8.558799e-03 5.491410e-03 6.290712e-03 5.884345e-03 4.656962e-03 2.553387e-03 5.091440e-03 1.653167e-03 5.192210e-03 7.290101e-03 3.004784e-03 3.173968e-03 1.678697e-02 4.702090e-03 4.015326e-03 8.714815e-03 1.626274e-02 6.313930e-03 1.833260e-02 1.241933e-02 1.134680e-02 
29 291 1.845566e-02 0 0 6.100128e-03 4.976747e-03 6.210083e-03 4.743257e-03 4.458646e-03 5.773241e-03 8.955519e-03 8.358312e-03 5.376130e-03 6.153880e-03 5.749163e-03 4.554888e-03 2.498018e-03 4.981022e-03 1.616396e-03 5.098454e-03 7.146584e-03 2.948257e-03 3.101292e-03 1.642093e-02 4.598718e-03 3.930008e-03 8.523293e-03 1.591334e-02 6.168028e-03 1.793253e-02 1.213973e-02 1.110556e-02 
30 301 1.808111e-02 0 0 5.983648e-03 4.866026e-03 6.067511e-03 4.642310e-03 4.367508e-03 5.708692e-03 8.800657e-03 8.174302e-03 5.263042e-03 6.024583e-03 5.619499e-03 4.451709e-03 2.444531e-03 4.877860e-03 1.580868e-03 4.995899e-03 7.013470e-03 2.883637e-03 3.032791e-03 1.606508e-02 4.505627e-03 3.851151e-03 8.332240e-03 1.560509e-02 6.029945e-03 1.752918e-02 1.186358e-02 1.085253e-02 
31 311 1.758266e-02 0 0 5.824894e-03 4.723021e-03 5.892922e-03 4.511440e-03 4.236551e-03 5.574884e-03 8.543508e-03 7.934282e-03 5.110051e-03 5.857661e-03 5.461991e-03 4.323089e-03 2.378927e-03 4.766942e-03 1.534895e-03 4.858690e-03 6.839764e-03 2.798557e-03 2.946450e-03 1.558835e-02 4.377205e-03 3.741186e-03 8.110559e-03 1.516413e-02 5.849320e-03 1.701122e-02 1.151902e-02 1.054485e-02 
32 321 1.724784e-02 0 0 5.700504e-03 4.634441e-03 5.767653e-03 4.419179e-03 4.146372e-03 5.477069e-03 8.374663e-03 7.778244e-03 5.013721e-03 5.734211e-03 5.358453e-03 4.248175e-03 2.335299e-03 4.671467e-03 1.507566e-03 4.754552e-03 6.713104e-03 2.739726e-03 2.884149e-03 1.524940e-02 4.288952e-03 3.672908e-03 7.948536e-03 1.485118e-02 5.722883e-03 1.666389e-02 1.128443e-02 1.033835e-02 
33 331 1.689285e-02 0 0 5.573979e-03 4.529459e-03 5.644156e-03 4.321977e-03 4.063730e-03 5.375937e-03 8.217352e-03 7.605994e-03 4.912340e-03 5.606861e-03 5.237219e-03 4.154278e-03 2.290120e-03 4.566844e-03 1.481224e-03 4.658052e-03 6.570022e-03 2.687776e-03 2.818718e-03 1.491028e-02 4.190224e-03 3.597673e-03 7.785508e-03 1.451752e-02 5.590863e-03 1.628473e-02 1.103797e-02 1.011043e-02 
34 341 1.637267e-02 0 0 5.395639e-03 4.380243e-03 5.460434e-03 4.187828e-03 3.940135e-03 5.208081e-03 7.956344e-03 7.368379e-03 4.755788e-03 5.432651e-03 5.084582e-03 4.027814e-03 2.228246e-03 4.417710e-03 1.437143e-03 4.504794e-03 6.362354e-03 2.601595e-03 2.728986e-03 1.442110e-02 4.058031e-03 3.483689e-03 7.536172e-03 1.409638e-02 5.410756e-03 1.575145e-02 1.067297e-02 9.783382e-03 
35 351 1.606270e-02 0 0 5.282354e-03 4.288251e-03 5.349412e-03 4.105555e-03 3.858565e-03 5.104037e-03 7.806389e-03 7.220131e-03 4.672448e-03 5.319363e-03 5.032361e-03 3.947123e-03 2.187411e-03 4.324462e-03 1.408053e-03 4.418593e-03 6.243190e-03 2.549782e-03 2.675096e-03 1.412235e-02 3.973390e-03 3.421264e-03 7.379047e-03 1.379464e-02 5.324394e-03 1.543391e-02 1.044709e-02 9.597154e-03 
36 361 1.544190e-02 0 0 5.070297e-03 4.118669e-03 5.136520e-03 3.947059e-03 3.704451e-03 4.905462e-03 7.519824e-03 6.949200e-03 4.488195e-03 5.099733e-03 4.840542e-03 3.799483e-03 2.106875e-03 4.149278e-03 1.351084e-03 4.237804e-03 5.995049e-03 2.449268e-03 2.581636e-03 1.354626e-02 3.821048e-03 3.293488e-03 7.094711e-03 1.323423e-02 5.115278e-03 1.481281e-02 1.004211e-02 9.204243e-03 
37 371 1.510563e-02 0 0 4.961013e-03 4.025001e-03 5.018166e-03 3.855784e-03 3.628185e-03 4.793981e-03 7.365727e-03 6.807456e-03 4.387974e-03 4.985709e-03 4.735996e-03 3.726754e-03 2.057657e-03 4.064427e-03 1.319691e-03 4.139804e-03 5.849688e-03 2.402495e-03 2.519837e-03 1.323734e-02 3.730327e-03 3.222924e-03 6.929693e-03 1.292456e-02 4.995943e-03 1.448657e-02 9.804174e-03 8.987522e-03 
38 381 1.495600e-02 0 0 4.905448e-03 3.978643e-03 4.966139e-03 3.817934e-03 3.586930e-03 4.747067e-03 7.287843e-03 6.739481e-03 4.356273e-03 4.932867e-03 4.689421e-03 3.690300e-03 2.037875e-03 4.034234e-03 1.305187e-03 4.089570e-03 5.782784e-03 2.378556e-03 2.503650e-03 1.308970e-02 3.694333e-03 3.192680e-03 6.851719e-03 1.279982e-02 4.964190e-03 1.432217e-02 9.689887e-03 8.878322e-03 
39 391 1.471378e-02 0 0 4.820075e-03 3.910985e-03 4.873178e-03 3.754829e-03 3.523214e-03 4.676702e-03 7.185800e-03 6.634520e-03 4.287504e-03 4.846211e-03 4.640402e-03 3.625871e-03 2.005202e-03 3.972269e-03 1.286513e-03 4.016792e-03 5.685605e-03 2.336369e-03 2.462655e-03 1.286546e-02 3.629280e-03 3.141862e-03 6.731473e-03 1.257807e-02 4.882022e-03 1.407541e-02 9.516742e-03 8.714382e-03 
40 401 1.411115e-02 0 0 4.614862e-03 3.746112e-03 4.681719e-03 3.595411e-03 3.373907e-03 4.486679e-03 6.884088e-03 6.357892e-03 4.106115e-03 4.641583e-03 4.455577e-03 3.473146e-03 1.919689e-03 3.808059e-03 1.230895e-03 3.844120e-03 5.469517e-03 2.243487e-03 2.357506e-03 1.232075e-02 3.480462e-03 3.010439e-03 6.446674e-03 1.204260e-02 4.682782e-03 1.348687e-02 9.109535e-03 8.340378e-03 
41 411 1.390123e-02 0 0 4.538683e-03 3.689113e-03 4.615191e-03 3.535878e-03 3.325955e-03 4.413722e-03 6.777248e-03 6.254225e-03 4.034560e-03 4.565805e-03 4.396372e-03 3.421237e-03 1.889634e-03 3.751887e-03 1.213153e-03 3.779089e-03 5.387197e-03 2.207593e-03 2.323743e-03 1.211126e-02 3.427683e-03 2.963480e-03 6.343524e-03 1.189074e-02 4.612392e-03 1.326905e-02 8.950338e-03 8.198299e-03 
42 421 1.357726e-02 0 0 4.431566e-03 3.598535e-03 4.502424e-03 3.456612e-03 3.253934e-03 4.302908e-03 6.606727e-03 6.106252e-03 3.932995e-03 4.449214e-03 4.311842e-03 3.343522e-03 1.841806e-03 3.662354e-03 1.184006e-03 3.685501e-03 5.264235e-03 2.152073e-03 2.265408e-03 1.183541e-02 3.342463e-03 2.890808e-03 6.184228e-03 1.160509e-02 4.510067e-03 1.295020e-02 8.730003e-03 7.992978e-03 
43 431 1.319926e-02 0 0 4.301769e-03 3.493943e-03 4.370291e-03 3.352298e-03 3.159018e-03 4.175922e-03 6.408211e-03 5.938341e-03 3.831269e-03 4.331673e-03 4.200409e-03 3.245435e-03 1.789207e-03 3.558554e-03 1.149335e-03 3.576612e-03 5.124252e-03 2.088461e-03 2.200742e-03 1.152587e-02 3.246970e-03 2.806576e-03 6.004933e-03 1.127723e-02 4.384503e-03 1.257832e-02 8.468119e-03 7.760477e-03 
44 441 1.267621e-02 0 0 4.127062e-03 3.350528e-03 4.186491e-03 3.214604e-03 3.028249e-03 4.004200e-03 6.150725e-03 5.694087e-03 3.673718e-03 4.155103e-03 4.039181e-03 3.112889e-03 1.713709e-03 3.410443e-03 1.104351e-03 3.435467e-03 4.923004e-03 2.003876e-03 2.109066e-03 1.105468e-02 3.118775e-03 2.691747e-03 5.758649e-03 1.081814e-02 4.204227e-03 1.209607e-02 8.113286e-03 7.436555e-03 
45 451 1.215264e-02 0 0 3.948915e-03 3.206530e-03 4.007366e-03 3.076389e-03 2.899549e-03 3.838847e-03 5.895789e-03 5.458687e-03 3.538022e-03 3.976605e-03 3.878036e-03 2.984502e-03 1.642889e-03 3.274610e-03 1.060033e-03 3.288956e-03 4.715073e-03 1.916960e-03 2.017778e-03 1.058528e-02 2.983232e-03 2.576283e-03 5.511104e-03 1.035960e-02 4.024140e-03 1.157459e-02 7.769554e-03 7.115276e-03 
46 461 1.164673e-02 0 0 3.781595e-03 3.070328e-03 3.842666e-03 2.944464e-03 2.775394e-03 3.672730e-03 5.663999e-03 5.231384e-03 3.394407e-03 3.804510e-03 3.712296e-03 2.857311e-03 1.575747e-03 3.132237e-03 1.018855e-03 3.151747e-03 4.513884e-03 1.833544e-03 1.931636e-03 1.012612e-02 2.856222e-03 2.468847e-03 5.269466e-03 9.906782e-03 3.854459e-03 1.109283e-02 7.432166e-03 6.812770e-03 
47 471 1.110153e-02 0 0 3.605167e-03 2.929289e-03 3.656379e-03 2.801316e-03 2.655918e-03 3.495973e-03 5.387362e-03 4.977824e-03 3.245515e-03 3.620545e-03 3.541665e-03 2.722740e-03 1.499344e-03 2.979522e-03 9.693413e-04 3.004612e-03 4.305746e-03 1.745542e-03 1.839548e-03 9.635930e-03 2.716206e-03 2.349587e-03 5.015673e-03 9.441192e-03 3.678211e-03 1.056277e-02 7.070571e-03 6.477977e-03 
48 481 1.081591e-02 0 0 3.508856e-03 2.850220e-03 3.554506e-03 2.727776e-03 2.585714e-03 3.435811e-03 5.239824e-03 4.841589e-03 3.158242e-03 3.534926e-03 3.450927e-03 2.650720e-03 1.459920e-03 2.896105e-03 9.433182e-04 2.921057e-03 4.186699e-03 1.697067e-03 1.790452e-03 9.371981e-03 2.642882e-03 2.293271e-03 4.882044e-03 9.203915e-03 3.583699e-03 1.026597e-02 6.874640e-03 6.300311e-03 
49 491 1.065589e-02 0 0 3.452659e-03 2.804078e-03 3.494459e-03 2.684751e-03 2.543931e-03 3.414344e-03 5.153427e-03 4.763955e-03 3.114123e-03 3.481986e-03 3.393687e-03 2.611397e-03 1.438672e-03 2.848144e-03 9.290973e-04 2.872475e-03 4.133481e-03 1.668482e-03 1.761247e-03 9.224228e-03 2.598951e-03 2.256788e-03 4.805116e-03 9.063826e-03 3.528561e-03 1.012880e-02 6.758807e-03 6.205265e-03 
50 501 1.074445e-02 0 0 3.476440e-03 2.823639e-03 3.523102e-03 2.707409e-03 2.563349e-03 3.478930e-03 5.205817e-03 4.797237e-03 3.134034e-03 3.504315e-03 3.413428e-03 2.633593e-03 1.452355e-03 2.873991e-03 9.359290e-04 2.890958e-03 4.189403e-03 1.680765e-03 1.783867e-03 9.277136e-03 2.618208e-03 2.272632e-03 4.843856e-03 9.145601e-03 3.555648e-03 1.019616e-02 6.803064e-03 6.248326e-03 
51 511 1.060232e-02 0 0 3.424220e-03 2.783365e-03 3.467691e-03 2.667010e-03 2.525740e-03 3.456868e-03 5.137335e-03 4.727570e-03 3.086419e-03 3.449144e-03 3.360838e-03 2.598707e-03 1.433728e-03 2.835593e-03 9.218416e-04 2.846034e-03 4.134988e-03 1.655052e-03 1.758921e-03 9.146216e-03 2.581838e-03 2.240151e-03 4.776071e-03 9.014450e-03 3.505404e-03 1.004127e-02 6.701344e-03 6.149248e-03 
52 521 1.042751e-02 0 0 3.362242e-03 2.736017e-03 3.403745e-03 2.620791e-03 2.482144e-03 3.409764e-03 5.045460e-03 4.640328e-03 3.031940e-03 3.390933e-03 3.297311e-03 2.557398e-03 1.410090e-03 2.793201e-03 9.057662e-04 2.792114e-03 4.061487e-03 1.629164e-03 1.731607e-03 8.986695e-03 2.537245e-03 2.200978e-03 4.702475e-03 8.866113e-03 3.440913e-03 9.850541e-03 6.602340e-03 6.040743e-03 
53 531 1.013771e-02 0 0 3.264377e-03 2.663520e-03 3.305690e-03 2.542746e-03 2.409282e-03 3.317685e-03 4.909491e-03 4.503531e-03 2.948201e-03 3.289074e-03 3.201061e-03 2.489564e-03 1.369190e-03 2.714690e-03 8.794159e-04 2.708234e-03 3.951494e-03 1.582696e-03 1.686233e-03 8.727818e-03 2.464023e-03 2.134486e-03 4.565534e-03 8.615957e-03 3.339010e-03 9.560179e-03 6.411596e-03 5.862429e-03 
54 541 9.976243e-03 0 0 3.206017e-03 2.618995e-03 3.253345e-03 2.503669e-03 2.370953e-03 3.263159e-03 4.822014e-03 4.435806e-03 2.904621e-03 3.234003e-03 3.143660e-03 2.449952e-03 1.346549e-03 2.680345e-03 8.638921e-04 2.665836e-03 3.886507e-03 1.558116e-03 1.662433e-03 8.577503e-03 2.422606e-03 2.097717e-03 4.483680e-03 8.465029e-03 3.288311e-03 9.387065e-03 6.299373e-03 5.758363e-03 
55 551 9.828313e-03 0 0 3.157035e-03 2.588593e-03 3.200069e-03 2.463780e-03 2.335565e-03 3.213855e-03 4.747056e-03 4.369335e-03 2.865704e-03 3.179011e-03 3.098775e-03 2.408802e-03 1.325011e-03 2.641455e-03 8.502905e-04 2.621453e-03 3.844733e-03 1.534791e-03 1.638602e-03 8.437951e-03 2.388188e-03 2.064270e-03 4.409772e-03 8.319494e-03 3.238684e-03 9.236762e-03 6.190616e-03 5.659679e-03 
56 561 9.755591e-03 0 0 3.128551e-03 2.566933e-03 3.170831e-03 2.439461e-03 2.318884e-03 3.184510e-03 4.702987e-03 4.330277e-03 2.852692e-03 3.147507e-03 3.071970e-03 2.387457e-03 1.313739e-03 2.624930e-03 8.448874e-04 2.606567e-03 3.824575e-03 1.527270e-03 1.630386e-03 8.362832e-03 2.365452e-03 2.047286e-03 4.374652e-03 8.241233e-03 3.210030e-03 9.173270e-03 6.137442e-03 5.606584e-03 
57 571 9.602398e-03 0 0 3.071862e-03 2.524731e-03 3.120777e-03 2.395309e-03 2.278885e-03 3.135986e-03 4.620300e-03 4.270554e-03 2.810514e-03 3.095556e-03 3.023472e-03 2.365907e-03 1.295470e-03 2.585489e-03 8.310221e-04 2.562743e-03 3.762501e-03 1.502040e-03 1.608210e-03 8.235290e-03 2.322904e-03 2.014967e-03 4.337611e-03 8.123630e-03 3.154640e-03 9.010173e-03 6.029912e-03 5.510137e-03 
58 581 9.472294e-03 0 0 3.034289e-03 2.486910e-03 3.072732e-03 2.358033e-03 2.254403e-03 3.095497e-03 4.558185e-03 4.205867e-03 2.773701e-03 3.054597e-03 2.980415e-03 2.337779e-03 1.275523e-03 2.548592e-03 8.198413e-04 2.524110e-03 3.708945e-03 1.482444e-03 1.586521e-03 8.116682e-03 2.289845e-03 1.983699e-03 4.274026e-03 8.007811e-03 3.109041e-03 8.883996e-03 5.935475e-03 5.424353e-03 
59 591 9.658404e-03 0 0 3.088665e-03 2.539099e-03 3.125552e-03 2.405033e-03 2.298769e-03 3.154570e-03 4.641775e-03 4.284379e-03 2.832390e-03 3.112520e-03 3.037047e-03 2.389551e-03 1.299242e-03 2.605246e-03 8.454529e-04 2.567277e-03 3.778736e-03 1.512420e-03 1.640957e-03 8.284257e-03 2.329558e-03 2.017675e-03 4.353889e-03 8.151163e-03 3.174726e-03 9.057278e-03 6.041260e-03 5.522315e-03 
60 601 9.585112e-03 0 0 3.060955e-03 2.518210e-03 3.096483e-03 2.387307e-03 2.282533e-03 3.125832e-03 4.609739e-03 4.241366e-03 2.813528e-03 3.093202e-03 3.012882e-03 2.374694e-03 1.287548e-03 2.584576e-03 8.400944e-04 2.547406e-03 3.747945e-03 1.500966e-03 1.636849e-03 8.200330e-03 2.307570e-03 1.998296e-03 4.311001e-03 8.086220e-03 3.148991e-03 8.984437e-03 5.981204e-03 5.468318e-03 
61 611 9.439863e-03 0 0 3.011783e-03 2.476853e-03 3.053176e-03 2.348532e-03 2.246903e-03 3.071870e-03 4.530446e-03 4.173331e-03 2.772913e-03 3.055379e-03 2.963433e-03 2.340226e-03 1.268401e-03 2.550586e-03 8.287188e-04 2.504803e-03 3.686439e-03 1.478122e-03 1.621614e-03 8.055567e-03 2.266889e-03 1.966966e-03 4.238150e-03 7.965801e-03 3.102777e-03 8.849175e-03 5.877960e-03 5.374432e-03 
62 621 9.242066e-03 0 0 2.952028e-03 2.427214e-03 2.996918e-03 2.310032e-03 2.197165e-03 3.002360e-03 4.427615e-03 4.102274e-03 2.711827e-03 2.992198e-03 2.896823e-03 2.286243e-03 1.240805e-03 2.493867e-03 8.107914e-04 2.448221e-03 3.605303e-03 1.444650e-03 1.595506e-03 7.898823e-03 2.215727e-03 1.925474e-03 4.145390e-03 7.783884e-03 3.031132e-03 8.648539e-03 5.742091e-03 5.249393e-03 
63 631 8.897103e-03 0 0 2.835776e-03 2.335911e-03 2.879773e-03 2.221055e-03 2.110899e-03 2.885109e-03 4.255394e-03 3.952296e-03 2.608615e-03 2.875043e-03 2.785084e-03 2.199044e-03 1.192136e-03 2.398922e-03 7.813203e-04 2.354539e-03 3.465570e-03 1.389350e-03 1.537052e-03 7.596544e-03 2.131017e-03 1.853197e-03 3.982718e-03 7.480912e-03 2.916628e-03 8.313343e-03 5.520789e-03 5.043875e-03 
64 641 8.565858e-03 0 0 2.725201e-03 2.244435e-03 2.769321e-03 2.136410e-03 2.032656e-03 2.775022e-03 4.089248e-03 3.804992e-03 2.512586e-03 2.767417e-03 2.677188e-03 2.122584e-03 1.145790e-03 2.309842e-03 7.504774e-04 2.265040e-03 3.328596e-03 1.335030e-03 1.483837e-03 7.309439e-03 2.047663e-03 1.780568e-03 3.834939e-03 7.190681e-03 2.804209e-03 8.006910e-03 5.301587e-03 4.848144e-03 
65 651 8.301836e-03 0 0 2.638539e-03 2.170206e-03 2.679826e-03 2.065734e-03 1.969427e-03 2.682699e-03 3.954952e-03 3.693542e-03 2.432662e-03 2.688611e-03 2.589610e-03 2.060102e-03 1.109135e-03 2.241561e-03 7.258075e-04 2.192254e-03 3.219436e-03 1.291069e-03 1.441756e-03 7.074599e-03 1.990000e-03 1.725338e-03 3.718833e-03 7.008729e-03 2.716233e-03 7.771054e-03 5.129187e-03 4.688951e-03 
66 661 8.010255e-03 0 0 2.539687e-03 2.091963e-03 2.581071e-03 1.990329e-03 1.897739e-03 2.595151e-03 3.809196e-03 3.562842e-03 2.346240e-03 2.591144e-03 2.495431e-03 1.995942e-03 1.067491e-03 2.157849e-03 7.001657e-04 2.111849e-03 3.114331e-03 1.244837e-03 1.390835e-03 6.821637e-03 1.924000e-03 1.665638e-03 3.582914e-03 6.757468e-03 2.619459e-03 7.494641e-03 4.942087e-03 4.515088e-03 
67 671 7.770261e-03 0 0 2.466255e-03 2.025839e-03 2.517570e-03 1.929633e-03 1.836417e-03 2.516065e-03 3.686049e-03 3.465196e-03 2.273427e-03 2.511190e-03 2.415788e-03 1.937009e-03 1.034501e-03 2.091272e-03 6.779627e-04 2.047656e-03 3.016780e-03 1.205330e-03 1.347461e-03 6.609156e-03 1.881073e-03 1.612358e-03 3.468389e-03 6.561962e-03 2.536549e-03 7.261574e-03 4.793802e-03 4.369902e-03 
68 681 7.562890e-03 0 0 2.400835e-03 1.969082e-03 2.450207e-03 1.876962e-03 1.784465e-03 2.446281e-03 3.588101e-03 3.371240e-03 2.207494e-03 2.441629e-03 2.347480e-03 1.884016e-03 1.005483e-03 2.034115e-03 6.592764e-04 1.998892e-03 2.929275e-03 1.170877e-03 1.310157e-03 6.417623e-03 1.841023e-03 1.566972e-03 3.371752e-03 6.375923e-03 2.469523e-03 7.054657e-03 4.659576e-03 4.251930e-03 
69 691 7.338073e-03 0 0 2.325893e-03 1.907897e-03 2.371908e-03 1.821091e-03 1.728560e-03 2.369960e-03 3.478589e-03 3.284328e-03 2.142959e-03 2.371689e-03 2.293005e-03 1.826134e-03 9.746947e-04 1.972766e-03 6.380386e-04 1.939009e-03 2.843167e-03 1.134757e-03 1.269283e-03 6.215496e-03 1.789295e-03 1.516767e-03 3.266291e-03 6.173167e-03 2.398324e-03 6.841040e-03 4.521881e-03 4.123324e-03 
70 701 7.115056e-03 0 0 2.252901e-03 1.849546e-03 2.299441e-03 1.761724e-03 1.673970e-03 2.295116e-03 3.369632e-03 3.183954e-03 2.073626e-03 2.296311e-03 2.224153e-03 1.771520e-03 9.435035e-04 1.914176e-03 6.181540e-04 1.875504e-03 2.752823e-03 1.097998e-03 1.227542e-03 6.016073e-03 1.735399e-03 1.471186e-03 3.160687e-03 5.972668e-03 2.320510e-03 6.621979e-03 4.374038e-03 4.014678e-03 
71 711 6.914553e-03 0 0 2.200342e-03 1.794998e-03 2.233622e-03 1.709410e-03 1.622674e-03 2.229913e-03 3.268301e-03 3.093390e-03 2.014083e-03 2.227330e-03 2.161722e-03 1.726100e-03 9.180932e-04 1.859402e-03 6.012814e-04 1.821053e-03 2.669915e-03 1.065516e-03 1.190649e-03 5.832697e-03 1.687642e-03 1.432327e-03 3.073884e-03 5.792844e-03 2.255482e-03 6.426061e-03 4.240542e-03 3.911966e-03 
72 721 6.811465e-03 0 0 2.168114e-03 1.772579e-03 2.205238e-03 1.681227e-03 1.595055e-03 2.199884e-03 3.228654e-03 3.041305e-03 1.982675e-03 2.195185e-03 2.126402e-03 1.700142e-03 9.036590e-04 1.827555e-03 5.911251e-04 1.799768e-03 2.626545e-03 1.047314e-03 1.174903e-03 5.742641e-03 1.665076e-03 1.408754e-03 3.033371e-03 5.697636e-03 2.222315e-03 6.321042e-03 4.168935e-03 3.859018e-03 
73 731 6.699903e-03 0 0 2.132142e-03 1.742650e-03 2.168712e-03 1.651387e-03 1.565425e-03 2.165090e-03 3.172411e-03 2.999531e-03 1.953240e-03 2.159010e-03 2.087588e-03 1.670883e-03 8.886221e-04 1.792958e-03 5.804482e-04 1.777903e-03 2.579974e-03 1.030026e-03 1.155924e-03 5.650828e-03 1.637690e-03 1.383533e-03 2.980767e-03 5.591431e-03 2.183853e-03 6.211025e-03 4.092555e-03 3.796957e-03 
74 741 6.733238e-03 0 0 2.144681e-03 1.751204e-03 2.175210e-03 1.660315e-03 1.570795e-03 2.183665e-03 3.193957e-03 3.008460e-03 1.963503e-03 2.171189e-03 2.093426e-03 1.676896e-03 8.966101e-04 1.798897e-03 5.824294e-04 1.788544e-03 2.589920e-03 1.034559e-03 1.161006e-03 5.683363e-03 1.643508e-03 1.387573e-03 3.001459e-03 5.626611e-03 2.200213e-03 6.236313e-03 4.108801e-03 3.812663e-03 
75 751 6.688698e-03 0 0 2.132674e-03 1.738464e-03 2.169323e-03 1.649274e-03 1.557405e-03 2.179999e-03 3.174103e-03 2.982722e-03 1.948482e-03 2.158797e-03 2.075526e-03 1.662348e-03 8.905150e-04 1.782867e-03 5.789545e-04 1.779118e-03 2.569516e-03 1.029360e-03 1.152003e-03 5.658091e-03 1.633296e-03 1.383279e-03 2.979147e-03 5.584564e-03 2.190801e-03 6.190248e-03 4.072870e-03 3.780610e-03 
76 761 6.668637e-03 0 0 2.122437e-03 1.734289e-03 2.160529e-03 1.640622e-03 1.559603e-03 2.180896e-03 3.172111e-03 2.968464e-03 1.941609e-03 2.157510e-03 2.064460e-03 1.658572e-03 8.878823e-04 1.773138e-03 5.765690e-04 1.770770e-03 2.563301e-03 1.026481e-03 1.146950e-03 5.628453e-03 1.625491e-03 1.377800e-03 2.964832e-03 5.559497e-03 2.187509e-03 6.183480e-03 4.050552e-03 3.765740e-03 
77 771 6.660452e-03 0 0 2.117150e-03 1.729465e-03 2.154451e-03 1.635416e-03 1.559673e-03 2.179350e-03 3.175896e-03 2.967920e-03 1.940228e-03 2.171362e-03 2.067153e-03 1.655600e-03 8.854258e-04 1.767215e-03 5.745323e-04 1.765187e-03 2.570078e-03 1.024402e-03 1.144811e-03 5.609187e-03 1.620359e-03 1.374435e-03 2.956961e-03 5.541479e-03 2.184873e-03 6.173274e-03 4.035979e-03 3.754502e-03 
78 781 6.644727e-03 0 0 2.110366e-03 1.724919e-03 2.154317e-03 1.632306e-03 1.552768e-03 2.172105e-03 3.179981e-03 2.966426e-03 1.934063e-03 2.174374e-03 2.068406e-03 1.651385e-03 8.819480e-04 1.762546e-03 5.738226e-04 1.763223e-03 2.566079e-03 1.021803e-03 1.141477e-03 5.589430e-03 1.616196e-03 1.369044e-03 2.947167e-03 5.518570e-03 2.178861e-03 6.153611e-03 4.018327e-03 3.738740e-03 
79 791 6.617735e-03 0 0 2.099858e-03 1.715104e-03 2.142347e-03 1.623978e-03 1.543761e-03 2.165682e-03 3.165708e-03 2.962268e-03 1.922020e-03 2.173565e-03 2.059156e-03 1.642102e-03 8.767088e-04 1.751555e-03 5.728894e-04 1.752340e-03 2.557284e-03 1.019213e-03 1.134391e-03 5.554211e-03 1.606795e-03 1.364606e-03 2.929413e-03 5.484457e-03 2.166940e-03 6.120513e-03 3.992651e-03 3.729922e-03 
80 801 6.489830e-03 0 0 2.060310e-03 1.680093e-03 2.100295e-03 1.589889e-03 1.511766e-03 2.122215e-03 3.101599e-03 2.907677e-03 1.881661e-03 2.134047e-03 2.018528e-03 1.609708e-03 8.581716e-04 1.715083e-03 5.624639e-04 1.714776e-03 2.513594e-03 9.990471e-04 1.111603e-03 5.440437e-03 1.579680e-03 1.336947e-03 2.868279e-03 5.371544e-03 2.121676e-03 5.992637e-03 3.905778e-03 3.650240e-03 
81 811 6.290007e-03 0 0 1.993295e-03 1.627046e-03 2.034926e-03 1.539302e-03 1.462791e-03 2.053809e-03 3.003712e-03 2.814561e-03 1.822533e-03 2.066864e-03 1.957341e-03 1.563531e-03 8.297533e-04 1.663709e-03 5.462354e-04 1.659265e-03 2.442944e-03 9.665792e-04 1.075060e-03 5.273918e-03 1.530212e-03 1.293023e-03 2.785452e-03 5.206587e-03 2.053417e-03 5.797510e-03 3.775793e-03 3.529116e-03 
82 821 6.160436e-03 0 0 1.955025e-03 1.594664e-03 1.991393e-03 1.503773e-03 1.435275e-03 2.015428e-03 2.935446e-03 2.755048e-03 1.787508e-03 2.020636e-03 1.914752e-03 1.531371e-03 8.115107e-04 1.635759e-03 5.348541e-04 1.628240e-03 2.394355e-03 9.446319e-04 1.051193e-03 5.158056e-03 1.497685e-03 1.268889e-03 2.731024e-03 5.086711e-03 2.007560e-03 5.678913e-03 3.692189e-03 3.449989e-03 
83 831 6.136028e-03 0 0 1.948471e-03 1.591597e-03 1.984891e-03 1.500681e-03 1.430306e-03 2.008597e-03 2.930060e-03 2.737478e-03 1.779806e-03 2.011688e-03 1.908611e-03 1.525979e-03 8.075307e-04 1.631412e-03 5.324071e-04 1.617831e-03 2.389016e-03 9.385821e-04 1.051177e-03 5.131327e-03 1.493000e-03 1.263214e-03 2.718881e-03 5.058958e-03 2.004668e-03 5.662492e-03 3.668272e-03 3.432082e-03 
84 841 6.055633e-03 0 0 1.921775e-03 1.573352e-03 1.959748e-03 1.482929e-03 1.412684e-03 1.981052e-03 2.890268e-03 2.696662e-03 1.758024e-03 1.985187e-03 1.882468e-03 1.503563e-03 7.990829e-04 1.610273e-03 5.251061e-04 1.593483e-03 2.357903e-03 9.241738e-04 1.036573e-03 5.054623e-03 1.471719e-03 1.248494e-03 2.686603e-03 4.996117e-03 1.985139e-03 5.601032e-03 3.611946e-03 3.384834e-03 
85 851 5.942878e-03 0 0 1.885442e-03 1.541768e-03 1.920548e-03 1.454927e-03 1.384963e-03 1.941535e-03 2.842981e-03 2.643121e-03 1.721425e-03 1.948327e-03 1.844946e-03 1.474081e-03 7.832664e-04 1.578779e-03 5.154999e-04 1.561880e-03 2.312994e-03 9.076095e-04 1.016238e-03 4.957401e-03 1.445695e-03 1.228344e-03 2.630697e-03 4.897941e-03 1.953592e-03 5.501531e-03 3.536097e-03 3.317019e-03 
86 861 5.762764e-03 0 0 1.829349e-03 1.492147e-03 1.858491e-03 1.412557e-03 1.340938e-03 1.893295e-03 2.757404e-03 2.556842e-03 1.668158e-03 1.890094e-03 1.784385e-03 1.426633e-03 7.585384e-04 1.528932e-03 4.991408e-04 1.511250e-03 2.242110e-03 8.797273e-04 9.843624e-04 4.796599e-03 1.399951e-03 1.192878e-03 2.546202e-03 4.744134e-03 1.897432e-03 5.328898e-03 3.421070e-03 3.210352e-03 
87 871 5.663898e-03 0 0 1.799055e-03 1.466252e-03 1.822889e-03 1.394595e-03 1.318735e-03 1.868474e-03 2.710434e-03 2.506848e-03 1.638882e-03 1.862608e-03 1.751344e-03 1.403227e-03 7.442150e-04 1.503203e-03 4.909613e-04 1.483504e-03 2.198953e-03 8.631756e-04 9.678361e-04 4.703201e-03 1.375441e-03 1.170300e-03 2.499581e-03 4.653192e-03 1.868656e-03 5.232988e-03 3.353450e-03 3.149247e-03 
88 881 5.599850e-03 0 0 1.776193e-03 1.449945e-03 1.799071e-03 1.382593e-03 1.303141e-03 1.852206e-03 2.683310e-03 2.475371e-03 1.619029e-03 1.844061e-03 1.733363e-03 1.385835e-03 7.352856e-04 1.485352e-03 4.854962e-04 1.464397e-03 2.169775e-03 8.534900e-04 9.558867e-04 4.639460e-03 1.357523e-03 1.154760e-03 2.466166e-03 4.590444e-03 1.844915e-03 5.161232e-03 3.308216e-03 3.110833e-03 
89 891 5.577308e-03 0 0 1.771453e-03 1.448895e-03 1.792428e-03 1.377724e-03 1.299198e-03 1.847702e-03 2.670395e-03 2.461447e-03 1.612408e-03 1.836470e-03 1.725785e-03 1.376962e-03 7.324219e-04 1.481104e-03 4.846806e-04 1.455647e-03 2.160364e-03 8.497042e-04 9.504742e-04 4.616816e-03 1.354192e-03 1.147321e-03 2.451430e-03 4.563686e-03 1.839784e-03 5.137418e-03 3.286954e-03 3.094255e-03 
90 901 5.390051e-03 0 0 1.710133e-03 1.406160e-03 1.732157e-03 1.329989e-03 1.254544e-03 1.785692e-03 2.579892e-03 2.376202e-03 1.556161e-03 1.772601e-03 1.663762e-03 1.329403e-03 7.076530e-04 1.432771e-03 4.679241e-04 1.403842e-03 2.084344e-03 8.194969e-04 9.173216e-04 4.453461e-03 1.306381e-03 1.106052e-03 2.364082e-03 4.405421e-03 1.777393e-03 4.954312e-03 3.171441e-03 2.984363e-03 
91 911 5.159580e-03 0 0 1.635832e-03 1.347974e-03 1.656402e-03 1.270551e-03 1.198350e-03 1.706483e-03 2.470482e-03 2.280229e-03 1.489084e-03 1.693748e-03 1.590344e-03 1.269926e-03 6.767321e-04 1.371940e-03 4.470093e-04 1.345078e-03 1.991586e-03 7.827382e-04 8.776178e-04 4.257184e-03 1.249111e-03 1.057139e-03 2.257130e-03 4.209455e-03 1.703833e-03 4.730137e-03 3.029485e-03 2.851416e-03 
92 921 4.905672e-03 0 0 1.552715e-03 1.279357e-03 1.573193e-03 1.207331e-03 1.137157e-03 1.619880e-03 2.351026e-03 2.170246e-03 1.413907e-03 1.611550e-03 1.509923e-03 1.204925e-03 6.422832e-04 1.303604e-03 4.240024e-04 1.277493e-03 1.890223e-03 7.441894e-04 8.351699e-04 4.039077e-03 1.186173e-03 1.003214e-03 2.143324e-03 3.995563e-03 1.616438e-03 4.493425e-03 2.873209e-03 2.704858e-03 
93 931 4.730324e-03 0 0 1.496422e-03 1.233647e-03 1.521553e-03 1.165062e-03 1.097651e-03 1.560613e-03 2.264563e-03 2.093548e-03 1.361106e-03 1.551176e-03 1.454672e-03 1.161973e-03 6.180480e-04 1.256276e-03 4.085154e-04 1.229225e-03 1.818171e-03 7.164765e-04 8.034102e-04 3.887223e-03 1.141855e-03 9.665101e-04 2.061780e-03 3.849976e-03 1.556192e-03 4.324708e-03 2.765392e-03 2.602856e-03 
94 941 4.623443e-03 0 0 1.462229e-03 1.205493e-03 1.485116e-03 1.137166e-03 1.072584e-03 1.524297e-03 2.212561e-03 2.054716e-03 1.328100e-03 1.514928e-03 1.422697e-03 1.133673e-03 6.045100e-04 1.227825e-03 3.991571e-04 1.199166e-03 1.773516e-03 7.003854e-04 7.833700e-04 3.791898e-03 1.114485e-03 9.441457e-04 2.017672e-03 3.761468e-03 1.518855e-03 4.217537e-03 2.698540e-03 2.539521e-03 
95 951 4.609497e-03 0 0 1.457445e-03 1.205432e-03 1.486153e-03 1.134218e-03 1.071280e-03 1.519368e-03 2.233197e-03 2.048402e-03 1.326315e-03 1.509822e-03 1.418774e-03 1.129558e-03 6.014605e-04 1.224091e-03 3.980183e-04 1.193604e-03 1.767936e-03 6.985339e-04 7.791937e-04 3.772080e-03 1.109170e-03 9.402148e-04 2.007712e-03 3.744024e-03 1.514039e-03 4.196646e-03 2.684751e-03 2.527311e-03 
96 961 4.559608e-03 0 0 1.443852e-03 1.190300e-03 1.467041e-03 1.120676e-03 1.059733e-03 1.501072e-03 2.215919e-03 2.029515e-03 1.313737e-03 1.491425e-03 1.402058e-03 1.115024e-03 5.978891e-04 1.211056e-03 3.934795e-04 1.178746e-03 1.745519e-03 6.906818e-04 7.691862e-04 3.729462e-03 1.095782e-03 9.283968e-04 1.983655e-03 3.694738e-03 1.494816e-03 4.146591e-03 2.648906e-03 2.493488e-03 
97 971 4.501072e-03 0 0 1.422327e-03 1.173773e-03 1.447986e-03 1.105796e-03 1.045555e-03 1.481347e-03 2.193803e-03 2.004504e-03 1.298508e-03 1.473130e-03 1.381434e-03 1.101224e-03 5.912533e-04 1.196363e-03 3.881146e-04 1.161950e-03 1.720630e-03 6.803204e-04 7.585843e-04 3.681344e-03 1.085408e-03 9.152860e-04 1.957166e-03 3.650345e-03 1.473815e-03 4.097674e-03 2.608003e-03 2.461039e-03 
98 981 4.425843e-03 0 0 1.397705e-03 1.153725e-03 1.421401e-03 1.087735e-03 1.026160e-03 1.456280e-03 2.155403e-03 1.970888e-03 1.278419e-03 1.446812e-03 1.360298e-03 1.083022e-03 5.816383e-04 1.176223e-03 3.813839e-04 1.143141e-03 1.691308e-03 6.680480e-04 7.463393e-04 3.610690e-03 1.067316e-03 9.021319e-04 1.927942e-03 3.583234e-03 1.448103e-03 4.038866e-03 2.558942e-03 2.420457e-03 
99 991 4.378385e-03 0 0 1.381190e-03 1.146733e-03 1.404167e-03 1.075463e-03 1.013903e-03 1.438224e-03 2.130292e-03 1.947175e-03 1.263330e-03 1.429123e-03 1.345881e-03 1.071738e-03 5.761439e-04 1.161498e-03 3.766986e-04 1.128898e-03 1.674714e-03 6.617484e-04 7.368512e-04 3.563705e-03 1.056036e-03 8.923607e-04 1.912240e-03 3.537237e-03 1.430482e-03 3.995851e-03 2.526356e-03 2.397795e-03 
100 1001 4.351608e-03 0 0 1.371772e-03 1.145330e-03 1.395118e-03 1.067284e-03 1.005394e-03 1.428214e-03 2.120344e-03 1.938198e-03 1.256433e-03 1.417119e-03 1.338737e-03 1.063592e-03 5.749863e-04 1.152899e-03 3.750469e-04 1.120776e-03 1.664809e-03 6.581294e-04 7.310463e-04 3.539517e-03 1.051825e-03 8.876612e-04 1.899696e-03 3.515724e-03 1.418164e-03 3.970188e-03 2.505005e-03 2.384511e-03 
101 1011 4.338899e-03 0 0 1.365056e-03 1.146689e-03 1.390074e-03 1.061713e-03 1.001208e-03 1.424380e-03 2.121662e-03 1.930370e-03 1.251739e-03 1.410571e-03 1.333728e-03 1.060518e-03 5.752485e-04 1.146985e-03 3.742377e-04 1.115652e-03 1.660441e-03 6.574101e-04 7.279354e-04 3.525032e-03 1.047480e-03 8.862665e-04 1.893256e-03 3.504868e-03 1.413815e-03 3.962622e-03 2.493138e-03 2.378138e-03 
102 1021 4.274940e-03 0 0 1.341579e-03 1.134377e-03 1.366489e-03 1.044685e-03 9.847284e-04 1.400596e-03 2.089705e-03 1.898002e-03 1.232166e-03 1.387869e-03 1.311219e-03 1.042575e-03 5.677549e-04 1.128602e-03 3.685904e-04 1.099206e-03 1.634908e-03 6.473009e-04 7.164566e-04 3.469287e-03 1.031829e-03 8.731272e-04 1.870059e-03 3.454731e-03 1.391768e-03 3.908165e-03 2.452089e-03 2.339313e-03 
103 1031 4.288112e-03 0 0 1.343343e-03 1.142242e-03 1.368043e-03 1.045438e-03 9.863612e-04 1.405176e-03 2.093000e-03 1.905077e-03 1.243513e-03 1.389784e-03 1.313082e-03 1.044838e-03 5.717063e-04 1.130559e-03 3.692053e-04 1.109153e-03 1.640085e-03 6.484537e-04 7.202357e-04 3.477697e-03 1.034426e-03 8.755155e-04 1.879549e-03 3.459775e-03 1.398147e-03 3.912788e-03 2.458079e-03 2.343413e-03 
104 1041 4.384867e-03 0 0 1.371049e-03 1.175889e-03 1.396887e-03 1.069751e-03 1.007021e-03 1.434385e-03 2.137141e-03 1.944186e-03 1.287558e-03 1.418897e-03 1.343189e-03 1.065947e-03 5.870713e-04 1.153551e-03 3.769047e-04 1.136946e-03 1.674682e-03 6.624916e-04 7.383912e-04 3.555017e-03 1.055959e-03 9.016771e-04 1.923532e-03 3.530570e-03 1.431206e-03 3.994485e-03 2.508124e-03 2.391933e-03 
105 1051 4.431387e-03 0 0 1.384317e-03 1.190745e-03 1.408291e-03 1.079893e-03 1.019009e-03 1.448278e-03 2.154276e-03 1.961187e-03 1.308251e-03 1.431945e-03 1.355580e-03 1.075668e-03 5.993321e-04 1.164230e-03 3.800861e-04 1.148897e-03 1.688575e-03 6.686147e-04 7.470020e-04 3.585901e-03 1.064783e-03 9.130283e-04 1.943118e-03 3.561218e-03 1.455547e-03 4.037846e-03 2.528734e-03 2.413206e-03 
106 1061 4.426237e-03 0 0 1.382637e-03 1.190125e-03 1.407365e-03 1.078359e-03 1.016324e-03 1.446806e-03 2.149844e-03 1.956030e-03 1.310615e-03 1.428537e-03 1.351074e-03 1.074974e-03 6.018756e-04 1.160015e-03 3.806796e-04 1.146394e-03 1.684922e-03 6.684404e-04 7.466697e-04 3.580101e-03 1.062577e-03 9.126223e-04 1.942849e-03 3.548755e-03 1.457157e-03 4.033653e-03 2.520710e-03 2.405175e-03 
107 1071 4.349729e-03 0 0 1.357170e-03 1.169061e-03 1.382292e-03 1.061375e-03 9.968385e-04 1.419517e-03 2.112360e-03 1.918296e-03 1.290448e-03 1.401876e-03 1.328842e-03 1.056471e-03 5.918789e-04 1.139014e-03 3.735280e-04 1.124803e-03 1.652321e-03 6.555706e-04 7.335258e-04 3.511464e-03 1.042489e-03 9.009098e-04 1.907236e-03 3.486688e-03 1.434700e-03 3.966463e-03 2.477400e-03 2.360452e-03 
108 1081 4.343706e-03 0 0 1.354934e-03 1.164478e-03 1.381180e-03 1.059287e-03 9.961891e-04 1.414746e-03 2.105542e-03 1.915761e-03 1.294322e-03 1.396111e-03 1.327150e-03 1.052937e-03 5.924222e-04 1.137866e-03 3.723135e-04 1.120940e-03 1.645619e-03 6.532889e-04 7.326090e-04 3.502071e-03 1.038624e-03 9.075338e-04 1.909677e-03 3.479672e-03 1.433580e-03 3.964311e-03 2.471159e-03 2.351525e-03 
109 1091 4.382556e-03 0 0 1.365746e-03 1.172222e-03 1.395191e-03 1.068073e-03 1.005105e-03 1.426467e-03 2.123198e-03 1.934880e-03 1.318621e-03 1.408445e-03 1.338876e-03 1.060262e-03 5.993040e-04 1.146099e-03 3.751761e-04 1.128515e-03 1.657285e-03 6.574498e-04 7.429979e-04 3.535710e-03 1.049214e-03 9.202473e-04 1.929498e-03 3.504658e-03 1.444208e-03 3.994630e-03 2.489546e-03 2.367544e-03 
110 1101 4.402396e-03 0 0 1.369448e-03 1.174910e-03 1.401394e-03 1.076103e-03 1.015126e-03 1.429601e-03 2.133111e-03 1.943785e-03 1.329247e-03 1.421009e-03 1.344586e-03 1.065556e-03 6.030495e-04 1.148710e-03 3.764671e-04 1.132210e-03 1.661882e-03 6.599763e-04 7.524250e-04 3.545233e-03 1.054010e-03 9.264085e-04 1.941378e-03 3.513553e-03 1.449647e-03 4.012429e-03 2.497345e-03 2.372380e-03 
111 1111 4.485312e-03 0 0 1.393915e-03 1.195686e-03 1.430942e-03 1.097070e-03 1.037935e-03 1.457346e-03 2.169819e-03 1.978791e-03 1.356995e-03 1.449372e-03 1.367863e-03 1.083798e-03 6.141627e-04 1.168808e-03 3.831765e-04 1.153586e-03 1.690483e-03 6.712529e-04 7.840547e-04 3.604145e-03 1.072128e-03 9.454514e-04 1.975710e-03 3.587930e-03 1.473335e-03 4.079618e-03 2.538480e-03 2.411413e-03 
112 1121 4.524611e-03 0 0 1.403383e-03 1.204387e-03 1.445549e-03 1.121051e-03 1.046765e-03 1.468993e-03 2.191785e-03 1.999318e-03 1.368811e-03 1.462734e-03 1.378209e-03 1.091074e-03 6.197913e-04 1.179072e-03 3.865064e-04 1.164551e-03 1.704601e-03 6.759811e-04 7.979456e-04 3.629395e-03 1.080533e-03 9.559046e-04 1.989659e-03 3.617929e-03 1.485270e-03 4.114869e-03 2.560164e-03 2.428974e-03 
113 1131 4.544258e-03 0 0 1.406193e-03 1.208043e-03 1.451785e-03 1.129187e-03 1.049822e-03 1.476901e-03 2.196357e-03 2.007256e-03 1.373348e-03 1.473113e-03 1.383843e-03 1.093628e-03 6.217845e-04 1.181694e-03 3.882254e-04 1.166510e-03 1.716152e-03 6.773050e-04 8.081463e-04 3.656247e-03 1.083029e-03 9.608669e-04 2.000096e-03 3.631184e-03 1.488644e-03 4.127739e-03 2.566007e-03 2.434252e-03 
114 1141 4.691925e-03 0 0 1.449175e-03 1.245369e-03 1.508873e-03 1.166909e-03 1.082177e-03 1.528125e-03 2.265302e-03 2.084997e-03 1.425290e-03 1.522066e-03 1.431346e-03 1.126840e-03 6.408819e-04 1.219230e-03 4.005468e-04 1.203892e-03 1.770687e-03 6.978317e-04 8.447929e-04 3.775272e-03 1.119290e-03 9.942003e-04 2.071044e-03 3.746275e-03 1.534583e-03 4.253008e-03 2.644396e-03 2.507325e-03 
115 1151 4.820900e-03 0 0 1.486206e-03 1.279278e-03 1.554187e-03 1.198138e-03 1.111342e-03 1.572004e-03 2.327668e-03 2.145086e-03 1.465220e-03 1.565007e-03 1.469246e-03 1.156473e-03 6.572318e-04 1.250013e-03 4.114796e-04 1.237747e-03 1.826638e-03 7.169426e-04 8.770703e-04 3.879127e-03 1.147887e-03 1.026558e-03 2.136257e-03 3.846189e-03 1.573830e-03 4.365148e-03 2.713264e-03 2.570800e-03 
116 1161 4.857441e-03 0 0 1.498590e-03 1.287994e-03 1.568321e-03 1.206914e-03 1.117504e-03 1.582918e-03 2.342148e-03 2.181241e-03 1.475979e-03 1.575920e-03 1.477709e-03 1.163415e-03 6.616128e-04 1.262173e-03 4.142058e-04 1.248757e-03 1.839996e-03 7.209892e-04 8.927934e-04 3.915002e-03 1.154780e-03 1.035504e-03 2.152263e-03 3.873695e-03 1.581634e-03 4.389538e-03 2.728102e-03 2.584913e-03 
117 1171 4.838990e-03 0 0 1.489134e-03 1.281564e-03 1.562792e-03 1.200415e-03 1.111031e-03 1.576704e-03 2.328363e-03 2.179238e-03 1.473927e-03 1.566657e-03 1.469700e-03 1.156441e-03 6.623828e-04 1.261609e-03 4.119550e-04 1.241743e-03 1.831030e-03 7.171881e-04 8.953997e-04 3.897084e-03 1.148479e-03 1.030211e-03 2.141892e-03 3.858166e-03 1.577963e-03 4.367131e-03 2.712728e-03 2.572969e-03 
118 1181 4.762788e-03 0 0 1.471445e-03 1.261474e-03 1.540537e-03 1.180944e-03 1.092045e-03 1.550424e-03 2.287111e-03 2.150986e-03 1.452052e-03 1.541371e-03 1.443502e-03 1.136125e-03 6.536301e-04 1.239231e-03 4.044074e-04 1.219640e-03 1.807279e-03 7.056518e-04 8.840363e-04 3.832375e-03 1.130786e-03 1.011776e-03 2.111504e-03 3.795638e-03 1.552754e-03 4.290574e-03 2.664230e-03 2.528961e-03 
119 1191 4.677596e-03 0 0 1.446395e-03 1.237898e-03 1.521627e-03 1.158970e-03 1.073562e-03 1.519923e-03 2.252920e-03 2.110783e-03 1.426454e-03 1.514362e-03 1.417363e-03 1.113872e-03 6.407121e-04 1.217437e-03 3.969786e-04 1.196420e-03 1.775391e-03 6.926563e-04 8.680524e-04 3.757631e-03 1.108065e-03 9.922691e-04 2.074801e-03 3.722727e-03 1.522964e-03 4.209457e-03 2.614398e-03 2.483781e-03 
120 1201 4.578159e-03 0 0 1.423899e-03 1.212409e-03 1.492700e-03 1.132860e-03 1.050392e-03 1.486350e-03 2.204183e-03 2.063940e-03 1.395228e-03 1.480287e-03 1.383941e-03 1.091810e-03 6.278251e-04 1.190472e-03 3.887481e-04 1.169203e-03 1.736211e-03 6.788025e-04 8.506536e-04 3.673360e-03 1.082643e-03 9.689577e-04 2.026659e-03 3.637256e-03 1.486593e-03 4.116414e-03 2.554301e-03 2.424852e-03 
121 1211 4.411472e-03 0 0 1.372993e-03 1.167026e-03 1.439520e-03 1.089631e-03 1.010627e-03 1.430268e-03 2.124184e-03 1.985884e-03 1.342871e-03 1.425700e-03 1.335198e-03 1.049637e-03 6.038603e-04 1.145370e-03 3.743377e-04 1.126750e-03 1.671731e-03 6.543420e-04 8.184046e-04 3.532156e-03 1.041238e-03 9.315345e-04 1.951362e-03 3.496961e-03 1.430641e-03 3.959505e-03 2.457028e-03 2.339128e-03 
122 1221 4.376649e-03 0 0 1.360944e-03 1.155988e-03 1.450155e-03 1.079932e-03 1.001154e-03 1.415949e-03 2.106607e-03 1.985966e-03 1.334514e-03 1.415924e-03 1.322152e-03 1.041629e-03 5.981082e-04 1.138854e-03 3.708498e-04 1.118131e-03 1.656938e-03 6.480656e-04 8.113971e-04 3.501969e-03 1.031021e-03 9.265271e-04 1.932982e-03 3.482624e-03 1.418941e-03 3.919893e-03 2.432457e-03 2.326218e-03 
123 1231 4.323190e-03 0 0 1.346168e-03 1.141950e-03 1.443365e-03 1.066027e-03 9.871714e-04 1.397470e-03 2.076896e-03 1.962687e-03 1.317187e-03 1.396627e-03 1.305009e-03 1.026617e-03 5.904220e-04 1.123735e-03 3.655913e-04 1.102382e-03 1.638211e-03 6.392924e-04 8.037839e-04 3.458984e-03 1.016657e-03 9.142923e-04 1.908109e-03 3.434361e-03 1.399139e-03 3.866908e-03 2.396868e-03 2.300813e-03 
124 1241 4.257445e-03 0 0 1.323935e-03 1.121654e-03 1.431040e-03 1.051322e-03 9.707278e-04 1.376441e-03 2.041779e-03 1.931328e-03 1.295363e-03 1.372361e-03 1.283242e-03 1.009373e-03 5.802695e-04 1.110971e-03 3.598782e-04 1.084260e-03 1.613897e-03 6.283105e-04 7.918145e-04 3.406400e-03 1.001599e-03 8.994707e-04 1.878229e-03 3.377151e-03 1.378177e-03 3.799532e-03 2.354879e-03 2.262784e-03 
125 1251 4.304228e-03 0 0 1.337553e-03 1.133970e-03 1.461832e-03 1.061380e-03 9.821381e-04 1.392123e-03 2.065986e-03 1.960066e-03 1.308595e-03 1.392189e-03 1.297895e-03 1.022067e-03 5.856772e-04 1.127397e-03 3.639724e-04 1.094885e-03 1.627373e-03 6.346140e-04 7.989709e-04 3.440907e-03 1.015248e-03 9.086239e-04 1.899407e-03 3.433298e-03 1.392491e-03 3.834067e-03 2.376944e-03 2.284163e-03 
126 1261 4.383421e-03 0 0 1.360215e-03 1.152298e-03 1.493620e-03 1.082896e-03 1.000447e-03 1.424001e-03 2.099550e-03 1.998793e-03 1.331790e-03 1.425060e-03 1.318722e-03 1.040824e-03 5.958103e-04 1.151261e-03 3.707510e-04 1.115148e-03 1.653662e-03 6.448839e-04 8.150169e-04 3.504287e-03 1.045667e-03 9.231111e-04 1.933825e-03 3.494079e-03 1.416979e-03 3.902178e-03 2.418135e-03 2.323111e-03 
127 1271 4.477306e-03 0 0 1.389116e-03 1.174239e-03 1.528276e-03 1.106948e-03 1.022209e-03 1.452574e-03 2.144578e-03 2.048992e-03 1.358782e-03 1.459234e-03 1.344178e-03 1.060824e-03 6.076660e-04 1.177454e-03 3.791199e-04 1.136762e-03 1.691243e-03 6.574154e-04 8.311736e-04 3.583845e-03 1.077849e-03 9.410218e-04 1.975780e-03 3.566774e-03 1.451544e-03 3.987407e-03 2.467479e-03 2.370182e-03 
128 1281 4.504312e-03 0 0 1.402892e-03 1.180072e-03 1.534459e-03 1.115880e-03 1.027392e-03 1.459964e-03 2.152702e-03 2.060596e-03 1.363451e-03 1.476258e-03 1.349558e-03 1.067453e-03 6.104950e-04 1.185442e-03 3.809303e-04 1.140775e-03 1.698388e-03 6.596652e-04 8.347018e-04 3.602942e-03 1.087299e-03 9.453288e-04 1.995377e-03 3.584274e-03 1.459342e-03 4.019183e-03 2.477804e-03 2.382583e-03 
129 1291 4.496055e-03 0 0 1.404236e-03 1.175164e-03 1.531977e-03 1.112898e-03 1.024327e-03 1.460085e-03 2.145095e-03 2.055304e-03 1.357875e-03 1.481851e-03 1.346214e-03 1.065674e-03 6.112765e-04 1.183561e-03 3.801507e-04 1.135828e-03 1.693296e-03 6.577255e-04 8.321944e-04 3.604142e-03 1.085160e-03 9.435895e-04 1.992347e-03 3.574441e-03 1.453922e-03 4.019615e-03 2.469424e-03 2.375819e-03 
130 1301 4.607721e-03 0 0 1.452643e-03 1.204336e-03 1.577482e-03 1.142231e-03 1.049507e-03 1.498898e-03 2.225408e-03 2.112524e-03 1.390908e-03 1.516120e-03 1.379512e-03 1.090326e-03 6.252021e-04 1.211356e-03 3.897097e-04 1.161997e-03 1.736773e-03 6.739693e-04 8.529855e-04 3.689061e-03 1.110821e-03 9.649522e-04 2.051105e-03 3.665157e-03 1.487518e-03 4.124405e-03 2.531257e-03 2.436240e-03 
131 1311 4.663342e-03 0 0 1.481289e-03 1.216153e-03 1.596705e-03 1.155727e-03 1.060640e-03 1.515709e-03 2.253734e-03 2.143582e-03 1.406105e-03 1.531449e-03 1.393823e-03 1.103188e-03 6.315764e-04 1.228360e-03 3.942244e-04 1.176504e-03 1.758276e-03 6.826692e-04 8.626486e-04 3.736377e-03 1.123527e-03 9.756933e-04 2.077741e-03 3.703797e-03 1.503330e-03 4.198548e-03 2.557569e-03 2.461721e-03 
132 1321 4.797087e-03 0 0 1.542622e-03 1.247937e-03 1.641777e-03 1.186807e-03 1.091155e-03 1.557270e-03 2.322689e-03 2.213056e-03 1.445152e-03 1.572492e-03 1.433244e-03 1.132286e-03 6.483756e-04 1.263391e-03 4.062958e-04 1.210354e-03 1.812280e-03 7.017269e-04 8.860773e-04 3.845178e-03 1.155274e-03 1.002006e-03 2.140418e-03 3.804980e-03 1.543936e-03 4.371635e-03 2.627244e-03 2.526117e-03 
133 1331 4.857364e-03 0 0 1.575253e-03 1.262476e-03 1.662050e-03 1.201122e-03 1.103819e-03 1.576077e-03 2.352383e-03 2.251079e-03 1.460174e-03 1.588673e-03 1.453395e-03 1.144399e-03 6.559578e-04 1.277899e-03 4.118583e-04 1.226516e-03 1.833519e-03 7.121855e-04 8.963139e-04 3.894801e-03 1.167480e-03 1.013287e-03 2.173829e-03 3.844949e-03 1.562045e-03 4.441958e-03 2.658719e-03 2.553127e-03 
134 1341 4.889559e-03 0 0 1.597993e-03 1.271154e-03 1.680004e-03 1.206743e-03 1.109252e-03 1.582688e-03 2.369410e-03 2.278654e-03 1.466686e-03 1.595793e-03 1.459530e-03 1.149421e-03 6.594854e-04 1.285584e-03 4.137912e-04 1.239526e-03 1.847885e-03 7.166659e-04 9.015408e-04 3.914610e-03 1.174026e-03 1.018002e-03 2.193394e-03 3.862733e-03 1.570832e-03 4.477437e-03 2.674794e-03 2.567167e-03 
135 1351 4.939646e-03 0 0 1.625689e-03 1.283077e-03 1.707936e-03 1.218787e-03 1.118394e-03 1.600972e-03 2.392868e-03 2.313211e-03 1.481643e-03 1.612871e-03 1.476028e-03 1.161908e-03 6.649248e-04 1.298174e-03 4.177582e-04 1.258965e-03 1.864952e-03 7.278872e-04 9.104114e-04 3.949634e-03 1.188179e-03 1.026213e-03 2.223527e-03 3.894190e-03 1.583575e-03 4.520633e-03 2.699430e-03 2.595516e-03 
136 1361 4.924714e-03 0 0 1.624910e-03 1.276714e-03 1.707429e-03 1.216913e-03 1.113468e-03 1.592886e-03 2.387194e-03 2.319120e-03 1.475719e-03 1.603973e-03 1.468136e-03 1.158616e-03 6.628302e-04 1.293804e-03 4.158368e-04 1.257089e-03 1.858662e-03 7.244875e-04 9.066305e-04 3.929011e-03 1.183031e-03 1.024199e-03 2.222049e-03 3.879403e-03 1.576652e-03 4.500848e-03 2.687673e-03 2.583379e-03 
137 1371 5.030862e-03 0 0 1.669832e-03 1.305613e-03 1.750619e-03 1.253526e-03 1.136679e-03 1.626327e-03 2.432320e-03 2.385394e-03 1.505043e-03 1.639752e-03 1.497696e-03 1.182774e-03 6.754663e-04 1.320533e-03 4.268038e-04 1.286059e-03 1.895968e-03 7.418039e-04 9.328978e-04 4.008009e-03 1.205881e-03 1.046259e-03 2.281165e-03 3.961140e-03 1.608833e-03 4.602983e-03 2.743085e-03 2.634376e-03 
138 1381 5.209875e-03 0 0 1.734032e-03 1.356889e-03 1.821713e-03 1.309565e-03 1.176580e-03 1.683378e-03 2.513942e-03 2.479741e-03 1.556490e-03 1.713672e-03 1.550066e-03 1.224316e-03 6.981688e-04 1.368965e-03 4.411076e-04 1.331850e-03 1.960888e-03 7.672801e-04 9.671897e-04 4.141519e-03 1.248042e-03 1.082398e-03 2.382378e-03 4.110947e-03 1.668549e-03 4.760847e-03 2.833916e-03 2.722509e-03 
139 1391 5.372128e-03 0 0 1.788875e-03 1.400382e-03 1.881238e-03 1.358836e-03 1.218261e-03 1.733103e-03 2.586920e-03 2.569308e-03 1.612850e-03 1.766874e-03 1.594671e-03 1.260457e-03 7.182828e-04 1.409543e-03 4.544519e-04 1.373470e-03 2.022166e-03 7.894920e-04 9.985297e-04 4.280606e-03 1.286162e-03 1.114116e-03 2.461776e-03 4.236049e-03 1.721144e-03 4.927727e-03 2.918486e-03 2.810404e-03 
140 1401 5.487188e-03 0 0 1.825619e-03 1.433016e-03 1.925792e-03 1.390933e-03 1.250914e-03 1.770713e-03 2.639091e-03 2.632773e-03 1.645119e-03 1.810825e-03 1.627175e-03 1.288596e-03 7.320150e-04 1.438614e-03 4.634196e-04 1.405658e-03 2.062280e-03 8.047819e-04 1.024801e-03 4.369547e-03 1.312020e-03 1.135463e-03 2.513677e-03 4.326483e-03 1.754736e-03 5.040239e-03 2.973717e-03 2.870491e-03 
141 1411 5.579076e-03 0 0 1.854424e-03 1.459452e-03 1.963859e-03 1.415365e-03 1.280268e-03 1.799110e-03 2.678138e-03 2.689464e-03 1.670999e-03 1.842524e-03 1.653294e-03 1.307984e-03 7.428195e-04 1.461622e-03 4.703637e-04 1.430248e-03 2.094554e-03 8.182874e-04 1.046211e-03 4.438210e-03 1.336383e-03 1.153750e-03 2.564483e-03 4.394178e-03 1.780723e-03 5.120979e-03 3.022047e-03 2.916323e-03 
142 1421 5.650486e-03 0 0 1.881285e-03 1.478135e-03 1.992413e-03 1.434529e-03 1.299664e-03 1.821564e-03 2.712193e-03 2.735040e-03 1.688874e-03 1.880438e-03 1.671538e-03 1.322362e-03 7.526953e-04 1.478586e-03 4.779982e-04 1.449149e-03 2.122302e-03 8.297105e-04 1.063066e-03 4.484814e-03 1.353005e-03 1.168267e-03 2.600537e-03 4.448557e-03 1.801511e-03 5.183137e-03 3.056995e-03 2.951084e-03 
143 1431 5.686669e-03 0 0 1.894074e-03 1.485830e-03 2.005934e-03 1.443994e-03 1.312258e-03 1.829683e-03 2.725182e-03 2.754373e-03 1.705026e-03 1.892920e-03 1.684435e-03 1.328571e-03 7.566189e-04 1.487190e-03 4.816967e-04 1.456818e-03 2.132862e-03 8.387853e-04 1.071530e-03 4.520292e-03 1.364338e-03 1.174735e-03 2.618951e-03 4.470201e-03 1.811586e-03 5.226266e-03 3.078913e-03 2.966236e-03 
144 1441 5.589721e-03 0 0 1.858650e-03 1.461040e-03 1.971170e-03 1.419393e-03 1.289562e-03 1.797339e-03 2.680657e-03 2.705883e-03 1.682229e-03 1.861236e-03 1.654854e-03 1.302710e-03 7.422801e-04 1.462069e-03 4.732701e-04 1.432295e-03 2.101153e-03 8.250491e-04 1.052971e-03 4.439702e-03 1.339756e-03 1.155793e-03 2.575092e-03 4.386339e-03 1.779274e-03 5.151962e-03 3.022793e-03 2.909575e-03 
145 1451 5.543362e-03 0 0 1.845396e-03 1.446547e-03 1.955424e-03 1.407934e-03 1.280668e-03 1.781320e-03 2.654270e-03 2.680836e-03 1.668343e-03 1.846344e-03 1.641902e-03 1.292009e-03 7.358380e-04 1.446230e-03 4.704026e-04 1.418172e-03 2.085719e-03 8.167761e-04 1.043041e-03 4.397669e-03 1.326808e-03 1.144535e-03 2.552816e-03 4.348487e-03 1.760988e-03 5.125923e-03 2.999165e-03 2.879485e-03 
146 1461 5.596099e-03 0 0 1.863607e-03 1.457167e-03 1.970453e-03 1.421389e-03 1.290374e-03 1.796724e-03 2.691652e-03 2.699433e-03 1.690234e-03 1.862031e-03 1.661559e-03 1.304047e-03 7.428677e-04 1.457139e-03 4.746658e-04 1.431298e-03 2.111812e-03 8.245061e-04 1.052382e-03 4.432923e-03 1.343091e-03 1.155642e-03 2.573466e-03 4.381413e-03 1.774583e-03 5.188055e-03 3.023912e-03 2.899837e-03 
147 1471 5.640308e-03 0 0 1.873907e-03 1.466460e-03 1.982215e-03 1.431014e-03 1.300490e-03 1.808105e-03 2.711610e-03 2.713979e-03 1.708761e-03 1.881115e-03 1.678314e-03 1.312663e-03 7.490512e-04 1.465026e-03 4.774292e-04 1.443394e-03 2.133138e-03 8.326445e-04 1.064249e-03 4.459888e-03 1.355655e-03 1.163414e-03 2.596621e-03 4.417825e-03 1.784694e-03 5.239132e-03 3.047540e-03 2.916370e-03 
148 1481 5.709696e-03 0 0 1.894397e-03 1.480848e-03 2.006753e-03 1.448852e-03 1.314466e-03 1.826953e-03 2.739515e-03 2.742260e-03 1.732256e-03 1.915468e-03 1.706637e-03 1.334880e-03 7.579508e-04 1.480865e-03 4.843255e-04 1.460747e-03 2.159475e-03 8.466519e-04 1.082815e-03 4.517261e-03 1.373380e-03 1.175103e-03 2.627208e-03 4.476167e-03 1.803502e-03 5.300561e-03 3.080269e-03 2.950738e-03 
149 1491 5.761044e-03 0 0 1.911168e-03 1.492097e-03 2.029730e-03 1.469200e-03 1.323984e-03 1.839908e-03 2.760185e-03 2.765969e-03 1.754315e-03 1.935748e-03 1.727284e-03 1.344313e-03 7.636959e-04 1.492170e-03 4.887185e-04 1.471762e-03 2.176165e-03 8.562816e-04 1.097605e-03 4.577053e-03 1.382904e-03 1.184250e-03 2.653546e-03 4.518481e-03 1.819296e-03 5.339436e-03 3.104839e-03 2.971911e-03 
150 1501 5.936096e-03 0 0 1.968959e-03 1.538154e-03 2.094217e-03 1.513009e-03 1.364178e-03 1.898578e-03 2.841429e-03 2.847201e-03 1.809869e-03 1.994282e-03 1.798050e-03 1.386259e-03 7.849208e-04 1.536924e-03 5.026697e-04 1.524350e-03 2.243034e-03 8.876861e-04 1.140174e-03 4.747241e-03 1.421986e-03 1.218956e-03 2.729878e-03 4.652732e-03 1.873441e-03 5.503730e-03 3.199493e-03 3.057293e-03 
151 1511 5.976881e-03 0 0 1.980814e-03 1.546050e-03 2.113055e-03 1.523133e-03 1.373673e-03 1.908839e-03 2.856177e-03 2.862728e-03 1.831245e-03 2.007656e-03 1.817267e-03 1.396786e-03 7.912855e-04 1.553145e-03 5.051261e-04 1.533626e-03 2.253045e-03 8.973834e-04 1.153879e-03 4.783905e-03 1.435342e-03 1.225486e-03 2.745687e-03 4.677310e-03 1.884493e-03 5.534187e-03 3.215542e-03 3.071784e-03 
152 1521 5.915946e-03 0 0 1.959763e-03 1.528063e-03 2.094445e-03 1.507222e-03 1.357806e-03 1.888289e-03 2.828708e-03 2.829151e-03 1.814646e-03 1.984635e-03 1.803303e-03 1.380976e-03 7.816508e-04 1.535322e-03 4.996582e-04 1.514283e-03 2.225018e-03 8.905553e-04 1.150448e-03 4.730823e-03 1.418241e-03 1.212809e-03 2.715727e-03 4.624275e-03 1.860607e-03 5.481602e-03 3.175452e-03 3.035912e-03 
153 1531 5.813212e-03 0 0 1.924473e-03 1.498610e-03 2.060679e-03 1.486032e-03 1.330957e-03 1.852555e-03 2.783647e-03 2.781511e-03 1.785450e-03 1.950909e-03 1.776598e-03 1.354774e-03 7.675153e-04 1.511136e-03 4.904142e-04 1.486005e-03 2.182654e-03 8.746262e-04 1.134155e-03 4.639527e-03 1.389954e-03 1.192373e-03 2.666831e-03 4.541218e-03 1.824101e-03 5.395699e-03 3.114106e-03 2.977245e-03 
154 1541 5.669957e-03 0 0 1.873978e-03 1.460853e-03 2.008983e-03 1.451785e-03 1.296090e-03 1.803626e-03 2.713356e-03 2.712177e-03 1.742129e-03 1.904059e-03 1.728848e-03 1.318090e-03 7.492206e-04 1.475455e-03 4.773640e-04 1.450017e-03 2.126611e-03 8.520689e-04 1.106702e-03 4.518376e-03 1.352834e-03 1.163748e-03 2.595720e-03 4.421946e-03 1.775472e-03 5.260488e-03 3.032868e-03 2.896879e-03 
155 1551 5.495467e-03 0 0 1.811938e-03 1.421215e-03 1.949906e-03 1.406961e-03 1.253821e-03 1.745546e-03 2.633948e-03 2.626690e-03 1.687931e-03 1.844242e-03 1.671578e-03 1.278749e-03 7.283711e-04 1.427493e-03 4.620952e-04 1.402440e-03 2.057392e-03 8.250724e-04 1.070967e-03 4.382609e-03 1.308173e-03 1.127639e-03 2.511572e-03 4.282346e-03 1.722059e-03 5.090933e-03 2.937411e-03 2.803726e-03 
156 1561 5.295031e-03 0 0 1.743463e-03 1.367654e-03 1.880017e-03 1.354647e-03 1.205941e-03 1.679691e-03 2.543770e-03 2.526373e-03 1.623253e-03 1.774506e-03 1.608530e-03 1.233041e-03 7.018570e-04 1.373048e-03 4.451115e-04 1.349126e-03 1.978243e-03 7.946245e-04 1.031788e-03 4.227499e-03 1.260414e-03 1.085952e-03 2.416789e-03 4.120214e-03 1.656100e-03 4.894124e-03 2.828802e-03 2.696391e-03 
157 1571 5.089300e-03 0 0 1.671892e-03 1.312668e-03 1.806244e-03 1.301863e-03 1.159244e-03 1.611899e-03 2.442455e-03 2.432999e-03 1.566713e-03 1.701486e-03 1.542404e-03 1.189159e-03 6.748907e-04 1.319245e-03 4.276528e-04 1.294432e-03 1.901092e-03 7.628361e-04 9.903862e-04 4.058292e-03 1.208491e-03 1.043334e-03 2.317309e-03 3.955045e-03 1.592219e-03 4.693889e-03 2.712129e-03 2.588234e-03 
158 1581 4.979993e-03 0 0 1.633420e-03 1.282983e-03 1.764575e-03 1.273760e-03 1.134112e-03 1.577050e-03 2.397275e-03 2.380109e-03 1.540891e-03 1.662504e-03 1.506417e-03 1.162760e-03 6.596254e-04 1.288445e-03 4.173577e-04 1.267404e-03 1.864405e-03 7.530773e-04 9.699675e-04 3.980692e-03 1.186514e-03 1.019206e-03 2.263666e-03 3.864334e-03 1.555873e-03 4.585382e-03 2.650683e-03 2.528108e-03 
159 1591 4.878722e-03 0 0 1.596080e-03 1.255007e-03 1.730316e-03 1.244502e-03 1.115932e-03 1.543239e-03 2.350571e-03 2.330785e-03 1.511123e-03 1.624859e-03 1.473404e-03 1.137317e-03 6.452752e-04 1.259265e-03 4.079033e-04 1.239644e-03 1.827899e-03 7.384291e-04 9.489230e-04 3.911053e-03 1.159573e-03 9.991044e-04 2.213308e-03 3.791862e-03 1.523770e-03 4.489510e-03 2.591273e-03 2.472488e-03 
160 1601 4.850320e-03 0 0 1.592660e-03 1.245968e-03 1.726468e-03 1.234609e-03 1.110625e-03 1.534296e-03 2.335878e-03 2.321179e-03 1.500874e-03 1.613179e-03 1.461047e-03 1.128541e-03 6.418786e-04 1.253061e-03 4.049433e-04 1.231494e-03 1.818443e-03 7.412133e-04 9.434199e-04 3.884069e-03 1.151515e-03 9.912817e-04 2.203285e-03 3.766871e-03 1.515635e-03 4.461967e-03 2.582757e-03 2.454578e-03 
161 1611 4.782601e-03 0 0 1.568848e-03 1.231426e-03 1.705482e-03 1.214443e-03 1.095840e-03 1.511465e-03 2.299550e-03 2.290804e-03 1.486168e-03 1.590508e-03 1.440031e-03 1.112502e-03 6.321170e-04 1.234157e-03 3.991466e-04 1.213382e-03 1.794124e-03 7.354457e-04 9.291275e-04 3.823757e-03 1.132407e-03 9.761898e-04 2.168570e-03 3.725093e-03 1.492858e-03 4.391511e-03 2.541280e-03 2.414091e-03 
162 1621 4.779474e-03 0 0 1.568692e-03 1.228074e-03 1.706986e-03 1.211180e-03 1.094408e-03 1.509113e-03 2.292327e-03 2.292865e-03 1.482518e-03 1.586197e-03 1.436403e-03 1.110540e-03 6.329880e-04 1.231085e-03 3.982437e-04 1.210002e-03 1.795898e-03 7.387029e-04 9.337765e-04 3.815657e-03 1.130301e-03 9.753883e-04 2.163834e-03 3.723276e-03 1.488059e-03 4.381333e-03 2.538062e-03 2.407547e-03 
163 1631 4.820973e-03 0 0 1.580750e-03 1.241802e-03 1.721981e-03 1.221395e-03 1.101661e-03 1.521526e-03 2.310948e-03 2.327651e-03 1.491849e-03 1.600273e-03 1.449495e-03 1.118689e-03 6.373074e-04 1.238441e-03 4.007864e-04 1.217492e-03 1.813146e-03 7.475865e-04 9.426408e-04 3.843388e-03 1.137632e-03 9.837068e-04 2.183317e-03 3.768702e-03 1.503148e-03 4.420598e-03 2.558278e-03 2.428467e-03 
164 1641 4.865320e-03 0 0 1.596480e-03 1.253232e-03 1.736059e-03 1.231577e-03 1.110034e-03 1.534137e-03 2.335007e-03 2.351106e-03 1.501779e-03 1.614547e-03 1.462376e-03 1.129075e-03 6.428960e-04 1.247052e-03 4.037780e-04 1.227765e-03 1.829556e-03 7.679106e-04 9.533314e-04 3.884291e-03 1.145536e-03 9.913183e-04 2.200443e-03 3.810539e-03 1.517202e-03 4.454121e-03 2.578886e-03 2.446093e-03 
165 1651 4.754163e-03 0 0 1.559356e-03 1.223115e-03 1.697704e-03 1.201133e-03 1.083995e-03 1.498651e-03 2.279238e-03 2.300581e-03 1.464701e-03 1.577253e-03 1.427243e-03 1.102219e-03 6.281203e-04 1.216969e-03 3.940937e-04 1.199422e-03 1.789778e-03 7.537456e-04 9.315030e-04 3.789140e-03 1.117538e-03 9.670564e-04 2.151758e-03 3.724547e-03 1.479834e-03 4.347707e-03 2.518014e-03 2.385084e-03 
166 1661 4.668082e-03 0 0 1.531560e-03 1.198187e-03 1.666656e-03 1.183488e-03 1.061655e-03 1.471006e-03 2.236894e-03 2.255016e-03 1.435131e-03 1.546797e-03 1.399124e-03 1.081049e-03 6.160847e-04 1.192202e-03 3.868100e-04 1.177356e-03 1.760489e-03 7.413900e-04 9.152143e-04 3.715035e-03 1.098145e-03 9.497977e-04 2.108010e-03 3.650745e-03 1.449594e-03 4.259144e-03 2.469084e-03 2.337383e-03 
167 1671 4.560481e-03 0 0 1.496589e-03 1.169106e-03 1.628374e-03 1.154676e-03 1.035808e-03 1.435483e-03 2.183248e-03 2.199023e-03 1.399450e-03 1.508666e-03 1.366748e-03 1.054309e-03 6.014362e-04 1.162034e-03 3.778059e-04 1.148206e-03 1.720361e-03 7.255693e-04 8.941216e-04 3.629745e-03 1.072134e-03 9.298802e-04 2.057821e-03 3.561666e-03 1.416724e-03 4.150375e-03 2.409565e-03 2.277573e-03 
168 1681 4.477185e-03 0 0 1.467738e-03 1.145995e-03 1.599142e-03 1.134259e-03 1.014816e-03 1.407389e-03 2.142433e-03 2.155637e-03 1.371406e-03 1.479299e-03 1.339331e-03 1.034995e-03 5.978960e-04 1.141393e-03 3.703743e-04 1.125903e-03 1.689642e-03 7.147076e-04 8.793948e-04 3.571955e-03 1.051027e-03 9.118333e-04 2.019496e-03 3.490459e-03 1.388239e-03 4.065544e-03 2.362898e-03 2.230802e-03 
169 1691 4.354224e-03 0 0 1.431320e-03 1.116678e-03 1.554210e-03 1.102303e-03 9.861797e-04 1.367341e-03 2.080431e-03 2.094497e-03 1.332609e-03 1.437401e-03 1.301849e-03 1.004830e-03 5.820503e-04 1.107805e-03 3.596275e-04 1.095829e-03 1.641389e-03 6.943389e-04 8.558702e-04 3.473597e-03 1.023788e-03 8.855791e-04 1.962049e-03 3.390200e-03 1.350793e-03 3.946414e-03 2.295431e-03 2.166584e-03 
170 1701 4.342640e-03 0 0 1.437884e-03 1.112676e-03 1.547437e-03 1.097896e-03 9.814132e-04 1.363631e-03 2.072081e-03 2.086441e-03 1.327195e-03 1.439106e-03 1.295803e-03 1.000459e-03 5.855840e-04 1.102497e-03 3.587369e-04 1.093203e-03 1.633997e-03 6.925475e-04 8.527112e-04 3.466721e-03 1.022474e-03 8.819693e-04 1.959713e-03 3.378284e-03 1.344131e-03 3.926574e-03 2.291485e-03 2.158372e-03 
171 1711 4.311679e-03 0 0 1.431122e-03 1.105659e-03 1.533452e-03 1.092449e-03 9.742057e-04 1.355561e-03 2.056398e-03 2.073182e-03 1.316027e-03 1.427871e-03 1.286050e-03 9.925029e-04 5.835691e-04 1.093747e-03 3.564884e-04 1.084232e-03 1.624765e-03 6.874097e-04 8.456200e-04 3.433179e-03 1.018423e-03 8.749785e-04 1.942162e-03 3.346324e-03 1.334944e-03 3.892983e-03 2.271101e-03 2.141593e-03 
172 1721 4.286244e-03 0 0 1.425028e-03 1.101357e-03 1.521479e-03 1.083385e-03 9.673858e-04 1.346576e-03 2.044655e-03 2.058889e-03 1.306089e-03 1.421518e-03 1.277982e-03 9.847875e-04 5.800608e-04 1.086140e-03 3.539829e-04 1.075701e-03 1.622409e-03 6.818516e-04 8.398967e-04 3.413002e-03 1.015888e-03 8.689899e-04 1.933159e-03 3.319134e-03 1.325361e-03 3.860821e-03 2.255136e-03 2.127833e-03 
173 1731 4.229771e-03 0 0 1.409517e-03 1.084566e-03 1.499534e-03 1.067236e-03 9.559882e-04 1.329076e-03 2.014660e-03 2.028766e-03 1.287773e-03 1.402723e-03 1.259770e-03 9.708353e-04 5.713492e-04 1.077330e-03 3.488461e-04 1.060915e-03 1.602844e-03 6.722083e-04 8.275983e-04 3.360613e-03 1.004234e-03 8.554816e-04 1.903020e-03 3.277300e-03 1.309138e-03 3.804334e-03 2.224555e-03 2.096105e-03 
174 1741 4.160216e-03 0 0 1.388489e-03 1.064330e-03 1.472747e-03 1.049467e-03 9.414071e-04 1.309130e-03 1.988600e-03 2.000075e-03 1.265002e-03 1.380867e-03 1.236215e-03 9.538077e-04 5.617979e-04 1.063146e-03 3.426508e-04 1.042557e-03 1.575571e-03 6.606196e-04 8.144510e-04 3.303147e-03 9.889261e-04 8.424714e-04 1.868889e-03 3.216378e-03 1.287195e-03 3.733800e-03 2.182311e-03 2.056314e-03 
175 1751 4.036204e-03 0 0 1.350069e-03 1.030113e-03 1.429420e-03 1.018519e-03 9.140290e-04 1.267689e-03 1.927650e-03 1.936546e-03 1.230195e-03 1.338887e-03 1.197251e-03 9.237341e-04 5.442751e-04 1.030905e-03 3.335239e-04 1.010943e-03 1.526023e-03 6.395987e-04 7.889012e-04 3.197438e-03 9.588474e-04 8.166768e-04 1.810669e-03 3.116397e-03 1.246315e-03 3.614732e-03 2.114429e-03 1.992924e-03 
176 1761 3.978714e-03 0 0 1.334570e-03 1.014361e-03 1.407071e-03 1.002618e-03 9.026726e-04 1.247280e-03 1.899882e-03 1.911621e-03 1.213498e-03 1.316882e-03 1.177510e-03 9.098241e-04 5.357891e-04 1.017940e-03 3.309215e-04 9.952229e-04 1.505270e-03 6.302957e-04 7.761177e-04 3.154666e-03 9.429444e-04 8.034254e-04 1.783314e-03 3.066490e-03 1.225735e-03 3.554647e-03 2.079582e-03 1.961264e-03 
177 1771 3.892602e-03 0 0 1.317704e-03 9.917400e-04 1.373957e-03 9.804473e-04 8.808618e-04 1.221643e-03 1.857371e-03 1.867054e-03 1.186932e-03 1.286664e-03 1.149441e-03 8.884929e-04 5.230717e-04 9.974227e-04 3.233334e-04 9.738750e-04 1.469854e-03 6.160048e-04 7.572927e-04 3.083806e-03 9.258247e-04 7.849868e-04 1.741451e-03 2.996607e-03 1.197226e-03 3.468582e-03 2.036113e-03 1.915219e-03 
178 1781 3.861331e-03 0 0 1.312678e-03 9.823888e-04 1.360199e-03 9.719472e-04 8.722540e-04 1.211626e-03 1.842518e-03 1.848678e-03 1.177464e-03 1.276569e-03 1.140082e-03 8.797350e-04 5.175864e-04 9.965934e-04 3.201189e-04 9.655013e-04 1.454929e-03 6.107960e-04 7.496810e-04 3.053823e-03 9.183371e-04 7.799490e-04 1.727791e-03 2.969329e-03 1.185050e-03 3.433391e-03 2.015702e-03 1.896195e-03 
179 1791 3.876415e-03 0 0 1.324561e-03 9.855486e-04 1.364331e-03 9.746901e-04 8.738638e-04 1.215421e-03 1.845607e-03 1.855482e-03 1.181179e-03 1.279634e-03 1.143137e-03 8.831299e-04 5.186520e-04 1.006650e-03 3.230538e-04 9.695867e-04 1.459263e-03 6.153778e-04 7.512318e-04 3.059566e-03 9.209020e-04 7.832599e-04 1.739119e-03 2.980641e-03 1.188684e-03 3.437974e-03 2.018491e-03 1.898685e-03 
180 1801 3.874778e-03 0 0 1.328272e-03 9.839952e-04 1.361690e-03 9.756313e-04 8.714247e-04 1.216238e-03 1.841186e-03 1.850950e-03 1.179184e-03 1.278782e-03 1.141336e-03 8.810580e-04 5.180247e-04 1.007876e-03 3.227737e-04 9.685586e-04 1.463092e-03 6.142604e-04 7.512791e-04 3.056666e-03 9.215531e-04 7.819685e-04 1.746682e-03 2.975376e-03 1.190442e-03 3.428347e-03 2.013413e-03 1.894392e-03 
181 1811 3.891193e-03 0 0 1.333777e-03 9.869726e-04 1.366380e-03 9.847688e-04 8.729300e-04 1.222109e-03 1.849217e-03 1.860871e-03 1.182908e-03 1.281011e-03 1.144693e-03 8.829456e-04 5.205692e-04 1.012357e-03 3.239107e-04 9.726323e-04 1.468850e-03 6.170360e-04 7.525563e-04 3.065778e-03 9.266872e-04 7.852517e-04 1.757447e-03 2.983378e-03 1.195077e-03 3.435050e-03 2.018902e-03 1.900425e-03 
182 1821 3.917428e-03 0 0 1.344028e-03 9.979490e-04 1.374199e-03 9.941018e-04 8.785661e-04 1.235553e-03 1.859429e-03 1.871459e-03 1.194191e-03 1.290847e-03 1.150427e-03 8.886585e-04 5.241011e-04 1.019410e-03 3.256882e-04 9.782436e-04 1.478638e-03 6.197875e-04 7.567496e-04 3.082042e-03 9.312488e-04 7.885985e-04 1.774592e-03 3.001746e-03 1.206134e-03 3.458600e-03 2.030938e-03 1.910107e-03 
183 1831 3.921428e-03 0 0 1.344593e-03 9.965823e-04 1.374629e-03 9.951171e-04 8.796346e-04 1.238344e-03 1.860959e-03 1.875745e-03 1.196884e-03 1.295643e-03 1.151706e-03 8.882162e-04 5.262294e-04 1.019325e-03 3.257697e-04 9.796126e-04 1.477594e-03 6.219722e-04 7.568180e-04 3.084055e-03 9.301728e-04 7.873721e-04 1.786038e-03 2.998119e-03 1.205539e-03 3.454746e-03 2.029093e-03 1.908349e-03 
184 1841 3.959922e-03 0 0 1.363944e-03 1.004793e-03 1.388448e-03 1.004936e-03 8.914206e-04 1.249757e-03 1.877882e-03 1.895785e-03 1.207733e-03 1.306040e-03 1.161348e-03 8.959655e-04 5.329901e-04 1.033576e-03 3.288715e-04 9.873131e-04 1.491726e-03 6.277873e-04 7.627124e-04 3.112343e-03 9.448208e-04 7.992329e-04 1.805630e-03 3.023368e-03 1.216481e-03 3.481805e-03 2.046075e-03 1.922975e-03 
185 1851 4.003890e-03 0 0 1.386987e-03 1.013408e-03 1.406341e-03 1.014597e-03 9.050692e-04 1.264190e-03 1.895715e-03 1.914990e-03 1.220710e-03 1.318865e-03 1.174662e-03 9.047032e-04 5.389484e-04 1.044847e-03 3.327608e-04 9.967002e-04 1.506645e-03 6.344621e-04 7.694510e-04 3.145684e-03 9.574118e-04 8.078263e-04 1.829566e-03 3.056013e-03 1.229915e-03 3.514026e-03 2.072392e-03 1.940135e-03 
186 1861 3.950091e-03 0 0 1.368790e-03 9.992453e-04 1.388169e-03 1.000900e-03 8.929113e-04 1.245534e-03 1.870384e-03 1.896564e-03 1.204752e-03 1.302941e-03 1.158659e-03 8.915782e-04 5.310301e-04 1.029649e-03 3.282498e-04 9.818284e-04 1.484255e-03 6.250537e-04 7.579149e-04 3.098246e-03 9.469244e-04 7.959533e-04 1.808554e-03 3.012362e-03 1.212214e-03 3.465013e-03 2.043868e-03 1.917141e-03 
187 1871 3.897109e-03 0 0 1.349581e-03 9.844520e-04 1.367725e-03 9.858450e-04 8.817738e-04 1.227715e-03 1.845407e-03 1.876531e-03 1.186595e-03 1.287598e-03 1.142051e-03 8.784063e-04 5.234025e-04 1.014941e-03 3.241823e-04 9.670989e-04 1.462513e-03 6.168526e-04 7.464172e-04 3.075213e-03 9.324410e-04 7.835844e-04 1.784814e-03 2.969327e-03 1.194192e-03 3.411329e-03 2.014656e-03 1.888271e-03 
188 1881 3.860850e-03 0 0 1.335946e-03 9.753260e-04 1.354782e-03 9.775195e-04 8.728102e-04 1.218032e-03 1.824449e-03 1.858879e-03 1.174004e-03 1.282627e-03 1.129255e-03 8.715530e-04 5.181156e-04 1.005944e-03 3.218740e-04 9.582399e-04 1.445326e-03 6.101037e-04 7.390814e-04 3.047045e-03 9.226443e-04 7.767687e-04 1.767204e-03 2.948898e-03 1.182970e-03 3.371792e-03 1.992014e-03 1.867760e-03 
189 1891 3.927976e-03 0 0 1.357385e-03 9.910031e-04 1.380610e-03 9.930693e-04 8.885656e-04 1.237279e-03 1.857756e-03 1.897741e-03 1.192630e-03 1.322470e-03 1.149276e-03 8.850843e-04 5.266354e-04 1.028887e-03 3.267457e-04 9.779554e-04 1.466607e-03 6.196666e-04 7.515149e-04 3.095292e-03 9.378597e-04 7.896978e-04 1.796989e-03 3.017749e-03 1.203197e-03 3.422226e-03 2.023202e-03 1.895840e-03 
190 1901 4.060498e-03 0 0 1.404623e-03 1.023600e-03 1.424896e-03 1.024267e-03 9.174662e-04 1.277682e-03 1.918296e-03 1.965688e-03 1.232894e-03 1.376738e-03 1.189031e-03 9.125600e-04 5.434560e-04 1.067409e-03 3.373779e-04 1.010700e-03 1.514301e-03 6.502784e-04 7.757220e-04 3.201942e-03 9.737548e-04 8.147992e-04 1.862354e-03 3.126744e-03 1.241268e-03 3.534001e-03 2.088504e-03 1.956217e-03 
191 1911 4.097442e-03 0 0 1.417331e-03 1.033984e-03 1.437583e-03 1.031647e-03 9.237951e-04 1.290455e-03 1.932361e-03 1.985556e-03 1.242706e-03 1.396766e-03 1.203294e-03 9.210188e-04 5.482195e-04 1.079639e-03 3.396805e-04 1.023851e-03 1.525729e-03 6.570785e-04 7.819676e-04 3.230155e-03 9.831671e-04 8.208737e-04 1.882897e-03 3.155192e-03 1.254292e-03 3.568389e-03 2.103898e-03 1.972369e-03 
192 1921 4.069425e-03 0 0 1.407736e-03 1.029914e-03 1.427841e-03 1.026527e-03 9.184741e-04 1.278447e-03 1.917875e-03 1.973441e-03 1.233526e-03 1.389513e-03 1.194440e-03 9.127681e-04 5.436807e-04 1.071269e-03 3.373557e-04 1.021501e-03 1.513178e-03 6.522065e-04 7.758710e-04 3.204681e-03 9.756621e-04 8.143603e-04 1.869070e-03 3.130519e-03 1.244708e-03 3.538771e-03 2.086596e-03 1.954114e-03 
193 1931 4.123851e-03 0 0 1.429415e-03 1.049479e-03 1.458684e-03 1.039658e-03 9.327171e-04 1.296444e-03 1.941493e-03 2.001850e-03 1.247097e-03 1.407013e-03 1.212687e-03 9.248698e-04 5.502793e-04 1.085117e-03 3.415879e-04 1.047872e-03 1.534269e-03 6.606609e-04 7.840924e-04 3.240457e-03 9.868209e-04 8.263603e-04 1.902275e-03 3.169307e-03 1.259216e-03 3.579125e-03 2.115170e-03 1.976730e-03 
194 1941 4.196079e-03 0 0 1.456730e-03 1.074919e-03 1.483093e-03 1.056360e-03 9.492346e-04 1.316771e-03 1.972496e-03 2.039011e-03 1.269745e-03 1.430441e-03 1.234008e-03 9.412866e-04 5.599599e-04 1.103325e-03 3.483949e-04 1.076523e-03 1.557928e-03 6.711760e-04 7.960904e-04 3.295256e-03 1.002427e-03 8.415681e-04 1.942827e-03 3.220495e-03 1.280454e-03 3.632922e-03 2.150491e-03 2.007791e-03 
195 1951 4.161533e-03 0 0 1.444497e-03 1.068485e-03 1.471389e-03 1.046207e-03 9.411607e-04 1.302834e-03 1.954094e-03 2.020069e-03 1.257636e-03 1.418069e-03 1.222529e-03 9.356776e-04 5.540938e-04 1.092719e-03 3.447942e-04 1.073734e-03 1.543477e-03 6.657497e-04 7.882515e-04 3.270960e-03 9.927290e-04 8.352751e-04 1.931102e-03 3.191076e-03 1.268316e-03 3.598909e-03 2.129815e-03 1.989752e-03 
196 1961 4.123685e-03 0 0 1.429351e-03 1.067692e-03 1.456091e-03 1.035700e-03 9.371299e-04 1.289432e-03 1.932109e-03 1.999242e-03 1.243934e-03 1.404196e-03 1.208551e-03 9.271942e-04 5.484798e-04 1.081346e-03 3.414203e-04 1.066628e-03 1.528742e-03 6.590354e-04 7.793013e-04 3.239478e-03 9.832675e-04 8.267450e-04 1.914847e-03 3.156773e-03 1.254073e-03 3.560176e-03 2.106816e-03 1.967693e-03 
197 1971 4.089274e-03 0 0 1.417943e-03 1.061646e-03 1.442568e-03 1.025869e-03 9.333727e-04 1.276523e-03 1.913078e-03 1.979637e-03 1.231962e-03 1.389156e-03 1.198976e-03 9.174901e-04 5.432629e-04 1.070291e-03 3.378895e-04 1.059323e-03 1.519835e-03 6.556230e-04 7.708638e-04 3.222215e-03 9.739323e-04 8.201468e-04 1.897658e-03 3.124465e-03 1.243304e-03 3.523575e-03 2.084994e-03 1.950953e-03 
198 1981 4.039731e-03 0 0 1.400439e-03 1.050605e-03 1.423355e-03 1.013540e-03 9.225799e-04 1.258895e-03 1.886327e-03 1.950655e-03 1.216040e-03 1.369724e-03 1.182798e-03 9.065054e-04 5.379026e-04 1.056649e-03 3.336399e-04 1.047251e-03 1.499278e-03 6.480508e-04 7.596994e-04 3.192024e-03 9.603520e-04 8.085602e-04 1.875780e-03 3.085487e-03 1.226900e-03 3.472734e-03 2.056005e-03 1.924334e-03 
199 1991 4.005817e-03 0 0 1.387739e-03 1.041816e-03 1.413139e-03 1.008552e-03 9.141847e-04 1.245272e-03 1.867634e-03 1.934123e-03 1.203790e-03 1.357228e-03 1.171990e-03 8.998175e-04 5.342025e-04 1.045620e-03 3.303899e-04 1.042167e-03 1.487912e-03 6.428484e-04 7.520177e-04 3.175651e-03 9.580652e-04 8.002666e-04 1.860194e-03 3.061173e-03 1.214685e-03 3.438422e-03 2.043582e-03 1.908208e-03 
200 2001 3.978383e-03 0 0 1.380737e-03 1.036636e-03 1.401172e-03 1.002160e-03 9.080387e-04 1.233428e-03 1.854437e-03 1.920633e-03 1.194495e-03 1.346057e-03 1.162704e-03 8.956892e-04 5.304551e-04 1.036727e-03 3.276423e-04 1.044282e-03 1.477817e-03 6.371891e-04 7.455486e-04 3.148956e-03 9.553493e-04 7.928854e-04 1.846253e-03 3.034484e-03 1.204202e-03 3.411316e-03 2.026355e-03 1.893781e-03 
